0	0	0	0	0	-3.469447e-18	1.0842022e-19	0
-0.03684551	-0.067122615	-0.09664183	0.123299149864657	-0.0019575893	-0.00162992	-0.0013448517	0.447227975282854
-0.036158543	-0.017218807	-0.2889937	0.291755524688182	-0.0014746416	-0.0012281709	-0.0018719599	0.313532894325128
0.014624462	-0.0096931976	-0.24139937	0.242036131197181	-0.00083717231	-0.0001205791	-0.0010993118	0.231788399568636
-0.027120241	-0.053491495	-0.1937195	0.20279075962549	-0.0016281167	-0.0010823981	-0.00098835737	0.226408758512604
0.035315897	-0.02785514	-0.18279413	0.188246687534711	-0.0007122544	-0.00049446507	-0.00064480786	0.191365102891657
-0.044068958	-0.10918943	-0.0063417348	0.11791786244333	-0.0047235898	-0.0005747513	-0.0017304055	0.596032366563442
0.01542044	-0.21894785	0.27302324	0.350310777124418	-0.0082224689	-0.00054109572	-0.00046653515	0.688432950856837
0.092080767	-0.17965901	0.14547574	0.24883612771066	-0.0068947502	0.0002123496	-0.00012231189	0.364766025147804
0.015660131	-0.16608331	0.15343801	0.226654204629549	-0.0074257423	0.00018018093	-0.00080482512	0.160242305025668
-0.0046776295	-0.16130887	0.085131167	0.182454781667124	-0.0061751379	-0.00045631493	-0.00084993295	0.190029443387682
-0.010286423	-0.15102067	0.11164025	0.188086678649622	-0.006284202	-0.00018888894	-0.00071299341	0.0680775579521028
-0.0080706731	-0.16937818	0.09694399	0.195325986037495	-0.0063293259	0.00015126273	-0.00073849817	0.0558085363177811
-0.0035640415	-0.16810623	0.10050272	0.195890795301936	-0.0057210091	-0.00050516899	-0.00035968347	0.0915154714284886
-0.0040421805	-0.16634894	0.080508149	0.184850942972235	-0.0059849424	-0.00073997631	-0.00056804042	0.0575848784158811
-0.039226417	-0.16559901	0.10833226	0.201736517418998	-0.0059811671	-0.0004738825	-0.00078400522	0.0880499729397628
-0.025841426	-0.1866558	0.1026255	0.214569709468982	-0.0060354565	-6.1877377e-05	-0.00054377108	0.0754749739750799
-0.0078847478	-0.19844519	0.10464673	0.224485190562092	-0.0064208033	-3.591769e-05	-0.00048584339	0.0552290069303482
-0.01929158	-0.19235242	0.10547137	0.22021768418642	-0.0066136535	-0.00048987341	-0.00078587504	0.0656661204338955
-0.020277103	-0.18589458	0.11548016	0.219780852516944	-0.0060185269	-0.00052538033	-0.00042654574	0.0669502934641254
-0.036468581	-0.19532736	0.12894975	0.23687712635412	-0.0066640128	-0.00042299209	-0.00077854721	0.0940876278466018
-0.01557232	-0.2192129	0.12129135	0.251014709253093	-0.006388342	-0.00033750737	-0.0006758477	0.0756329524527972
-0.013960117	-0.20968072	0.12802513	0.246071784481458	-0.0065374677	-0.00067058849	-0.00031834675	0.0598635513209157
-0.013822507	-0.21771431	0.13203482	0.254997600323951	-0.0063631158	-0.00028783351	-0.00021899154	0.0450039943700938
-0.027194863	-0.24454964	0.13595589	0.281119353697696	-0.006587715	-0.00023788958	-0.00047577337	0.0706950039408628
-0.035399512	-0.2132738	0.13085076	0.252706866960231	-0.007022667	-0.00023330432	-0.00075408083	0.0804778547836624
-0.037471273	-0.23861491	0.15305477	0.285949181139414	-0.0066352133	-0.00021863329	-0.0004180605	0.0865241337997754
-0.030687245	-0.28353814	0.13702582	0.316404265437465	-0.0062920202	0.00031696855	-0.00037339078	0.113909440595503
-0.050565951	-0.2364651	0.10450772	0.26342840100897	-0.0055920554	0.0002356185	-0.00033966645	0.140221804284323
-0.045455153	-0.23938076	0.10400909	0.264928688508925	-0.0054659862	-0.0001277757	-0.0001933259	0.0403152853893213
-0.055620847	-0.25617984	0.10634712	0.282898389842921	-0.0057798803	0.00017402159	-0.0004239055	0.0716163533527599
-0.049049322	-0.23762078	0.14649716	0.283427043460101	-0.0049665751	0.00016885042	-0.00054286474	0.112152404375715
-0.069844166	-0.27790891	0.21098106	0.355843473258043	-0.0069947309	-1.0387027e-05	-0.00078482117	0.248034340427977
-0.073908876	-0.28593969	0.17219582	0.341870485263574	-0.0058118343	-0.00015518812	-0.00079522513	0.11778580919542
-0.069291936	-0.32557206	0.25511659	0.419384087848478	-0.0071133946	0.00033598094	-0.0006132081	0.225907394646993
-0.087979729	-0.32054578	0.22414783	0.400914304414835	-0.0069759897	8.2718205e-05	-0.00080312722	0.0837121706964807
-0.076858587	-0.30155716	0.21811622	0.380024536799916	-0.005756075	-0.00021345938	-0.00052873915	0.125665385870611
-0.06723369	-0.34395004	0.24781467	0.429225010634547	-0.0057680554	-0.00054381879	-2.8526079e-05	0.123843870714133
-0.077862171	-0.35263405	0.24141256	0.434388437942344	-0.0052710091	-0.00078702437	-0.00023271188	0.0729364847464666
-0.07543595	-0.34577486	0.26483804	0.442029437697834	-0.0050747102	-0.0009810311	-0.00010975113	0.0583742099651556
-0.077192791	-0.36302788	0.26426634	0.455614603691168	-0.0053546394	-0.0010449852	-0.00043282922	0.0529296303835008
-0.13207543	-0.35448772	0.26003652	0.459047333696857	-0.0049713371	-0.001311085	-0.00081487171	0.119224848227252
-0.10097343	-0.399484	0.28304172	0.49989570420491	-0.0055346392	-0.0012067324	-0.00024070066	0.161194766730905
-0.092102521	-0.39196692	0.26356013	0.481232670206896	-0.0052640054	-0.0013386055	-0.00011054334	0.0625027899493328
-0.13028198	-0.36055018	0.22913503	0.446623654303994	-0.0049073057	-0.0013450038	-0.00047629929	0.140463996303511
-0.15456484	-0.36293203	0.20397377	0.444089233163966	-0.0037796199	-0.0017257882	-0.00073219235	0.140044129862461
-0.18596131	-0.31788488	0.23558897	0.437189396640851	-0.0042478504	-0.0016921006	-0.0010029922	0.146694717244685
-0.19890312	-0.36404856	0.26569763	0.492634789444904	-0.0049424063	-0.0016159938	-0.0012713136	0.141163354260795
-0.22108417	-0.37494182	0.24457126	0.499274152973583	-0.0047780799	-0.0020944792	-0.0012958796	0.0875695697624988
-0.20564573	-0.37410152	0.23164385	0.485696393620918	-0.0045282383	-0.0016098852	-0.0012073216	0.0703558297289839
-0.19382387	-0.38784974	0.2164866	0.484625176171652	-0.0047291535	-0.0020249958	-0.0012262711	0.0724760948340674
-0.17930713	-0.3544185	0.26308764	0.476422739100325	-0.0056463956	-0.0020630825	-0.00081412838	0.162922594246315
-0.20557404	-0.35573475	0.2145756	0.463519779939157	-0.0044758123	-0.0023357706	-0.001248079	0.169956297445823
-0.19248021	-0.3755823	0.24317138	0.487075985207687	-0.0043085684	-0.0020446709	-0.0011522836	0.0892441099370323
-0.1807622	-0.36214047	0.25835149	0.480173078530941	-0.0046904395	-0.001773815	-0.0011423481	0.0734730748425869
-0.17008896	-0.37647739	0.26910355	0.493033670369171	-0.0040850905	-0.0020139536	-0.00089877461	0.0902152739789015
-0.1885377	-0.34595018	0.27669591	0.481444304124631	-0.0043191231	-0.0018235543	-0.0011767745	0.0916898994141551
-0.18936165	-0.35926865	0.27067333	0.488053121019458	-0.0048854186	-0.0021977472	-0.0011112698	0.0704646545119139
-0.18796281	-0.35278253	0.25554104	0.474433087527186	-0.005517203	-0.0024172577	-0.0011790393	0.0689704694519458
-0.19632384	-0.34026951	0.28579364	0.485802834751337	-0.0056198114	-0.0024108628	-0.001233359	0.0592927999974149
-0.21109723	-0.34926984	0.28189817	0.496002056343164	-0.0052777651	-0.002401585	-0.0010870679	0.0525499499101052
-0.2145285	-0.36121137	0.29882736	0.51555205577526	-0.0058094371	-0.0024548728	-0.0012786962	0.0711313946719195
-0.21749565	-0.3546917	0.28740147	0.505677925933072	-0.00672541	-0.0028646771	-0.0012664194	0.0878154082555598
-0.21457279	-0.34858976	0.29822961	0.506455529406081	-0.0072761902	-0.0034269048	-0.0014495709	0.0846609092688584
-0.22169292	-0.36917043	0.28933642	0.518796801361504	-0.006747146	-0.0029745661	-0.0012640095	0.0949412044853841
-0.23520882	-0.36841222	0.30496759	0.532969027056478	-0.0070919824	-0.0031022503	-0.001320577	0.0563596849098586
-0.25319131	-0.37246434	0.32607166	0.556020009969342	-0.007985544	-0.0035506714	-0.0019427144	0.14134468282409
-0.27202618	-0.36573082	0.34972945	0.574515416242739	-0.0077938223	-0.0039460794	-0.0019008276	0.0806770048563715
-0.31368922	-0.37450938	0.3345753	0.592113868966336	-0.0077552256	-0.003509299	-0.0021242181	0.100534129803056
-0.31527497	-0.40040228	0.34116299	0.613280097739556	-0.0077952251	-0.003532626	-0.0023738724	0.049715379967423
-0.33544861	-0.37516805	0.33109506	0.602412462062446	-0.00806206	-0.0040044565	-0.0025444514	0.100938019731244
-0.35358069	-0.38991019	0.35574816	0.635299940146462	-0.0081550375	-0.0045063412	-0.0030741194	0.113753829425375
-0.35239365	-0.39975162	0.37455122	0.651361081625572	-0.0083697565	-0.0044815775	-0.0028558656	0.0527183549576852
-0.37461977	-0.38713239	0.38518457	0.662252680196955	-0.0084548409	-0.0044961597	-0.00305868	0.06060274998133
-0.37651002	-0.37374072	0.37787831	0.651332432875083	-0.008077633	-0.0045490165	-0.00297723	0.0481639148867513
-0.3988559	-0.41793873	0.405776	0.705983691861804	-0.0090289106	-0.0047889773	-0.0033376455	0.172024273080263
-0.40921519	-0.40438368	0.37896801	0.688912175085067	-0.0082521339	-0.004376631	-0.0033546385	0.111028128877481
-0.40413787	-0.39901611	0.40371854	0.696799780099994	-0.0088163369	-0.0046819075	-0.003555933	0.0887341195495705
-0.38190263	-0.40894107	0.46016298	0.724453163217707	-0.0090374395	-0.0046877636	-0.0035226058	0.101618934977404
-0.40010411	-0.4508428	0.44063696	0.746661542915379	-0.0088392607	-0.0043933877	-0.0033642041	0.112177049922359
-0.42465491	-0.43751659	0.53577238	0.8116677905912	-0.010118215	-0.0045996997	-0.0040285192	0.240491495012563
-0.42467075	-0.44808757	0.52175127	0.808301988145941	-0.010099897	-0.0045655362	-0.0036958338	0.0438662749231927
-0.45418791	-0.45317398	0.50163136	0.814424542284095	-0.0098391365	-0.0046410627	-0.0037481098	0.0741516299618659
-0.47386972	-0.45407237	0.49374263	0.821289238581398	-0.0099993317	-0.0045908089	-0.0042999351	0.0665826446410941
-0.4821407	-0.45250601	0.51960009	0.840955169560553	-0.010095413	-0.0048520155	-0.0045771013	0.0674175049166643
-0.47608904	-0.46406004	0.51428494	0.840536432430937	-0.010113393	-0.0048407679	-0.0046974917	0.0304017399963496
-0.48712446	-0.48357194	0.51681693	0.859204166551979	-0.010320221	-0.0046489385	-0.0044315715	0.0663081899276855
-0.49813008	-0.48282274	0.5084444	0.860097135649965	-0.01131209	-0.0047279585	-0.0047077482	0.08748063292216
-0.46001126	-0.47926199	0.53682949	0.854100881464952	-0.01063089	-0.0052825617	-0.00403498	0.16549322835168
-0.42659903	-0.50547127	0.54339614	0.85601828377626	-0.010763973	-0.0057607845	-0.0036259297	0.117205964624649
-0.42475433	-0.50443462	0.53482931	0.849065908833566	-0.0093865042	-0.0062888183	-0.0033744568	0.119296949215071
-0.41244121	-0.50505778	0.53126355	0.841089812328859	-0.01016986	-0.0061968351	-0.0031824284	0.0698704089821611
-0.44414985	-0.5074179	0.54567525	0.867469591950055	-0.010157359	-0.0063560543	-0.0038138664	0.0886383694670803
-0.44912984	-0.50330106	0.534235	0.86048626101789	-0.010071483	-0.0063778082	-0.0035884243	0.0371906799747884
-0.42335962	-0.51383781	0.50798921	0.837445938737877	-0.0090239615	-0.0069410274	-0.0030649008	0.169265966934178
-0.41821582	-0.57867873	0.57177987	0.91471622068809	-0.0090764072	-0.0070181465	-0.0029513565	0.145930834995694
-0.40188564	-0.5455806	0.53419856	0.862866362909485	-0.009391434	-0.0060471417	-0.0026778653	0.164985757984932
-0.45255873	-0.53899315	0.56693849	0.903737943924905	-0.0088646016	-0.006599557	-0.0036768515	0.193912162267163
-0.50086882	-0.52456394	0.54694039	0.908394568571316	-0.0094570634	-0.0058267764	-0.0040303466	0.168674273513271
-0.51964744	-0.53079877	0.56724141	0.934635551084408	-0.010149667	-0.0061593176	-0.004583076	0.124208178879417
-0.47654549	-0.48772743	0.54427869	0.872475181539201	-0.0096658006	-0.006206008	-0.0041997224	0.154831529646405
-0.51940156	-0.49445998	0.52764505	0.890324632446804	-0.0099426664	-0.005699525	-0.0047694464	0.133875899299848
-0.49588158	-0.50180911	0.54539624	0.891721920145751	-0.010800517	-0.0055382003	-0.0046525941	0.105421678672723
-0.48942026	-0.49387189	0.55903855	0.892169117946111	-0.010983292	-0.0060323556	-0.0045776279	0.065635674735011
-0.52616106	-0.49696789	0.54682401	0.907104758373506	-0.011260533	-0.0053074232	-0.0050417599	0.125366608953617
-0.5289277	-0.51440094	0.56416426	0.928791769537996	-0.011746267	-0.0057365698	-0.0048574256	0.0925006845835396
-0.51933454	-0.49263449	0.55101881	0.903337608067099	-0.011796985	-0.0061232347	-0.0050394417	0.0754750098667276
-0.46285145	-0.52982646	0.57093422	0.906042728600723	-0.012705506	-0.0061701467	-0.0043966722	0.193500592884234
-0.48523839	-0.52091873	0.5757431	0.915583276164552	-0.012749155	-0.0056220579	-0.004654876	0.0786006296209499
-0.49488635	-0.51318073	0.57956883	0.918785605986089	-0.013308609	-0.005277936	-0.0049344822	0.0803707945047642
-0.50857255	-0.52469681	0.58971468	0.938997436016298	-0.013438449	-0.005140167	-0.0051434464	0.0591767899709825
-0.50554382	-0.53836269	0.61946821	0.963924168762685	-0.01453327	-0.0053250608	-0.0050911514	0.113048627252599
-0.53419119	-0.52773236	0.60136588	0.962030453204554	-0.014401653	-0.0055813753	-0.0054871373	0.0965758998308091
-0.56309051	-0.51356801	0.62972801	0.988625505399279	-0.014473329	-0.0054947232	-0.0058379665	0.096883664907918
-0.51995459	-0.53365483	0.6173961	0.967635363936027	-0.014661595	-0.0055167124	-0.0054020707	0.107862199813529
-0.5381338	-0.51744875	0.62600121	0.974278558986323	-0.014615485	-0.0059133888	-0.005682427	0.0791475348238503
-0.49745088	-0.53159484	0.66897156	0.988723115951192	-0.015111714	-0.0056470188	-0.0052751315	0.156294084565294
-0.50120103	-0.53768638	0.67814189	1.00009276503899	-0.015137823	-0.0060062716	-0.005240595	0.0400069349032812
-0.53044373	-0.53517163	0.67496965	1.01161418172853	-0.016022583	-0.0059148526	-0.0053184415	0.0876309635545289
-0.54317445	-0.54650773	0.6704101	1.02135149888007	-0.015397647	-0.0056603044	-0.0056229178	0.0878243943983629
-0.4977184	-0.52094326	0.64387984	0.966274668092056	-0.016279003	-0.0067670989	-0.0049634641	0.229930985151611
-0.48666674	-0.53273799	0.60856935	0.943933755922994	-0.014405218	-0.006776583	-0.0046191464	0.169536206208726
-0.40862541	-0.52059468	0.59932397	0.892850921239672	-0.015373108	-0.00657474	-0.0035207084	0.212838565332727
-0.36339988	-0.55747426	0.5854809	0.886354842944614	-0.014764958	-0.0063586979	-0.0028958436	0.168401024002109
-0.40252461	-0.51466285	0.52889576	0.840615629031338	-0.014856854	-0.0062839267	-0.0034567622	0.174900569629842
-0.34031378	-0.51741695	0.60923198	0.868733200965585	-0.01403541	-0.0066912693	-0.0022424069	0.267458239973677
-0.3795094	-0.49057584	0.54597831	0.826307663325545	-0.016557632	-0.0061907606	-0.0030227883	0.31944597032082
-0.41048674	-0.36730759	0.40422538	0.683236699265767	-0.021060427	-0.0061255185	-0.0044402368	0.595272603868672
-0.45373872	-0.31675288	0.41427766	0.691257688992035	-0.017457823	-0.0060146873	-0.0055255262	0.343795099922954
-0.48104503	-0.29742974	0.45705814	0.72716635955222	-0.018048133	-0.0054565629	-0.0061121404	0.176162358788701
-0.45617848	-0.26843283	0.44006604	0.688340838101446	-0.017410952	-0.004860075	-0.0059073866	0.142776694001024
-0.47647862	-0.2584924	0.45180678	0.705676670032978	-0.018566845	-0.0044922262	-0.0060762266	0.126610396668827
-0.4652065	-0.24926921	0.40777196	0.666955919126981	-0.017797064	-0.0044496216	-0.0061711281	0.109894484047759
-0.49439145	-0.23447732	0.44882992	0.707708143597833	-0.018539758	-0.0049492912	-0.0061285263	0.149283068886468
-0.52499857	-0.25697039	0.45104938	0.738310790275465	-0.018219502	-0.0043095734	-0.0065490106	0.124342554231274
-0.51228404	-0.26024214	0.43856213	0.722839989859885	-0.018647207	-0.0034650864	-0.0062032302	0.109372148496174
-0.48937282	-0.2534954	0.43835009	0.7041991736568	-0.018953172	-0.003926562	-0.0061084576	0.0729806597338132
-0.46966533	-0.26245111	0.43734982	0.693354867581005	-0.019069341	-0.0042177978	-0.0058600111	0.0624560349133221
-0.4909942	-0.25963778	0.4307891	0.702898520353954	-0.018944041	-0.0036402645	-0.0064093503	0.0933115442492159
-0.48653711	-0.2603356	0.43182471	0.700689349284757	-0.018852203	-0.003322429	-0.0061705728	0.0386130699031333
-0.46818391	-0.26385977	0.45079797	0.701453463576496	-0.019464153	-0.0031079894	-0.0063319161	0.0902372744932799
-0.46654034	-0.28835627	0.49447689	0.738455565379326	-0.020722951	-0.0034911679	-0.0061986667	0.158580280722327
-0.45714508	-0.32474364	0.49341092	0.7469232837875	-0.020160068	-0.0034885874	-0.0060159648	0.0842568696157481
-0.46469612	-0.26094871	0.4496172	0.697274938406335	-0.019898492	-0.0029470336	-0.0062348316	0.166239519609981
-0.4427804	-0.27427463	0.46774369	0.70004658046491	-0.020018215	-0.0035447492	-0.0061554656	0.0932083595505037
-0.46047854	-0.26671775	0.48133358	0.717538054183338	-0.020392797	-0.0032130067	-0.0061676064	0.0747681748144391
-0.4633464	-0.28059755	0.45984341	0.710549669748281	-0.01993771	-0.0031408586	-0.0062342721	0.0679328698022453
-0.43910691	-0.2900444	0.46804778	0.704279317276914	-0.020630299	-0.0028286016	-0.0059254899	0.107572119183107
-0.42483217	-0.33560606	0.53568608	0.761625483082991	-0.020981167	-0.0026453071	-0.0059067964	0.155117499897168
-0.41143295	-0.30195038	0.48868614	0.706587041882277	-0.020483472	-0.002366052	-0.0056237974	0.14705229465058
-0.40343872	-0.31908442	0.53295599	0.740688703274766	-0.020988134	-0.0026434574	-0.0058170952	0.11816637967271
-0.39310223	-0.30926349	0.49646397	0.704733810020574	-0.020696161	-0.0023349971	-0.0057642729	0.0893122198866939
-0.38162992	-0.32651005	0.54323671	0.73983534092515	-0.021364767	-0.0025262861	-0.0055304584	0.130177084336101
-0.36882678	-0.34639437	0.56014864	0.75484352822735	-0.022331865	-0.0019310992	-0.0050115459	0.153659257385256
-0.35650923	-0.35124199	0.54340462	0.73875459230498	-0.021503197	-0.0019547683	-0.0048112981	0.0865384337977465
-0.36323409	-0.33513126	0.55334182	0.741915854614408	-0.022501724	-0.0022403493	-0.0050122216	0.107024362860438
-0.33259328	-0.3762047	0.57190578	0.76106799131264	-0.022842361	-0.001975922	-0.0048100906	0.130637974861931
-0.34591059	-0.37258831	0.57092492	0.764481163469585	-0.022976252	-0.0016974382	-0.0048019304	0.0389413099500041
-0.33084795	-0.38163418	0.61064705	0.792461250180208	-0.023376504	-0.002295187	-0.0049141989	0.119344104418513
-0.3259177	-0.34807648	0.60308182	0.76882199807042	-0.023513391	-0.0020431136	-0.0048375102	0.069335634960348
-0.33697967	-0.3696123	0.59722889	0.779006352576942	-0.022718136	-0.00251138	-0.0045226347	0.117370563673249
-0.31763573	-0.39248143	0.60694663	0.789505124451916	-0.022956663	-0.0024626634	-0.0043206257	0.0763934399543122
-0.30841507	-0.38490568	0.63556069	0.804493398712906	-0.022883142	-0.0024777062	-0.0044448552	0.0560501349951708
-0.30357295	-0.39681004	0.60415814	0.78397818971242	-0.023377642	-0.0025379142	-0.0043997145	0.0781414647474367
-0.31304943	-0.41012476	0.59679161	0.788899543766362	-0.02281092	-0.0026181445	-0.0046037015	0.0727046946020402
-0.30298031	-0.41671223	0.60679104	0.796016028170005	-0.022921792	-0.0028464746	-0.004492832	0.0491595999695217
-0.28801709	-0.43596086	0.6292216	0.817884794754474	-0.024320733	-0.0027741346	-0.0041341514	0.148140484199373
-0.27672017	-0.41759478	0.62406862	0.800263141245916	-0.023604805	-0.0027703309	-0.0043654742	0.0823687042097311
-0.26424082	-0.41623323	0.6156157	0.788705269918361	-0.023504393	-0.0029817762	-0.0039266426	0.0598282648021393
-0.27124881	-0.41352082	0.5948504	0.773577652133287	-0.023532893	-0.0028240169	-0.0041577847	0.0513557699660446
-0.26640948	-0.41198482	0.60737378	0.780774238545171	-0.023205613	-0.0028405326	-0.0040824414	0.0398556599260669
-0.27742766	-0.40229794	0.59872439	0.772839332747882	-0.023694641	-0.0030567586	-0.0040593651	0.0657709647352668
-0.20239096	-0.46871993	0.62080777	0.803780293837377	-0.0239149	-0.0027798623	-0.0030041513	0.241160522485685
-0.13304331	-0.45599744	0.51103434	0.697703579094694	-0.0209856	-0.0022638451	-0.0016988681	0.429373532714527
-0.18908933	-0.36408557	0.4985995	0.645689196442316	-0.019539139	-0.0026094249	-0.0019981674	0.264959728553251
-0.20328197	-0.43932694	0.49634422	0.693317607063497	-0.017960078	-0.0025894845	-0.0023220046	0.187831211726557
-0.22902976	-0.41904622	0.48110488	0.67787629477786	-0.017986862	-0.0029944079	-0.0023614262	0.0848242998615146
-0.19118648	-0.42397676	0.52551626	0.701766273540753	-0.017392055	-0.0027859376	-0.0020029676	0.145271994446751
-0.16689929	-0.42876318	0.55918492	0.724141569226365	-0.018301884	-0.0018871403	-0.0018015884	0.163242541901262
-0.22282329	-0.4035608	0.532712	0.704481094712317	-0.018320976	-0.0012737553	-0.0028933728	0.193812366807943
-0.22229739	-0.40318563	0.54268561	0.711675806206998	-0.019489151	-0.0017829599	-0.0031209827	0.106124151379265
-0.22079069	-0.38409249	0.56133926	0.715106519675512	-0.020489119	-0.0021861566	-0.0033856008	0.122642627741708
-0.21381767	-0.3778275	0.54404495	0.696029111015467	-0.019808744	-0.0021176593	-0.0032631323	0.0740993593393528
-0.22838125	-0.36851571	0.5457388	0.696988279452249	-0.020078629	-0.0018484839	-0.002822764	0.0745406547405018
-0.26028909	-0.34863442	0.56144663	0.710294789168639	-0.020339471	-0.0024997442	-0.0034674649	0.1453371188293
-0.22085521	-0.36699038	0.56702241	0.71061478751775	-0.019953841	-0.0021882125	-0.0035670964	0.103205279815477
-0.2015795	-0.37553155	0.57057627	0.712190648459221	-0.019917637	-0.0014485132	-0.0032079372	0.0881238640601927
-0.21895992	-0.37427039	0.59308012	0.734687552729984	-0.020561927	-0.0018519968	-0.0035212907	0.109201784241863
-0.23503089	-0.41719387	0.5979574	0.76605698001815	-0.02060702	-0.0026943332	-0.0037229025	0.118323788737604
-0.20711573	-0.3868898	0.56774862	0.717578663610741	-0.020083004	-0.0017520467	-0.0032085764	0.187459437673737
-0.23788088	-0.39890177	0.54713832	0.717683966931915	-0.020478715	-0.0018071174	-0.0036756646	0.109280914658259
-0.22925536	-0.34958812	0.51845824	0.666009624823667	-0.019972435	-0.0020812866	-0.0036606462	0.126392629686705
-0.21773804	-0.40037725	0.56444999	0.725476110972377	-0.020214744	-0.0017592163	-0.0032933676	0.154881094797545
-0.25261985	-0.39973083	0.56589225	0.737452075511741	-0.020131695	-0.0018905397	-0.0038609912	0.0760702896130751
-0.23916593	-0.37819746	0.57497108	0.728577657947032	-0.021213752	-0.0015166168	-0.0037336858	0.123230382247358
-0.21420002	-0.37882446	0.56986186	0.717030096680015	-0.020620375	-0.0012761556	-0.0037435307	0.0728862845357694
-0.19561516	-0.40827078	0.59543876	0.747995747002596	-0.021213517	-0.0016418553	-0.0035465203	0.131400684447434
-0.1910788	-0.39472383	0.57625337	0.724144982869912	-0.020273829	-0.0013144199	-0.0034850122	0.103700273197718
-0.16917826	-0.38360104	0.58184932	0.71716084160401	-0.021184004	-0.00079260239	-0.003091273	0.129905863505969
-0.20849688	-0.39160748	0.56756983	0.720390782345189	-0.020941883	-0.0010413716	-0.0034697248	0.105071650325431
-0.18627146	-0.40155008	0.58983742	0.737460307806999	-0.021727039	-0.0010096484	-0.0035885644	0.101221548988051
-0.18809555	-0.41497311	0.57772313	0.735762619932456	-0.02079111	-0.00076234982	-0.0033981131	0.0960453522461016
-0.20927133	-0.41513726	0.59428828	0.754527662810075	-0.02189007	-0.00067801929	-0.0038018458	0.117256238596591
-0.18385231	-0.41600091	0.57377572	0.73217279782486	-0.02142451	-0.00057028027	-0.0037552389	0.077790525786958
-0.19409101	-0.42261076	0.57555142	0.739953114524572	-0.021984109	-0.00035532797	-0.003704304	0.0598985596139524
-0.18498379	-0.43398532	0.58034187	0.747903032894882	-0.021401359	-0.00085728278	-0.0034705903	0.0911931547976288
-0.17102919	-0.43330775	0.57098961	0.736909577064969	-0.021596434	-0.001103749	-0.002965698	0.0713061056852076
-0.17610475	-0.45109066	0.56517513	0.744257075265204	-0.020079913	-0.001087816	-0.003271662	0.120593842674175
-0.17149577	-0.42677075	0.59314002	0.750572551795665	-0.021427518	-0.0012567184	-0.0029862686	0.146988814842985
-0.16294093	-0.45126227	0.56619815	0.742137270360572	-0.021171905	-0.0014328459	-0.0026899304	0.0963921648996079
-0.18230694	-0.44720047	0.5686684	0.746061545650856	-0.021327196	-0.0013812506	-0.002664982	0.0374897949918795
-0.19434312	-0.44438952	0.58226768	0.757817223972738	-0.021218567	-0.0014313348	-0.003023143	0.0542901199013497
-0.2012963	-0.43398996	0.60762803	0.773355874495159	-0.021186412	-0.0013305823	-0.0027394478	0.063543224950232
-0.19564976	-0.45036333	0.63503923	0.802733318877284	-0.021743991	-0.0018520008	-0.0028783519	0.110326189337937
-0.19542953	-0.43304045	0.60725198	0.771019908787149	-0.021141291	-0.00085891614	-0.0032545329	0.143928640392582
-0.21878761	-0.43409719	0.61178791	0.781404399448567	-0.022021582	-0.0010611236	-0.0030480404	0.0934002965432901
-0.24122789	-0.3953894	0.57726195	0.740104743576215	-0.021368929	-0.0010516732	-0.0032512936	0.138941859403336
-0.2284567	-0.3980808	0.55310702	0.71874067832342	-0.021276574	-0.00085561032	-0.0033476717	0.0588573189807921
-0.23071767	-0.38291161	0.56768327	0.722576113195637	-0.022094108	-0.00089492511	-0.0033297331	0.0757457783615103
-0.26051573	-0.39175712	0.59442158	0.758075920616018	-0.021886337	-0.00050400882	-0.0037453003	0.116094604207346
-0.24468804	-0.39998717	0.60473884	0.765226135000757	-0.02207197	-0.00040969798	-0.0036928102	0.0509966969846244
-0.21278277	-0.40482207	0.58331453	0.741224160748339	-0.02209312	-0.00049026859	-0.0034221359	0.0767842254575764
-0.21456597	-0.40804528	0.59044092	0.74910612467311	-0.022729969	-0.00047033267	-0.0033233467	0.0499115054598685
-0.21433888	-0.43217196	0.60863311	0.776626049703568	-0.023479928	-0.00068300477	-0.0033460102	0.091810689101174
-0.22283067	-0.42806196	0.60289854	0.772254620333101	-0.022925004	-0.0015294305	-0.0030320845	0.104100129816185
-0.2764541	-0.41652902	0.58121742	0.766640061058921	-0.022821774	-0.00066226292	-0.003768793	0.172192791806181
-0.23822919	-0.42705024	0.6049163	0.777848818510258	-0.023541996	-0.00058427318	-0.0035141704	0.125086726186301
-0.19596936	-0.42747662	0.6139566	0.773358233543158	-0.023121045	-0.00067037141	-0.0033088325	0.0873458663252323
-0.1950439	-0.42068407	0.61071649	0.766806260301059	-0.02315325	-0.00029447133	-0.003332113	0.0325273988892479
-0.18941913	-0.43471551	0.61915946	0.779881797679628	-0.023692305	-0.00030510728	-0.0033898619	0.0584711721732656
-0.15762714	-0.44718858	0.62412969	0.783812357191753	-0.0234758	-0.0005883611	-0.0028797635	0.0997281506549945
-0.16744049	-0.42930438	0.60966551	0.764218949295413	-0.023416255	-0.00030282166	-0.0030113089	0.0659932219463162
-0.16378018	-0.44297668	0.61762478	0.777504119123946	-0.023603689	-0.00085345125	-0.0029405662	0.0657321941377378
-0.1762422	-0.43868966	0.62978865	0.787492015528144	-0.023896221	-0.00014606834	-0.002965578	0.0801592447103815
-0.16888982	-0.45560549	0.62885057	0.794703198186026	-0.024269022	-0.00028637141	-0.0030729237	0.0562287783837274
-0.20223225	-0.44491155	0.59792011	0.772238711931665	-0.023659789	-0.00028268862	-0.0034083715	0.122385008950266
-0.20485695	-0.42200042	0.57692733	0.743569679683355	-0.024396191	0.00020141387	-0.0034989143	0.112080973430133
-0.15797541	-0.43823834	0.5913027	0.752760224665141	-0.024884419	-0.0003717917	-0.0032910626	0.140959092846475
-0.13856886	-0.44976983	0.58423915	0.7502197100401	-0.023861152	-0.00061337577	-0.0031210963	0.109742456228235
-0.17023054	-0.42837149	0.58589006	0.74548489763396	-0.024482671	-0.00021892461	-0.0032287362	0.110891432369366
-0.13122309	-0.44721486	0.6162721	0.772665471981489	-0.025229807	-0.00067469977	-0.0028173946	0.168945496788877
-0.17010968	-0.4429654	0.62316413	0.783255502212094	-0.024532208	-0.00025356539	-0.003302869	0.130238467898767
-0.17364527	-0.44232822	0.62045756	0.781520644489251	-0.025448146	-5.2090341e-05	-0.0036891793	0.0820655057119818
-0.13047805	-0.44824949	0.63777994	0.79038938421734	-0.025238497	-0.00027225617	-0.0031194769	0.116386731023355
-0.12913132	-0.4584002	0.60316331	0.768512602170673	-0.025274711	0.00041635936	-0.0031015641	0.0832511858196068
-0.13500201	-0.47094214	0.62503537	0.794154428107567	-0.026124458	3.0703569e-05	-0.0030697211	0.10364697815215
-0.085575422	-0.47102269	0.5820165	0.753610465437924	-0.024655318	-0.00067502143	-0.0020470517	0.252402718383339
-0.10032842	-0.42186773	0.55855691	0.707123748140166	-0.023655165	-0.00040797527	-0.002170509	0.156900368872115
-0.069783266	-0.49240307	0.57148494	0.757578724757933	-0.023911117	-0.0011421658	-0.0022850674	0.169243569637446
-0.0038438372	-0.45132282	0.56066597	0.719759260345578	-0.022194411	-0.00026592192	-0.00093835421	0.314821785269792
0.015074727	-0.44181456	0.54908731	0.704928526040161	-0.020285158	0.00066618036	-0.0011177675	0.191043896501463
-0.0032505933	-0.47144516	0.57480253	0.743417146519118	-0.020702642	5.1747035e-05	-0.0010190582	0.130202470913141
0.059972051	-0.50419649	0.57586154	0.767741662722975	-0.021050023	0.00076651948	-0.0004390993	0.179138600295485
0.051393242	-0.52205281	0.56306486	0.769559899110515	-0.020854354	0.00063337389	-0.00046669285	0.0570522159794318
0.037449353	-0.50638457	0.59431968	0.781692822539331	-0.021398544	0.0011285111	-0.00070344898	0.124671115383714
0.03342737	-0.51624317	0.55961541	0.762098292050464	-0.021715554	0.001522049	-0.0010153086	0.0997052287434659
0.035915129	-0.4591367	0.53091187	0.702825596776948	-0.022373983	0.0012418032	-0.00067858556	0.152067660279924
0.053901024	-0.44944081	0.54775778	0.710591969861912	-0.021807187	0.0011420961	-0.00092819211	0.0903331770861872
0.083106926	-0.48051994	0.55711031	0.740390485754017	-0.021803767	0.0014291662	-0.0005792113	0.101611107362169
0.10014567	-0.48307357	0.57931814	0.760919665001078	-0.021714596	0.0013768834	-0.00038786467	0.0584402254836297
0.12485603	-0.46690084	0.58989102	0.762598739899763	-0.022342556	0.0014015159	-3.1077671e-05	0.101924944339461
0.10928977	-0.481246	0.5743005	0.757207389453446	-0.022224455	0.0017342124	-0.00010034979	0.0715054208691566
0.099813859	-0.45373992	0.5518216	0.72135275675403	-0.021986428	0.0021281266	-0.00023273905	0.0976774138397307
0.1044138	-0.46730468	0.55029036	0.729448686261941	-0.021948294	0.0019984736	-8.3566812e-05	0.0355439028884284
0.10869074	-0.46154889	0.57692594	0.74678282992237	-0.022569044	0.0016760436	-0.00018830041	0.0890639893294521
0.11400979	-0.47682104	0.56958789	0.7515230540956	-0.022103006	0.0018559262	6.079299e-05	0.0726799497448006
0.094560419	-0.4808242	0.58501779	0.763137863536845	-0.022377731	0.0020338733	-0.00020786077	0.0749487239046681
0.13134347	-0.50517137	0.60216196	0.796899144340336	-0.022969699	0.0017809023	0.00027537983	0.144683370299007
0.11583089	-0.48863622	0.58192173	0.768644944314521	-0.02217693	0.0016132996	0.00014335091	0.106907989947393
0.10167044	-0.48960828	0.5736978	0.761040282730942	-0.022230545	0.0018056963	-0.00014294406	0.049971773435954
0.11328816	-0.49449666	0.58537483	0.774612706805711	-0.02273866	0.0023972036	8.1017677e-05	0.0943623311221326
0.1196656	-0.49165827	0.56325074	0.757165177747432	-0.022285714	0.0022348582	5.6559063e-05	0.0633274204974586
0.082483637	-0.4902911	0.56775777	0.754677281032979	-0.022010331	0.0016639573	-0.00043986699	0.110191659963969
0.13662984	-0.4767717	0.60502187	0.782323737513833	-0.022486381	0.0017365539	0.00015470239	0.162090501336553
0.10628461	-0.53516731	0.59437369	0.806833657812876	-0.023002297	0.0019899493	7.482638e-05	0.141848390178956
0.11808818	-0.52311503	0.61898905	0.818988154302317	-0.023919514	0.0017138446	0.00027073182	0.117932565332896
0.13345691	-0.49036686	0.60070458	0.786839498656482	-0.0227396	0.0016815546	0.00026782135	0.127157090077695
0.17692551	-0.54623006	0.62499001	0.848694542892885	-0.023172897	0.0022253031	0.00050681093	0.184418983467154
0.14460183	-0.52700836	0.62480652	0.830078724088113	-0.022968755	0.0028120714	0.00028038487	0.102595687537211
0.16397796	-0.53536029	0.6261939	0.840010840329966	-0.022656426	0.0028450106	0.00077075939	0.070897575690787
0.15417205	-0.50508757	0.61440226	0.81016826120431	-0.022650302	0.0034080004	7.0111298e-05	0.115358363511671
0.18083532	-0.50923948	0.58876971	0.799172091832327	-0.022616955	0.0030598514	0.0003467404	0.089353984967908
0.19080674	-0.48351705	0.57931478	0.77833255360198	-0.022388103	0.0031761651	0.00088131794	0.089135941653485
0.19318582	-0.49563105	0.62413214	0.820068184332348	-0.02225265	0.0032684955	0.00054864695	0.0873331594164812
0.21527597	-0.54715878	0.59519584	0.836650800360482	-0.022036541	0.0025797164	0.00083919308	0.162325890747108
0.21465522	-0.52779555	0.60635002	0.832048888483754	-0.02237192	0.0029295733	0.00088863865	0.0678722333319449
0.22809845	-0.54951593	0.61468953	0.85547640441323	-0.022342501	0.0029004575	0.0010095873	0.0524772924962094
0.22360277	-0.57132245	0.64352089	0.889115671041776	-0.022588109	0.0024750348	0.00093514823	0.0924070483078681
0.24149573	-0.52693626	0.57281681	0.814923988804843	-0.021345121	0.003159443	0.0012339704	0.244294143775604
0.21487211	-0.59089432	0.6124814	0.877758273336159	-0.022097954	0.003452563	0.00060347322	0.214068777536463
0.2128639	-0.56068409	0.61427861	0.858496301334997	-0.021603987	0.0033580764	0.00071569273	0.069049305244195
0.21166024	-0.58802351	0.62650287	0.884916691913886	-0.022854415	0.0027864687	0.00095881397	0.144025182507778
0.19707347	-0.55664724	0.59730027	0.839917683418757	-0.021380798	0.0026713581	0.00071541916	0.166771753800057
0.1990546	-0.5351884	0.59506931	0.824716218453109	-0.021655537	0.0027920141	0.00063466469	0.0494784034520399
0.16867495	-0.54199078	0.57836617	0.810378103704055	-0.021537443	0.0022601926	0.00037229861	0.099499248645574
0.17888389	-0.51385381	0.57938686	0.794817159913969	-0.02091178	0.002932345	0.00025475088	0.110134755353722
0.18814443	-0.59769509	0.58086533	0.854425115938279	-0.022062408	0.0024741864	0.00041529549	0.183046847117338
0.18294385	-0.51073323	0.55550608	0.7764688592571	-0.021489098	0.0029378139	1.8045999e-05	0.1892310388192
0.19516367	-0.54733309	0.55946629	0.80663802237632	-0.021046421	0.0028491229	0.00050858801	0.103875390121905
0.2300095	-0.5293893	0.54003096	0.79043711881671	-0.021450168	0.0032211025	0.001224721	0.146817928490517
0.25677276	-0.54673925	0.56720157	0.828597416589652	-0.020660147	0.0032920309	0.0012952913	0.117859803971278
0.2863603	-0.57295699	0.59201819	0.872219852500977	-0.020892805	0.0028351548	0.0017590968	0.138288879567225
0.29336206	-0.58321769	0.59265889	0.881730532573536	-0.020734657	0.0034182281	0.0017447642	0.0556808545787742
0.283309	-0.55862549	0.57055654	0.84726689590442	-0.020678552	0.0034557352	0.001404757	0.0784285749176338
0.27782803	-0.54997493	0.55910366	0.832020276500267	-0.021325925	0.0038187175	0.0012245003	0.0851150093229356
0.28725947	-0.52881398	0.55827503	0.820873460205422	-0.021238395	0.0030393562	0.0011000964	0.0809857790083684
0.29564131	-0.47792286	0.53329101	0.774734371017522	-0.021046149	0.0034039095	0.00088094579	0.123054475362335
0.26635261	-0.49772493	0.5612021	0.796003527530957	-0.021079576	0.0034871794	0.00086186136	0.0837909264987048
0.25546902	-0.49610181	0.57302983	0.799840366657538	-0.020215437	0.0036759822	0.00062672877	0.0887381581145543
0.25475431	-0.48390529	0.5701295	0.790007427132056	-0.020914322	0.0039096993	0.00056813809	0.06537119826181
0.24125278	-0.48557426	0.58581542	0.798226140978891	-0.02080489	0.0035394482	0.00043510331	0.0614923138866225
0.24770744	-0.49459836	0.55831985	0.78594374382017	-0.020885793	0.0036020409	0.00034877676	0.0544654424970457
0.21835872	-0.48507032	0.5826879	0.788986016828784	-0.022338372	0.0034855431	9.90888e-05	0.154183041579024
0.19651596	-0.47351777	0.54883814	0.751039882402495	-0.021464358	0.0034056545	-0.00046273694	0.143031485238523
0.21133511	-0.49807041	0.54653334	0.769048342932898	-0.021884977	0.0040089191	0.00021555024	0.126785127737452
0.2253643	-0.48934406	0.58112457	0.792434503684348	-0.021456716	0.0035700168	0.00027732718	0.103793781659729
0.20557053	-0.50607585	0.60892645	0.818024101275327	-0.022838415	0.002945156	-5.4416568e-05	0.181242611320254
0.20543226	-0.48932285	0.59603973	0.798061792544477	-0.021735347	0.0032295366	-0.0001149557	0.102177373755441
0.21438272	-0.51569021	0.59103501	0.813153568749558	-0.022678381	0.0039610242	-5.9040869e-05	0.126844358987026
0.2256085	-0.53161083	0.62212045	0.848848116068912	-0.022822674	0.0031549174	0.00027112681	0.122260212777477
0.20299208	-0.49610265	0.60219384	0.806201615486904	-0.02210825	0.0035376822	7.4062586e-05	0.142763860307553
0.19090608	-0.52020931	0.60192746	0.818156173779612	-0.021939955	0.0037581836	9.7046692e-05	0.0570480652677088
0.19983811	-0.51406257	0.61967004	0.829570102255969	-0.022446111	0.0035124159	0.00029068252	0.0800993260837934
0.21968751	-0.52264939	0.64619045	0.859643579972871	-0.023615218	0.0030339312	0.00042109856	0.143857013438094
0.21699851	-0.50877869	0.5980505	0.814621697041385	-0.022089971	0.0037409154	0.00055082658	0.18279760286697
0.19016572	-0.51445824	0.61404872	0.823338394768915	-0.022245261	0.0038310353	0.00022816399	0.0769141844206884
0.19200115	-0.50413997	0.60309653	0.809164368624178	-0.022583945	0.0041963978	4.6027989e-05	0.0674150148548676
0.18589984	-0.50355389	0.62742912	0.825707315742165	-0.022371027	0.003537736	4.5052911e-05	0.0746477232845766
0.21723049	-0.51902972	0.62984228	0.844560378957311	-0.022587883	0.0034998922	0.00027517312	0.0734606404032536
0.21740867	-0.51586224	0.65250434	0.859733850774658	-0.02251242	0.0032564416	0.00070995377	0.0636924322978188
0.20556244	-0.4976518	0.65990681	0.851698437632927	-0.023012402	0.0038416103	0.00041552982	0.106437871768993
0.21611041	-0.50480457	0.64949378	0.850513687992111	-0.022732234	0.003911469	0.00050534679	0.0501059534519645
0.19843285	-0.51228539	0.633735	0.838708511338459	-0.022690753	0.0039709673	0.00029071571	0.0566976789788139
0.18947472	-0.50492742	0.6549418	0.848410944280055	-0.022731471	0.0044118024	-2.9868046e-05	0.0776297425527392
0.20537037	-0.52150094	0.63301681	0.845488321053222	-0.021864525	0.0049807497	-0.000102406	0.129815720958035
0.20189523	-0.52781887	0.64268068	0.855799567579987	-0.022309116	0.0054592717	-0.00053470649	0.0872276139203296
0.18312842	-0.51593045	0.6384006	0.84099677379242	-0.023167259	0.0051359595	-0.00084934886	0.109740187048145
0.1933709	-0.50525874	0.65179134	0.847060003903025	-0.022983387	0.0049513097	-0.00096414631	0.058470892470781
0.2267755	-0.5207632	0.63355763	0.850891713677896	-0.022788485	0.0051246495	-0.00043294444	0.11211495316145
0.20818496	-0.52553226	0.68283808	0.886449647396284	-0.024034563	0.0046630438	-0.0002089728	0.169222812740849
0.24720296	-0.58701577	0.61484236	0.885284104291851	-0.022670892	0.0045411707	-0.0003608883	0.25037020470584
0.25088374	-0.57726261	0.63928826	0.897142269249547	-0.023699625	0.0043112117	8.9962426e-05	0.123356973815619
0.2493406	-0.60073389	0.58111188	0.87220580053106	-0.023184508	0.0042583261	0.00017984461	0.116085038913421
0.24916272	-0.58534798	0.6102719	0.881558909351774	-0.022347666	0.0042257022	-5.5395028e-05	0.0999590856518821
0.2190428	-0.55464557	0.61809455	0.858866886829483	-0.02330191	0.0037252611	-2.0341734e-05	0.14313189762856
0.22008418	-0.57365032	0.60291796	0.860826232414496	-0.02340087	0.0043637465	-0.00042019961	0.0920878831225247
0.25932853	-0.58290838	0.6352568	0.900324756902988	-0.023084629	0.0045067733	0.00010356149	0.12999269462868
0.27529555	-0.61082475	0.63077802	0.920204013019659	-0.023409674	0.004640244	-8.1258257e-05	0.0805289422603473
0.2892823	-0.6190595	0.66720995	0.955032999959971	-0.023050135	0.0048635992	0.00013315166	0.098518635709424
0.23744718	-0.61778891	0.67728822	0.946976046983084	-0.024672148	0.004695143	-0.00044302193	0.181516110201141
0.28922922	-0.61502766	0.68598726	0.965655779845588	-0.02510986	0.0050892154	0.00013793397	0.133879344289298
0.24715351	-0.62241035	0.6895154	0.961202886038948	-0.026586948	0.0043268637	3.1555474e-05	0.170277442160497
0.22087162	-0.56123694	0.6090696	0.857167984111719	-0.025854457	0.0047754552	-0.00037879893	0.247472944049198
0.19189531	-0.52084877	0.60968694	0.82451526123964	-0.025056763	0.0051472557	-0.00085338174	0.152185684112769
0.2246451	-0.53680915	0.59961745	0.835566018230897	-0.025230037	0.0051927768	-0.00049648631	0.0875641863942584
0.19870073	-0.51867819	0.58665777	0.807883892639024	-0.024826908	0.005559263	-0.00075821936	0.10860242222361
0.23600456	-0.48502416	0.5817657	0.793346026536334	-0.024755824	0.0056786949	-0.001108991	0.102914306905788
0.25131276	-0.50796383	0.57754972	0.809165641262137	-0.024202048	0.0060658552	-0.00062118699	0.113900864783474
0.22843865	-0.53215441	0.61365017	0.843764815595732	-0.02443923	0.0056580727	-0.00082090007	0.125399018814339
0.22861321	-0.54035252	0.60154079	0.84029528601003	-0.024633178	0.0057196032	-0.00074059389	0.0372712839832367
0.22598661	-0.5290309	0.58961187	0.823763193095564	-0.024372533	0.0062930337	-0.0009453812	0.077820280052391
0.26860617	-0.52258672	0.56955196	0.818312647844495	-0.024985642	0.0064095404	-0.00051100048	0.127323470345807
0.21369386	-0.52778172	0.60221605	0.828783916739134	-0.025608429	0.0065932385	-0.0011094004	0.163015650037434
0.22307345	-0.54946018	0.58750094	0.834760808855698	-0.025465549	0.006665644	-0.00099290438	0.0623622359898385
0.22757044	-0.52579232	0.60504219	0.833259815791433	-0.025497262	0.0060964544	-0.00080228928	0.0852819846013293
0.24593644	-0.54225429	0.60950928	0.852071599074512	-0.025914316	0.0060501134	-0.0011200648	0.0783535857818151
0.26223729	-0.53882405	0.58610147	0.83822114400742	-0.025008606	0.0062987696	-0.0007659488	0.118563008327618
0.26679245	-0.54943641	0.60041808	0.856481436343822	-0.02549616	0.0058932523	-0.00054167376	0.0853514465961212
0.25811386	-0.53470977	0.59806805	0.842747112299031	-0.025950141	0.0062961346	-0.00058144166	0.0705868196687056
0.25009109	-0.53822583	0.60656308	0.848617326829746	-0.025870852	0.0063686773	-0.00074422274	0.0357644989891802
0.27151347	-0.54556211	0.64389181	0.886540604396758	-0.026122225	0.0059184622	-0.00041833022	0.117461420704685
0.27224621	-0.53829989	0.64065658	0.879957739854973	-0.02486588	0.0055764304	-0.00020068086	0.102031493763872
0.28741993	-0.55879299	0.6089307	0.875017953665429	-0.024350393	0.0053547698	-0.00024126304	0.106279188691799
