0	0	0	0	0	0	0	0
-0.034439509	-0.021902875	-0.013146465	0.0428794269483972	-0.00031972669	-0.00053634623	-0.00016357524	0.120471256601354
-0.035879783	-0.015554341	-0.022641194	0.0451876091181754	-3.0786767e-05	-0.00091261429	-0.00064606049	0.0746681982547659
-0.026149704	-0.020092019	-0.097474214	0.102901499705795	0.00010279981	-0.00054883203	-0.00051253511	0.120645487739778
0.10548243	0.07557637	-0.034715035	0.134325963224289	0.0005385976	-0.0013499927	-0.00041018377	0.35702519075402
0.1787485	0.080655665	-0.12189565	0.230900220956509	0.0019263126	-0.00060676768	-0.001203191	0.311723335038266
0.10521867	-0.019272668	-0.2770273	0.296962167950224	0.0047620673	-0.00070507678	-0.00058165606	0.506369701990031
0.058728716	-0.00012497535	-0.22042324	0.228112872135582	0.0049245873	-0.00011827915	-0.00093388758	0.177319163629071
0.066302721	-0.029280004	-0.23624911	0.247117404126128	0.0048726224	-0.00078990621	-0.00089770655	0.0905435525184434
0.067210292	0.0032632456	-0.2242575	0.234135213987177	0.004709592	-0.0003655491	-0.001056887	0.082770828423366
0.062888472	-0.0132188	-0.23068165	0.23946548860046	0.0052476982	-0.00010947025	-0.00073111438	0.0832258986683763
0.086366152	-0.033951953	-0.18480348	0.206795003672506	0.0047316335	-0.0007255489	-0.00032525883	0.166988947087237
0.05724427	-0.045076942	-0.15394368	0.170315864674571	0.0037385435	-0.00099964896	-0.00040276074	0.138341267415684
0.074249001	-0.046814546	-0.20875039	0.226453618191091	0.0034140834	-0.00171645	-0.00023645795	0.133927240651976
0.056575194	-0.025231907	-0.22934107	0.237559946320374	0.0022441053	-0.0016714447	-0.00052500912	0.135023851113251
0.084308718	-0.03282903	-0.25159112	0.267364539167779	0.0024762126	-0.0019332672	-0.00016064714	0.100495285835781
0.043099729	-0.019122801	-0.27911846	0.283073105170256	0.0022425773	-0.0015173805	-0.00052941466	0.133357033719096
0.060247633	-0.025783801	-0.28846727	0.295817422639984	0.0023605748	-0.0020839635	-0.00023796975	0.0819589840660819
0.035596193	-0.0073125082	-0.32662884	0.328644124931534	0.0022761138	-0.0018332362	-0.00043530093	0.107910276749899
0.069627249	-0.014099556	-0.35606658	0.363084233581688	0.0026309255	-0.0022692269	0.00032348383	0.147735200624129
0.052206286	-0.011820265	-0.37219739	0.376026743843302	0.0029335233	-0.0020823608	6.0708104e-06	0.0761749098420576
0.049023907	0.021643822	-0.37915166	0.382920069686962	0.0020657212	-0.0020669949	0.00014059317	0.0944852526134108
0.045338071	-0.00091655949	-0.37557787	0.378305587055011	0.0018558363	-0.0019974936	-0.00013404739	0.0575213454268814
0.029680721	-0.015377057	-0.40895949	0.410323364606649	0.0024756099	-0.0018448701	-1.6523558e-05	0.107995513603239
0.045644787	-0.005297078	-0.40012182	0.402751755372619	0.0023483739	-0.0023063137	0.00020419371	0.0753515581686092
0.041973704	-0.013066763	-0.41900815	0.421307918142064	0.0026130767	-0.0014835165	-2.1044363e-05	0.0959640004270757
0.055530788	-0.013496407	-0.42659847	0.430409196026469	0.0026175231	-0.0019461399	0.00026153084	0.0590592978967204
0.033167258	-0.011745472	-0.4068605	0.408379100317329	0.0027235673	-0.003178109	-0.00021607904	0.134633589875085
6.7804816e-05	-0.019135543	-0.38971657	0.390186081935226	0.002444914	-0.0027900187	-0.00056244093	0.108288728430582
0.015927575	-0.031471154	-0.39470169	0.396274583172235	0.0021971343	-0.0029495442	8.3217413e-05	0.0858286777331028
0.012662795	-0.040320072	-0.41312356	0.415279581017862	0.0017546988	-0.0029986693	-0.00012444538	0.0654967374506663
0.0062694783	0.0092762079	-0.40695681	0.407110795234583	0.0011381121	-0.0031597881	-0.00026504263	0.108071483597135
0.0016551925	0.020671335	-0.41981328	0.420325152491797	0.0015529616	-0.0032745776	-0.00027221169	0.0557062857481072
0.0071246193	0.012453768	-0.40544177	0.405695557528426	0.0011144462	-0.0034043598	-0.00017563064	0.0613024361178927
0.0037442579	0.0034529963	-0.39977823	0.399810674985802	0.0014787049	-0.0037463038	-0.00018685208	0.0539158799160106
-0.020147795	-0.0014787289	-0.41386768	0.414360443130258	0.0020777883	-0.0034779166	-0.00051139944	0.102514125540565
-0.028007681	0.0045958867	-0.38032818	0.381385732391328	0.0014328917	-0.0034393765	-0.00061812883	0.0869823055385831
-0.010360506	-0.0081787625	-0.37496444	0.375196699752438	0.0010976125	-0.0037183335	-0.00049394674	0.0727064785722665
-0.020448454	-0.0053945999	-0.4064693	0.407019081643061	0.0020632227	-0.0034397362	-0.00064311843	0.114045928172331
-0.02249871	-0.017397953	-0.38548145	0.386529208487996	0.0019807005	-0.0033581929	-0.00070167607	0.0461726160972813
-0.01396493	-0.022837542	-0.36251286	0.363499857303805	0.0014272604	-0.0035534781	-0.00065540063	0.0766919956311187
-0.022330642	-0.025504233	-0.35657225	0.358179972839232	0.0016897273	-0.0036338496	-0.00065717411	0.0342036069612495
-0.013542333	-0.0075750624	-0.36044853	0.360782370872813	0.0010296481	-0.0037854787	-0.0003972637	0.0841746944569927
-0.032030503	0.0083497054	-0.3640926	0.365594163079035	0.0010446068	-0.0037425725	-0.000726608	0.0574174677254051
-0.04292177	-0.0032764121	-0.36701121	0.369527051082659	0.0011885825	-0.0032442161	-0.00068272905	0.0597465467357494
0.0089701172	-0.017031871	-0.31806086	0.318642838137439	0.00039710573	-0.0035879911	-0.0001476211	0.198115680663208
-0.041807079	-0.049804275	-0.33211498	0.338420829150908	0.0011333493	-0.0031964578	-0.0011426379	0.203743400691187
-0.057441512	-0.042164574	-0.31559592	0.323540049023446	9.8536422e-06	-0.0030695169	-0.0013165913	0.111012688920347
-0.048826111	-0.08288527	-0.35399171	0.366829780480104	0.00051437533	-0.0032687949	-0.0010602157	0.135740651070861
-0.043588976	-0.020145947	-0.36073708	0.363919082896434	-7.4069451e-05	-0.0038940417	-0.0011002709	0.137409166116139
-0.064785643	-2.895328e-05	-0.39697813	0.402229805056155	0.00055096284	-0.0039374571	-0.0013573494	0.123831019725728
-0.067278111	-0.012971116	-0.40243951	0.408230514879833	0.00086203016	-0.0035410609	-0.001408522	0.0588278165272511
-0.069012977	-0.01542065	-0.38010875	0.386630636741823	0.0006566204	-0.0035885307	-0.0013488826	0.0421411079812792
-0.070029437	0.0084558526	-0.37009629	0.37675839388326	-0.00010820009	-0.0036494479	-0.0015216284	0.0848295961567437
-0.068611059	-0.0017978554	-0.38401427	0.390099563271703	0.00058971285	-0.0035690389	-0.0013026619	0.075454487268834
-0.060562846	0.0035801514	-0.35850827	0.363605356751052	-1.4946675e-05	-0.003424908	-0.001219119	0.0805488855819819
-0.075417129	-0.010362104	-0.35030839	0.358484427346993	0.00037103423	-0.0033660304	-0.0013971639	0.0681415885180165
-0.10420902	-0.00066142019	-0.35690975	0.371812488992894	0.00027577192	-0.0035640511	-0.0017601707	0.0779084251923663
-0.1060188	-0.027153699	-0.35217814	0.36879093212372	-2.3979541e-06	-0.0034945816	-0.0017078294	0.0530327024691604
-0.076846048	0.0050169184	-0.34807874	0.356495853837654	-0.00090823434	-0.0040742041	-0.0014973083	0.150241766721383
-0.088352917	0.011697431	-0.36957371	0.380168114072673	-0.00075434108	-0.0039788133	-0.0015169028	0.0531262795905829
-0.082324667	-0.020121447	-0.38956568	0.39867736637524	-6.1637163e-05	-0.0039164221	-0.0013410204	0.104387973145688
-0.064114242	-0.009633235	-0.35747539	0.363307156135758	-0.00043246694	-0.0039907489	-0.0012370409	0.0882457307405639
-0.050741798	0.048158036	-0.19921081	0.21113709602177	-0.00063651161	-0.0037300278	-0.0016447092	0.27304999830423
-0.053034674	-0.074618964	-0.30285537	0.316389066771525	0.00024286326	-0.0028266922	-0.0014169452	0.329238156522975
-0.061466007	-0.054547842	-0.34268182	0.352398023322909	0.002342714	-0.00283308	-0.001788721	0.19222960260331
-0.077189145	-0.029116501	-0.29511284	0.306427027315117	0.0015669515	-0.0027616638	-0.0017652328	0.13225680302659
-0.088294887	-0.041212748	-0.32047528	0.334961016775285	0.0021280356	-0.0033245919	-0.001762817	0.104885828260369
-0.087692778	-0.041488484	-0.28402352	0.300134432431812	0.0017292297	-0.0030903165	-0.0017887974	0.0702826898410328
-0.087180355	-0.062128604	-0.22689498	0.250881863996016	0.0017014324	-0.0028063333	-0.0018839178	0.0986261279504492
-0.090878648	-0.031781619	-0.26548557	0.282403236254109	0.0020763106	-0.0025486304	-0.0020711266	0.11362536284092
-0.083407782	-0.098756179	-0.23874476	0.271493464776405	0.0015889105	-0.0030430038	-0.0019327894	0.15719177050154
-0.089477608	-0.08542729	-0.26828586	0.295434200603257	0.0019104665	-0.0029860604	-0.0019422918	0.0683399049303462
-0.086958497	-0.072545165	-0.27195009	0.294586884664583	0.0016630892	-0.0030311191	-0.0020281605	0.0379807009669521
-0.10651357	-0.065232117	-0.30120115	0.326071314966173	0.0024098203	-0.0029647204	-0.0022099032	0.10586280511942
-0.083189702	-0.048175215	-0.31772889	0.331953348227996	0.0020370573	-0.0036091304	-0.0016537383	0.135575403976189
-0.10016964	-0.021266922	-0.33511435	0.350410996295787	0.0025235001	-0.0029687616	-0.0017913694	0.124495825207688
-0.14997893	-0.041899685	-0.29068102	0.329764640971837	0.0013100359	-0.003450528	-0.002521533	0.236145088233507
-0.1736761	0.035641394	-0.09453284	0.200923255289025	-0.001489886	-0.0033321058	-0.0029093047	0.462692173145563
-0.11643104	0.0016226853	-0.22349391	0.252008626816926	0.0011103067	-0.0038018774	-0.002385519	0.399912301559834
-0.10733487	0.025742026	-0.24665847	0.270229212046445	0.00058452632	-0.0048529082	-0.0024140491	0.136647131978312
-0.13084709	0.042067996	-0.26698637	0.300287194223631	0.0014990714	-0.0045989055	-0.0028151412	0.13864808223785
-0.14030781	0.049325156	-0.27955078	0.316651055832803	0.0015747197	-0.0049848416	-0.003114854	0.0673471498232514
-0.095487917	0.045447422	-0.28770068	0.306520948275819	0.0022090123	-0.0051138463	-0.002530475	0.124231341048115
-0.10784574	0.034597848	-0.2966706	0.317554971031377	0.0021244952	-0.0050829933	-0.0030006846	0.0614563017820937
-0.12256533	0.059416442	-0.30865112	0.337369363717577	0.0014267159	-0.0053561258	-0.0033161644	0.115838283184332
-0.11275037	0.047789374	-0.33054959	0.352504612241623	0.0023002134	-0.0054909656	-0.0031959315	0.0997690066027782
-0.088604324	0.057922256	-0.34879463	0.364504331782852	0.0024613163	-0.0056147158	-0.0025812035	0.0975030225033828
-0.092519107	0.043690474	-0.32884257	0.344392332264566	0.0021013998	-0.005784265	-0.002633911	0.0672072848924083
-0.099644423	0.038421211	-0.35927312	0.374809785416875	0.0022890118	-0.0054964798	-0.0024752241	0.0745293339282624
-0.081627851	0.036644791	-0.34185691	0.353372457445483	0.0016699136	-0.0056209693	-0.0022228957	0.0870050064681572
-0.092442043	0.0219716	-0.36182524	0.374093286255757	0.002433693	-0.0055431091	-0.0021106736	0.0931487970678273
-0.099989407	0.043674772	-0.35501714	0.371406161654924	0.0012000814	-0.0055346645	-0.0020965877	0.0988657370889365
-0.095466267	0.026521796	-0.3846409	0.39719747701967	0.0020108669	-0.0058670565	-0.0024039202	0.123825374752622
-0.099293362	0.002274194	-0.36955042	0.382664156431967	0.0020518881	-0.0057017105	-0.0023100376	0.0581776669887147
-0.087082633	0.0070113928	-0.34748665	0.358300874304587	0.00085261959	-0.0059031161	-0.0019911196	0.124991299621982
-0.084262971	0.0020381489	-0.36511761	0.374720257611992	0.0024234376	-0.005711068	-0.0020965585	0.118839108307916
-0.063136327	0.011159695	-0.35294099	0.358717266104831	0.0023561908	-0.0058234265	-0.0019171282	0.0603765900843763
-0.079827402	0.012001199	-0.35046839	0.359645012862266	0.0016355451	-0.0055994583	-0.0021386107	0.0783099981742657
-0.057255353	-0.00033716487	-0.37341205	0.377776187990332	0.0021331561	-0.0060430846	-0.0017109494	0.126299002268456
-0.073525537	0.00089879233	-0.38043837	0.387479245621037	0.0019316944	-0.0061271146	-0.0018316424	0.0448416961780664
-0.073182993	0.022637804	-0.37393975	0.381705589773641	0.0014859294	-0.0061888279	-0.0019090453	0.0578242354840101
-0.072961895	0.005637644	-0.37302177	0.38013216391907	0.002166184	-0.0062457562	-0.001863528	0.0572742473436165
-0.079775044	0.018365915	-0.37508816	0.383917298713114	0.002106536	-0.0059406284	-0.001788217	0.043612149939484
-0.061214409	0.013547907	-0.35798112	0.363429817062049	0.0014706294	-0.0062060177	-0.0014736977	0.101276442360519
-0.050194436	0.026880793	-0.36642466	0.370822180962497	0.00092573198	-0.0063792049	-0.00097680445	0.0935452918965288
-0.059788433	0.01330878	-0.35790456	0.363108047851431	0.00075842369	-0.006626645	-0.001301713	0.0686689568872242
-0.07854761	0.015525578	-0.37053531	0.379087307312896	0.00058288612	-0.0062671208	-0.0018597439	0.0882613580298955
-0.07587483	0.020078454	-0.39630502	0.404002231453936	0.00075673773	-0.0063159255	-0.0016426818	0.0549812864675043
-0.073191031	0.016721108	-0.39332148	0.400422663071137	0.0014042331	-0.0063372531	-0.0014045074	0.054374552906285
-0.072344725	0.02705801	-0.36968825	0.377670884936274	0.00055877008	-0.0063130785	-0.0015051004	0.083327967738801
-0.051124495	0.022513647	-0.39865216	0.402547044409608	0.0011270937	-0.006609938	-0.0013361086	0.106437248553019
-0.066802445	0.023363461	-0.39405577	0.400360297529824	0.0014245448	-0.0066852131	-0.0017054288	0.0582264738393365
-0.074477283	0.028687953	-0.37963371	0.38793249167704	0.0010500276	-0.0066009871	-0.0018453641	0.057355314883607
-0.080764753	0.023196262	-0.38955321	0.398513130673542	0.0012823101	-0.006478075	-0.0020476156	0.0495709659527855
-0.042890565	0.022922925	-0.39323994	0.396235676672077	0.00094414696	-0.0066207585	-0.0014064657	0.0979340813643025
-0.063302299	-0.0051186122	-0.36232822	0.367852035821345	0.00056346811	-0.0067156597	-0.002101926	0.137917007882519
-0.07331992	0.0017571137	-0.36619788	0.373469925742161	0.0004499612	-0.0063740309	-0.0023911037	0.0579786772635081
-0.054648633	-0.0060432385	-0.4058947	0.409601637336115	0.0012769944	-0.0067836533	-0.001971811	0.148965872724745
-0.058699024	0.018209628	-0.37213154	0.377172439387109	0.0010531278	-0.0065716825	-0.0022077627	0.0956558724294172
-0.06598575	-0.026853555	-0.37965037	0.386276631522459	0.0013633044	-0.0062472476	-0.0020561958	0.0991776588594309
-0.065215762	-0.0152465	-0.36243408	0.368570229021468	0.0012505184	-0.0062782842	-0.0023105049	0.0494999179626842
-0.051852209	-0.0048551268	-0.37509618	0.378694293705379	0.0011857409	-0.0066599659	-0.0018759956	0.0804654509126871
-0.046671224	0.010117864	-0.35878675	0.361950972228482	0.00070296237	-0.0068262569	-0.0018018087	0.0726262270551451
-0.062323651	0.0035510479	-0.36647042	0.371749130664934	0.00049929388	-0.0062841851	-0.0020715324	0.0806761122096785
-0.036819979	0.027701754	-0.3714613	0.374308155703195	0.0002636389	-0.0068351152	-0.0017474656	0.110177851653457
-0.054282397	0.012110689	-0.3382436	0.342785618649733	8.5768393e-05	-0.0068649926	-0.0022048091	0.0995257531389302
-0.047134759	0.011055435	-0.33921565	0.342653126870236	-0.00017292643	-0.0067672097	-0.0021347873	0.0304999181112689
-0.06455659	0.020528984	-0.3808903	0.386867436120683	-0.0012016902	-0.0064602377	-0.0024237381	0.149804356121148
-0.055118035	0.017467318	-0.41008132	0.414137409555472	-0.00048787153	-0.0067932703	-0.0024796836	0.0968310786649394
-0.082487102	-0.020053466	-0.35956875	0.369453582296253	-0.00015311579	-0.0063671479	-0.0025686604	0.157895167759181
-0.036131006	0.04159167	-0.30939102	0.314258046618701	-0.00055353225	-0.0069134409	-0.0022942648	0.219234214483555
-0.086691352	0.035809167	-0.13911727	0.167783496700583	-0.0040577282	-0.0071201039	-0.0031868828	0.456790355355387
-0.17359109	0.069001247	-0.032472015	0.189603455593782	-0.007438202	-0.0065082363	-0.0035893043	0.446475136906356
-0.20782893	0.19147269	0.043497413	0.285913763394618	-0.0071191775	-0.0074773659	-0.0039895269	0.317097543902511
-0.19283663	0.21083258	0.065465752	0.2931247300112	-0.005216413	-0.0069846747	-0.0044191834	0.197576124233547
-0.12878476	0.19325082	-0.017381634	0.23288090312312	-0.0042606044	-0.0064017689	-0.0036721743	0.278767187899781
-0.10434611	0.17072014	0.060504883	0.209031858195337	-0.0050098394	-0.0070535169	-0.0033390128	0.211563070469976
-0.05091385	0.18292003	0.084275155	0.20773603261663	-0.0054100166	-0.0076535428	-0.0024526185	0.183732289965524
-0.075703274	0.21267195	0.069725502	0.236266776420794	-0.0059547974	-0.0081366456	-0.0028276737	0.139237936318351
-0.044381766	0.22572375	0.039096735	0.233344181746624	-0.0067997907	-0.0085603598	-0.0022227612	0.168683073123423
-0.059205903	0.22743652	0.026238276	0.236476545786697	-0.0067969723	-0.0084836464	-0.0025415159	0.0493096909315867
-0.066234719	0.24751534	0.020924345	0.257077244714509	-0.0069377994	-0.0084462168	-0.0026960385	0.0490605319863855
-0.070043731	0.24097889	0.027660233	0.252471856189253	-0.0073314653	-0.0088792509	-0.0024565125	0.0703926496751007
-0.061197166	0.22073239	-0.0012099652	0.229061880585419	-0.0072490103	-0.0089377317	-0.0020790885	0.0838812530864079
-0.03295066	0.22030445	-0.017180741	0.223416594158865	-0.0073043163	-0.0093764655	-0.0015225622	0.0971735262646082
-0.017012504	0.23701765	-0.031509241	0.239707371543448	-0.0077971208	-0.0092670184	-0.0011659487	0.0949231106534513
-0.049234274	0.23978095	-0.036142635	0.247437280505491	-0.0078835398	-0.0092810883	-0.001762184	0.0744546735570672
-0.03926602	0.2509692	-0.052072644	0.259304685511911	-0.0077956304	-0.0094628867	-0.0016535528	0.0560034629833961
-0.036993745	0.26276278	-0.042767946	0.268778557417649	-0.0080236265	-0.0094958801	-0.0012992886	0.0541332378826064
-0.028916432	0.27550433	-0.046899671	0.280959739158955	-0.0089678078	-0.0096974763	-0.0013146339	0.0830067262293462
-0.042864358	0.28372791	-0.059189994	0.292988626894356	-0.008846035	-0.0097986797	-0.0015578662	0.0577722539640992
-0.025514644	0.29928774	-0.03895968	0.302889427082651	-0.0092065699	-0.010239488	-0.0012098191	0.110609372636083
-0.02225414	0.30148596	-0.014515516	0.302654474655518	-0.0097021936	-0.01036192	-0.0010587544	0.0683589077353563
-0.0057542379	0.29959736	0.030843222	0.301235777616339	-0.010193875	-0.010587627	-0.00082773398	0.111167680802724
-0.025029361	0.30826837	0.017948268	0.309803158761697	-0.010312051	-0.01029367	-0.00099361091	0.0697415835341343
-0.024925447	0.29889695	0.0027741972	0.299947263360673	-0.0097969157	-0.010395613	-0.00059164987	0.0756013713777001
0.0024079218	0.31586897	0.0297582	0.317276779426884	-0.010858454	-0.011443644	-0.00011584132	0.200558278985305
0.008591069	0.34834751	0.054154938	0.352636571415312	-0.012066489	-0.011871522	-8.3416313e-05	0.146475321713929
-0.021439147	0.34387637	0.031918773	0.346019367865861	-0.011807067	-0.011969637	-0.00042172902	0.091530006230989
-0.010752266	0.34309899	0.060072333	0.348484165142719	-0.012233195	-0.012314121	-0.0004598335	0.0800536447535137
-0.0013106002	0.35501191	0.10776005	0.371008628323837	-0.012761228	-0.012869793	-0.00039741516	0.126348469135324
-0.023129389	0.32971589	0.083796409	0.340982953995212	-0.012292068	-0.013279776	-0.00056509555	0.12341961893147
-0.049442856	0.34222575	0.070515107	0.352895792391636	-0.012294014	-0.013145296	-0.00092846435	0.0770943688949789
-0.081213424	0.33287675	0.052500435	0.346639361013079	-0.012120272	-0.013253977	-0.0012841569	0.0910400173926468
-0.048996384	0.32457187	0.074412351	0.336577988617378	-0.012642486	-0.013279992	-0.0010717694	0.100464660683313
-0.056991554	0.32528672	0.068472625	0.337265455998808	-0.012247994	-0.013264317	-0.0011025042	0.0366948358720306
-0.056760566	0.2963448	0.061363404	0.307908216340759	-0.0114304	-0.013374959	-0.0010927251	0.0831828828585745
-0.035229095	0.3045217	0.08111743	0.317103441096457	-0.011720253	-0.01296017	-0.0005651298	0.111074261494633
-0.031005055	0.3259156	0.093482829	0.34047221777519	-0.01242457	-0.012851181	-0.00036313707	0.0887482747522472
-0.037321305	0.3223698	0.10754295	0.341878127193954	-0.012545791	-0.012883545	-0.00044761987	0.0358255609949622
-0.039306284	0.30056615	0.10803608	0.321802406873344	-0.012294206	-0.012780201	-0.0004986662	0.0445805254642484
-0.023549733	0.31050567	0.13795802	0.340588866977241	-0.013105637	-0.012762183	-0.00038369625	0.102838957383775
-0.0083991522	0.29780918	0.1263889	0.323627884294851	-0.012593597	-0.012980575	-9.4856232e-05	0.0903797913484106
-0.026842237	0.30340074	0.10315698	0.321580281177861	-0.012368153	-0.013213382	-0.00018372426	0.0746225161483792
-0.035143029	0.29839989	0.10336616	0.317745322345511	-0.012546602	-0.013242999	-0.00012119007	0.0270408314875979
-0.030245938	0.30850209	0.15033997	0.344514822437974	-0.013918515	-0.013617954	-0.00025279381	0.15589668250597
-0.034170151	0.32648156	0.13148848	0.353619892839906	-0.013785595	-0.013486512	-0.00031094678	0.0568809214899667
-0.0040384056	0.32257877	0.12899863	0.347439229386061	-0.013720735	-0.014025454	0.00030128243	0.0973259450952255
-0.0067573297	0.35478687	0.11233344	0.372207182052288	-0.013600399	-0.013883363	0.00042156884	0.0707278845867671
-0.017907594	0.35402906	0.10410943	0.369453692175728	-0.013669002	-0.013990654	0.00026022483	0.0369939847880041
-0.042003015	0.35228828	0.10404874	0.369726149724409	-0.013731125	-0.01416915	-6.9702027e-05	0.0544241837628336
-0.061082815	0.34787492	0.10867975	0.369539386687526	-0.01437134	-0.014014227	-0.00038483116	0.083637526030373
-0.052586137	0.35015123	0.073673745	0.361661452711539	-0.014242856	-0.014270333	-0.00015996698	0.0762517019368976
-0.041387894	0.36395173	0.038832719	0.368350104662237	-0.0138208	-0.014376058	0.00019904845	0.104179590244506
-0.022941629	0.36708722	0.052013475	0.371462982018502	-0.013674278	-0.014084521	0.00050299589	0.0718628328833243
-0.01489483	0.38498907	0.086435948	0.394853913602047	-0.014740481	-0.014094748	0.00082765205	0.130425427403608
0.017185851	0.37365133	0.091354403	0.385040643092193	-0.014472155	-0.014319804	0.0013815572	0.100701233081953
-0.030234595	0.37293726	0.094333744	0.385869389675029	-0.014633483	-0.013981135	0.00070960734	0.109711199278251
-0.049929282	0.36823826	0.10125116	0.38515470493064	-0.014264082	-0.014369508	0.00034449909	0.0874552151715468
-0.035612082	0.37712141	0.1319477	0.401122143243243	-0.014723975	-0.014264167	0.00054756977	0.0923121237774766
-0.035536586	0.34109369	0.11791791	0.362646367417515	-0.013856914	-0.014098758	0.00051225296	0.103522345132455
-0.007915249	0.36490011	0.14999107	0.394603677788853	-0.014664083	-0.014479718	0.0008463605	0.159612742711515
-0.00030513135	0.35530428	0.19835791	0.406923930177407	-0.015235416	-0.014583878	0.00094308352	0.104183588257229
0.016060136	0.37329137	0.23046467	0.438996969241274	-0.015605923	-0.014607972	0.0013648653	0.107278256087687
-0.017584722	0.38752194	0.20920217	0.440735776131108	-0.015416194	-0.014251042	0.00091570517	0.118928884202254
-0.017878976	0.36900563	0.18515913	0.413241716404409	-0.01507661	-0.014407174	0.0010847399	0.0760911404004255
-0.0066844469	0.39942783	0.18786401	0.441452329773157	-0.015744383	-0.014426099	0.0010107585	0.0823555784787801
0.0029401951	0.36983113	0.21193158	0.426261309604331	-0.016507398	-0.014371086	0.0012790438	0.117604576033962
0.018947042	0.40032403	0.20125147	0.448464573375815	-0.016293609	-0.014675711	0.0014076347	0.0895301018163212
0.015621359	0.35459288	0.17890615	0.397476474664255	-0.015984735	-0.014359445	0.0014608997	0.10532240287239
0.020273189	0.3577667	0.2182519	0.419573480661886	-0.016031611	-0.014682759	0.0012750371	0.0749740299159995
0.047444078	0.37784552	0.26549326	0.464224997847776	-0.017784844	-0.014490178	0.0018113952	0.218599662436303
0.032949862	0.32445113	0.28090453	0.430420241320755	-0.016209239	-0.014245383	0.0014953203	0.19012361275472
-0.013781041	0.35227252	0.21715135	0.41405380597818	-0.013289439	-0.012545505	-3.9363011e-05	0.446023468928168
0.028905419	0.36135315	0.18570824	0.40730722147586	-0.014139988	-0.012285636	0.00050219561	0.165809029400632
0.030290133	0.30970689	0.21283479	0.377007291315399	-0.013180316	-0.012260363	0.00066474167	0.137532075149708
0.030201627	0.31794328	0.2693662	0.417801648241179	-0.013515885	-0.012479056	0.00084846076	0.101755360386567
0.051411465	0.30553315	0.28548591	0.421302562644588	-0.013603602	-0.01300902	0.001130407	0.094721039641803
0.047793813	0.3398751	0.26929948	0.436258572511027	-0.014175788	-0.012732183	0.001185852	0.0993694315651693
0.038552646	0.35733453	0.27012723	0.449603150824586	-0.013960077	-0.013037707	0.0011837145	0.0536969719196742
0.056296425	0.37649342	0.26791622	0.465505836386791	-0.01455847	-0.013284221	0.0014916137	0.0967539884615856
0.042411299	0.39497571	0.25093607	0.469865343476103	-0.015376475	-0.013312685	0.0014865799	0.0919227048596319
0.036854354	0.38662136	0.24878015	0.461222161708465	-0.015250133	-0.012949661	0.0013195436	0.048887329886419
0.055197571	0.40912405	0.25663222	0.486096036267352	-0.015732259	-0.013595024	0.0016951692	0.123853706096133
0.072308493	0.43167702	0.24800089	0.503068592934208	-0.016477175	-0.013759116	0.0022175516	0.119864740832663
0.078511992	0.4173112	0.23065753	0.483234587626909	-0.016162521	-0.013914194	0.0022043308	0.0620603189273234
0.079236381	0.44568217	0.27998911	0.532263940586321	-0.016287575	-0.01381441	0.0022943211	0.0941683539923376
0.11433595	0.48655298	0.28756981	0.576630650791925	-0.016546078	-0.013602862	0.0026430769	0.124491418855915
0.10574923	0.39285703	0.22645473	0.465619254762286	-0.01565614	-0.013889651	0.0026617693	0.223168718482467
0.090984912	0.39724941	0.27414058	0.49116026463847	-0.016405234	-0.013756341	0.0027385899	0.114803777118395
0.10506489	0.42339171	0.25482474	0.505207699192623	-0.016419743	-0.0140876	0.0029012453	0.0849592879152994
0.094681812	0.43540269	0.26816372	0.520049929052084	-0.016907053	-0.014095558	0.0027708343	0.0670169877542906
0.08712868	0.43141508	0.26094439	0.511666251381133	-0.016642664	-0.013982454	0.0026771904	0.0423169169567721
0.058489746	0.46951161	0.31211313	0.56681285115136	-0.018174665	-0.013631949	0.0024232425	0.224726891385238
0.042191173	0.43674698	0.33136782	0.549847844180359	-0.017992635	-0.013072927	0.0018769796	0.132683637283884
0.03613177	0.44893739	0.31248527	0.548176366610526	-0.018380859	-0.013272375	0.0018718307	0.06677340786157
0.046297857	0.45312083	0.30600714	0.548727936115577	-0.018038235	-0.013438103	0.0020408487	0.054696156896664
0.044915547	0.47197407	0.30706424	0.564858722692189	-0.0182843	-0.013592411	0.0021732734	0.0479325349564684
0.039535786	0.48400134	0.2856234	0.56338361897023	-0.017975741	-0.013524322	0.0021241057	0.0601386559378916
0.035081222	0.48023088	0.29835159	0.566450405153104	-0.017969213	-0.013817498	0.0020577049	0.0392584539468912
0.026661025	0.52449366	0.2996516	0.604644929704042	-0.018232323	-0.013704533	0.0020490236	0.073220801959049
0.036738845	0.49851746	0.2670864	0.566749102973922	-0.018061758	-0.014087326	0.0021576459	0.101718234870136
0.032327842	0.50308906	0.2997666	0.586518291390491	-0.01877819	-0.014186943	0.0017911929	0.100787902129322
0.028024635	0.50980892	0.27443704	0.579660421283368	-0.018374295	-0.014539246	0.0017606294	0.0756907017715764
0.0089475811	0.49665325	0.24204901	0.552568758784899	-0.01856588	-0.014712091	0.001481148	0.0968163238291122
0.02338655	0.50534266	0.24369971	0.561522647264438	-0.01932533	-0.014798867	0.0016480502	0.0754354879764036
0.026617577	0.50978396	0.22805783	0.559105137789791	-0.019113363	-0.014654961	0.0017342324	0.0454169669726169
0.0019610182	0.46765162	0.2151627	0.514778467646322	-0.019463402	-0.015150063	0.0014600616	0.135649618414873
0.0045331529	0.5078334	0.25639542	0.568905899976219	-0.019883671	-0.014403145	0.0013023796	0.15023008366907
0.0039300664	0.48196801	0.25746309	0.546439247124158	-0.019723041	-0.014598197	0.0014191073	0.051156631472592
0.038234372	0.46217315	0.26566448	0.534456269227733	-0.018428837	-0.014349913	0.0017483766	0.155888415977606
0.059941465	0.45245716	0.29888075	0.545564078346599	-0.019645139	-0.01428687	0.0020429193	0.143333734197522
0.048327362	0.43043624	0.29733059	0.525372601467725	-0.017449865	-0.014006692	0.0014493573	0.188635860477833
-0.031161518	0.3120062	0.06064557	0.319369369544309	-0.0094603159	-0.01285921	0.00043152648	0.942345968164585
0.05243258	0.37243507	0.26840404	0.462058205748673	-0.00949528	-0.012683365	-0.00038182988	0.402989709867594
0.13879705	0.33647196	0.17112382	0.402195677160181	-0.0087871917	-0.011713	-0.00074553083	0.321715509756581
0.12244895	0.31635687	0.057872107	0.344128748175619	-0.008526242	-0.011336442	0.00027484265	0.232608959638463
0.07963978	0.43043943	0.26188527	0.510102432948664	-0.011738796	-0.011174997	-0.00036281863	0.561487837377795
0.057997168	0.29591803	0.13960798	0.332297366909191	-0.0093470722	-0.011640095	-0.00069885171	0.438084017208268
-0.096570651	0.23950922	0.1366113	0.292152707307775	-0.0082914925	-0.011200828	-0.0041848951	0.463017722614442
-0.15678021	0.44261611	0.1697447	0.499301830817058	-0.0088164048	-0.0078109666	-0.00568106	0.56699669056824
-0.012818986	0.31635423	0.11595216	0.337178333600525	-0.0050107504	-0.0070925526	-0.0042319999	0.622671947060853
0.019309687	0.31547327	0.16293336	0.355588987311785	-0.0070968038	-0.0080819937	-0.0027761205	0.306559500641198
-0.013735069	0.35552356	0.2967879	0.463323549392774	-0.011012206	-0.0091991178	-0.0027930587	0.459422683044358
-0.016406334	0.32820711	0.31245386	0.453449544578855	-0.012322775	-0.010583526	-0.0023695783	0.201576544624366
0.00036586161	0.40329861	0.20527434	0.452534481940421	-0.0114349	-0.010778621	-0.0024212247	0.255774034136052
0.0035565296	0.44569085	0.20442467	0.490349292220481	-0.012685568	-0.010949288	-0.0020697318	0.135073968813636
-0.0071629557	0.41816706	0.23566179	0.480053619160827	-0.012564007	-0.010553615	-0.0022356292	0.103636965157693
0.0057404584	0.46763833	0.2345328	0.523186577449834	-0.013649976	-0.010819919	-0.0020626505	0.139766256381717
0.036930694	0.38126713	0.11343963	0.399495995264402	-0.010899368	-0.011208052	-0.001655175	0.415965386981673
-0.0025148792	0.4086753	0.093199617	0.419175373866866	-0.011048807	-0.011925078	-0.0022305031	0.159183410028304
-0.0077732685	0.4389545	0.092741419	0.448711987327681	-0.012152856	-0.012275937	-0.0021369844	0.113417119404664
-0.0062636275	0.43804529	0.10527628	0.450561876162732	-0.01367365	-0.012518823	-0.0017869431	0.120639769553056
0.022664554	0.47129891	0.12474543	0.488055085908437	-0.014965829	-0.013167152	-0.0013781202	0.199117491294944
0.047044144	0.46714779	0.13457777	0.488417224680651	-0.015944353	-0.01354023	-0.00094111179	0.127793568265976
0.028959218	0.46813068	0.1473615	0.491630330173682	-0.016192543	-0.013846214	-0.0013139367	0.0782014913005036
-0.00012583074	0.4853994	0.16380567	0.512293754478701	-0.016704152	-0.013766101	-0.0016448639	0.108930398384447
0.030529361	0.50325384	0.16304766	0.529887732250228	-0.016740777	-0.013755178	-0.0007977928	0.093998595473648
0.020664024	0.51381754	0.15340708	0.536627616223439	-0.017220194	-0.013550351	-0.0010026537	0.0745248617346242
-0.0054321379	0.54081935	0.12349773	0.55476730867251	-0.017583964	-0.013531601	-0.0015034898	0.127175126537975
-0.0077163627	0.53333317	0.11674224	0.546015167441148	-0.017370329	-0.013536784	-0.0015691192	0.0307482647790977
0.016183029	0.54774721	0.12369736	0.561773916590445	-0.017402502	-0.013665448	-0.0013228826	0.0656222316643892
0.020026214	0.52739821	0.11439698	0.540033878744194	-0.017881827	-0.013425536	-0.0011285796	0.0791695647265197
0.03423496	0.58349286	0.097803813	0.592622591532351	-0.018408965	-0.013639787	-0.0010384757	0.128471207672824
0.015566171	0.5512948	0.092438774	0.559207644015409	-0.018020597	-0.013575679	-0.0011458953	0.0842266678748325
0.012933825	0.5698627	0.063151997	0.573497127634924	-0.017765504	-0.013484303	-0.0011644924	0.0687403279638148
0.025174397	0.57230576	0.054004054	0.575399053737427	-0.017437212	-0.013611903	-0.00080229043	0.064736273322965
0.010059027	0.59034116	0.066998907	0.594216057300311	-0.017978867	-0.013569348	-0.0011701244	0.0937478210650793
-0.0076177322	0.57014992	0.062641461	0.573631339586752	-0.016932498	-0.013587537	-0.001558848	0.11488952269083
0.011558246	0.56746545	0.089489947	0.574594709868062	-0.017258456	-0.013376931	-0.0013656425	0.0851974090933623
0.0011386359	0.53638837	0.080770638	0.542436794406405	-0.01686842	-0.013368382	-0.0014774194	0.0757340939734738
0.015195982	0.52869345	0.076265645	0.534382008070175	-0.016397644	-0.013522783	-0.0012608992	0.0683421188538131
0.03399701	0.54293624	0.10616393	0.554261975447823	-0.017361524	-0.013503683	-0.0012675998	0.112426131134346
0.027245512	0.53813503	0.10397806	0.548765036603651	-0.01724446	-0.013234085	-0.0013230244	0.0358429079554798
0.034053508	0.51585226	0.10093123	0.526735520677623	-0.016994639	-0.013176188	-0.0011649745	0.0554259909588884
0.029489213	0.51077552	0.10543111	0.522376267139369	-0.017294634	-0.01312398	-0.0013817169	0.0425881849222439
0.03702739	0.51010069	0.14328978	0.531136237326297	-0.01714714	-0.013276541	-0.0012312639	0.0685970769788225
0.037211769	0.51415078	0.13955061	0.534050665272584	-0.016979976	-0.012984799	-0.001192042	0.0328800339384111
0.028313729	0.49865494	0.11671016	0.512912934018547	-0.016724229	-0.012795393	-0.0012246106	0.0711204099509231
0.027481099	0.51435389	0.11263311	0.527258335570574	-0.017826041	-0.013093504	-0.0013859176	0.0986701271494193
0.0060672619	0.50008472	0.09809213	0.509650473179785	-0.017406701	-0.012936956	-0.0015821724	0.0888311269226359
-0.0046506524	0.51794677	0.068810005	0.52251823117407	-0.01718611	-0.012791628	-0.0016602235	0.0800605942702522
0.0084933602	0.50968198	0.065726743	0.513972628307768	-0.017165281	-0.01299841	-0.0014523283	0.0462673745628415
0.0080128781	0.51644031	0.093393166	0.524878160589527	-0.017542961	-0.013029816	-0.0015939361	0.0624399249817839
-0.0023239919	0.51675599	0.080526408	0.522997759578962	-0.017185831	-0.012874588	-0.0016738514	0.0531329728962507
0.017690348	0.51700672	0.047066056	0.519445965009754	-0.017474551	-0.012881065	-0.00099768154	0.102293764205799
0.012925641	0.49495137	0.046609382	0.497309124539818	-0.017723163	-0.013060837	-0.0012705675	0.0623402289135479
-0.015180291	0.51177273	0.022246837	0.512480916876914	-0.017209407	-0.012785438	-0.0019181313	0.141125776108251
0.0038202516	0.5383873	0.020115054	0.538776479183158	-0.017328979	-0.012792482	-0.0014540732	0.0772806003882402
0.0096911808	0.51827474	0.031573698	0.519326028148755	-0.017569612	-0.012809954	-0.0015323162	0.0542595331699624
0.026533597	0.51265738	0.062390916	0.517121114863377	-0.017639856	-0.01314694	-0.0013645015	0.0820292291097071
0.039223977	0.50737637	0.054700532	0.511821696889802	-0.017519648	-0.013080545	-0.0010682826	0.0498028689416216
0.02922941	0.47075308	0.052101057	0.474528545905251	-0.017801117	-0.012965752	-0.001163672	0.0737999019485836
0.038066178	0.48875379	0.048408345	0.492618177712243	-0.017447421	-0.013021336	-0.00099080134	0.0596377228966968
0.032230586	0.48396797	0.037321475	0.48647373943102	-0.01699817	-0.013099745	-0.0011576166	0.0564320448004275
0.051831594	0.50972584	0.031660421	0.51333159688274	-0.017678554	-0.013192092	-0.00068332738	0.113370942119908
0.031493584	0.51177064	0.010080641	0.512837842911525	-0.017849457	-0.012958188	-0.00069924128	0.0649986349629316
0.038429453	0.54153835	-0.0023121529	0.542905105363391	-0.018124575	-0.013116657	-0.00059151992	0.0761617908457225
0.037331619	0.51406445	0.028021223	0.516179326851996	-0.018285691	-0.013157595	-0.00056727943	0.0702198343911141
0.029613547	0.52192974	0.056388095	0.525801514756393	-0.018603721	-0.012816148	-0.00095074684	0.0960974542325785
0.040040518	0.50011931	0.064915173	0.505901716741705	-0.018892308	-0.012916819	-0.00081242639	0.0671434014422898
0.093313266	0.45145851	0.04796812	0.463490121145361	-0.018732424	-0.012471924	-0.00010000851	0.184740444054738
0.068367723	0.52971387	0.044824168	0.535985200966849	-0.018688147	-0.011952204	-0.00040066979	0.149577768650736
0.046286538	0.49840662	0.050646824	0.503107049484637	-0.017736329	-0.012379942	-0.0006375353	0.140032164512802
0.037219596	0.43873022	0.12810192	0.458562543362776	-0.017221224	-0.011734344	-0.00044480698	0.213870003139757
0.097965801	0.43529287	0.037147649	0.447724389177802	-0.017322427	-0.011734806	-0.00027917891	0.168502479488375
0.10667988	0.44180642	-0.29124023	0.539809578574226	-0.017488577	-0.010390449	-0.00064743031	0.437553422824634
0.089506476	0.44882055	-0.14928721	0.481391697495735	-0.016661768	-0.0092661382	-0.00034529635	0.278803237804145
-0.0094172417	0.54916243	0.60856379	0.819767006815903	-0.018401911	-0.0089772769	-0.00030642673	1.06051028267191
-0.0091092043	0.49426783	0.69129618	0.849867091878772	-0.018015169	-0.010087702	-0.00077323626	0.236133855715061
0.029176964	0.5294149	0.67085636	0.855090455637716	-0.018978925	-0.010580442	-0.0003043807	0.190140633971122
0.02554658	0.5452931	0.70098533	0.888469259756642	-0.019402525	-0.010975306	-0.00027183773	0.0921879022133119
0.025069224	0.53877611	0.66480535	0.856080788294724	-0.019062825	-0.011504828	-0.00026222263	0.0871161806090094
0.050782819	0.55557143	0.67449872	0.875321102121656	-0.019835753	-0.011917388	0.00036389184	0.142782406880354
0.060880878	0.57672919	0.67625186	0.890864534066525	-0.020534735	-0.012043859	0.00049025618	0.0805998252801117
0.02966142	0.58961805	0.69055212	0.908510580653144	-0.021438123	-0.012627981	0.00013849318	0.150372225958143
0.039150699	0.5974962	0.64196767	0.877870705498172	-0.021183072	-0.013047481	0.00035917731	0.110713635289244
0.053213071	0.58719324	0.66555381	0.889150946708412	-0.021218158	-0.013095654	0.00062341884	0.0653264984612392
0.053550409	0.59141753	0.71807642	0.931813332194482	-0.021757613	-0.012707199	0.00055007727	0.107146816050002
0.077688195	0.57091359	0.72927085	0.929415814126685	-0.021739962	-0.013429427	0.00099516837	0.115084660031449
0.068157875	0.57241443	0.70866756	0.913517096825831	-0.021554037	-0.013720937	0.0010100455	0.0562500564349953
0.070702193	0.56066171	0.7525788	0.941124435643116	-0.021997947	-0.014324256	0.0012005915	0.120097027345838
0.082668114	0.57531939	0.7943563	0.98429078474401	-0.022829602	-0.014761516	0.001499185	0.146776524572003
0.058880377	0.60260535	0.81074103	1.01187999504375	-0.023574892	-0.015457828	0.0011127518	0.158860185313979
0.052864878	0.61090243	0.77717544	0.989948553635518	-0.023037223	-0.01574987	0.0012474308	0.0960976686191992
0.072247458	0.60519434	0.79227672	0.999591059088393	-0.022808244	-0.015620116	0.0015068146	0.07109778993408
0.0657491	0.61957917	0.81028511	1.02213661099503	-0.023084113	-0.015330237	0.0016123965	0.0724580729030622
0.070464702	0.61264204	0.79394792	1.00531032177912	-0.022873947	-0.015581852	0.0016564134	0.0532798169472958
0.068288154	0.59557983	0.77580039	0.980430951675695	-0.022677067	-0.015931318	0.0014328634	0.0758810878719119
0.095930767	0.57770007	0.82611139	1.01262041833203	-0.02316703	-0.015515587	0.0019591074	0.16743027230165
0.10704946	0.56451907	0.83996099	1.0176815965722	-0.02262047	-0.015724678	0.0019744052	0.0766967326407968
0.078288833	0.54914976	0.85296983	1.01747340563318	-0.02239291	-0.016073836	0.0015664118	0.106374346745283
0.069993068	0.55697212	0.86315539	1.02963789718104	-0.022938482	-0.016215773	0.0015755277	0.0611349296557309
0.074001207	0.57960637	0.84589635	1.02808577352542	-0.022672956	-0.0154435	0.0017757252	0.105801252984724
0.079342187	0.57746233	0.87410625	1.05062822230132	-0.023502428	-0.016150386	0.0017395768	0.114320238075071
0.094705161	0.57939423	0.86436967	1.04489313697298	-0.023236532	-0.015927469	0.0018985744	0.0594219839293838
0.090121098	0.58251142	0.86093383	1.04338316373881	-0.022947232	-0.015545269	0.002057021	0.0526344228249556
0.1013457	0.56685422	0.85587943	1.03156398557599	-0.022957819	-0.015960829	0.0021343569	0.0571103468495274
0.092698185	0.57914738	0.86186819	1.04250727488926	-0.023040609	-0.015606763	0.0020566411	0.0526580249053677
0.087459687	0.5806785	0.87031917	1.04990103099382	-0.023202928	-0.015503883	0.0018707584	0.0377746829754411
0.089211332	0.59626742	0.83100313	1.02667409628395	-0.023026944	-0.015309381	0.0017580184	0.0808179049703303
0.10825177	0.56996068	0.82150103	1.00570252298841	-0.022574826	-0.015292318	0.0020527754	0.0930461777541008
0.093147499	0.55851096	0.81416458	0.991703036365551	-0.022020242	-0.015066234	0.001925392	0.079293010616265
0.12440211	0.55294742	0.8582928	1.02853938417007	-0.022311018	-0.015372007	0.0022197005	0.125489245836111
0.14158749	0.55312852	0.90362355	1.0688936790329	-0.022609372	-0.015437639	0.0023745503	0.0886390199363464
0.13219659	0.53439215	0.90215122	1.05684801752037	-0.022191497	-0.015258366	0.0022817101	0.0640990098343104
0.12675196	0.5528385	0.88382455	1.05016298812555	-0.022090446	-0.015280183	0.0021988221	0.0525054499966423
0.12130938	0.58579573	0.86593654	1.05248215864659	-0.022523759	-0.015749071	0.0022742688	0.105170204614841
0.097860773	0.60952964	0.85689876	1.05611486014554	-0.022476455	-0.015699226	0.0020297905	0.0733016619690791
0.10469477	0.60618429	0.85443516	1.05284368780574	-0.02241461	-0.015915484	0.0021309105	0.0316040969762825
0.11642215	0.61373543	0.84333711	1.04949643932272	-0.022363856	-0.016126045	0.0023178692	0.0527902549666644
0.081430846	0.62481752	0.82616941	1.03903022573887	-0.02294521	-0.016459306	0.0017574916	0.136990723146946
0.05876116	0.61202702	0.79805746	1.0074351872931	-0.022792673	-0.016539211	0.0013112105	0.0975082908063674
0.036961623	0.61631997	0.77251044	0.988933186269218	-0.023043643	-0.016786659	0.00093857678	0.0951920928277055
0.017770293	0.62598928	0.76776638	0.990779277259334	-0.023494743	-0.016978706	0.00076756937	0.0743124202835858
0.046385107	0.62149975	0.78156713	0.999630279702401	-0.023187267	-0.017268145	0.0011493754	0.0958411452729684
0.047990539	0.60640025	0.75830552	0.972137653162372	-0.022260239	-0.017123584	0.0012836204	0.100258240328936
0.059700907	0.59425112	0.75429241	0.962109989399073	-0.022675998	-0.017275602	0.0014028907	0.0622249728394249
0.06434357	0.61397788	0.75038553	0.971693046060854	-0.022624038	-0.017885533	0.0014459007	0.0635213525268253
0.046459994	0.59152961	0.75771224	0.962389551686348	-0.02262425	-0.018108098	0.00096005083	0.0830898992381048
0.05862498	0.59166232	0.75783023	0.963227826990913	-0.023347237	-0.018520763	0.0010459684	0.073494163564957
0.047348575	0.56303479	0.77486057	0.958988511529518	-0.023813901	-0.018005731	0.00089916207	0.113359390997066
0.04690764	0.56824542	0.78111704	0.967081699868066	-0.023993966	-0.018226911	0.0010182735	0.037925856461774
0.066211678	0.58571291	0.75971942	0.961570172358409	-0.0239858	-0.018612715	0.0011969608	0.0868020128684774
0.078866766	0.59072395	0.80441265	1.00112659707098	-0.024378498	-0.018514368	0.001322375	0.0931823178677445
0.087938678	0.59813059	0.78543974	0.991165475061255	-0.023953775	-0.018089489	0.0016306855	0.0933470866195368
0.06735577	0.58518764	0.79006616	0.985487651337249	-0.023897606	-0.017492689	0.0013308546	0.0857922725006376
0.077398857	0.58852086	0.76941083	0.971771789589168	-0.024267225	-0.017866765	0.0015750013	0.0834237217554268
0.098102815	0.59808102	0.78158948	0.989043570345531	-0.02523025	-0.018398366	0.0017615433	0.126501165812818
0.065441026	0.58495438	0.79921448	0.992571377587923	-0.025545154	-0.017626295	0.0012984791	0.140915387769275
0.064951269	0.56858421	0.80247269	0.985631315148758	-0.025348494	-0.017531583	0.0012687155	0.0361749169823296
0.096591674	0.56628762	0.8015412	0.986143962790842	-0.025630323	-0.018088878	0.001494714	0.0881246095687264
0.095170165	0.58019879	0.78871182	0.983745053980605	-0.025332327	-0.017852407	0.0016812251	0.0642109639038046
0.11285568	0.55774164	0.76073354	0.95001455798271	-0.02485422	-0.017954261	0.0019648699	0.111301234722571
0.11206692	0.56606929	0.79917915	0.985738682123266	-0.026036891	-0.017694075	0.0018743116	0.124232781515477
0.12011046	0.53616661	0.79950642	0.970109103091771	-0.025582709	-0.017516718	0.0021172308	0.0819963997633278
0.13514568	0.51961477	0.81616556	0.976928904964393	-0.025726054	-0.017451927	0.0024210126	0.073842089934893
0.12146237	0.5078994	0.8351641	0.984994406976602	-0.026046998	-0.017418156	0.0021081613	0.077775534867254
0.13536679	0.52504207	0.81346823	0.977611325795749	-0.025682458	-0.017746013	0.0023308292	0.0984962048026562
0.12968806	0.53186355	0.79054055	0.961588368232202	-0.026144155	-0.017948918	0.0022878206	0.0708084197773948
0.10989561	0.55391459	0.77615206	0.959849174794865	-0.026263213	-0.017692685	0.002031957	0.0877897099265395
0.12256054	0.56676323	0.76425374	0.959335928624125	-0.026213332	-0.0177081	0.0022902531	0.0535914949638324
0.12411299	0.54538544	0.80489194	0.980153226555775	-0.026218082	-0.017665627	0.0024056306	0.0716984649966404
0.13974956	0.57059896	0.78435537	0.979962478425124	-0.026383818	-0.017488099	0.0026816341	0.0923500349350564
0.1317484	0.56842481	0.76739142	0.964030080970357	-0.02634097	-0.017818626	0.0025583427	0.0519725799207037
0.14158803	0.58726119	0.71632432	0.937039704037646	-0.025890455	-0.017897634	0.0027660797	0.116606109789799
0.14751335	0.60697233	0.72911786	0.960098146850014	-0.025750414	-0.018307623	0.0029537803	0.0753165298369274
0.15496756	0.59457259	0.73203891	0.955726150728152	-0.025803427	-0.018901603	0.0029377174	0.0559277945630906
0.12168927	0.57513272	0.74184997	0.946534363896384	-0.025854079	-0.018755907	0.0023624566	0.101109659596686
0.13751795	0.57643744	0.7098396	0.924696472651494	-0.026788686	-0.018962174	0.0024503984	0.110584558279529
0.11451112	0.5764282	0.7371698	0.942762738121811	-0.027034216	-0.01872398	0.0020492496	0.0945899098065227
0.13302655	0.556054	0.66523145	0.877168738607347	-0.026043206	-0.019084306	0.0022965506	0.190759827843377
0.11866306	0.59541025	0.71565376	0.938485264570395	-0.027473463	-0.019421595	0.0018685583	0.213918958661347
0.12648491	0.59774515	0.73338583	0.954543069982188	-0.027123218	-0.019209517	0.0023519623	0.0801751696552805
0.15174288	0.60233779	0.84072994	1.04530548018519	-0.027507807	-0.019348374	0.00255396	0.173466904858743
0.19554173	0.572468	0.83485467	1.03098908782596	-0.026157311	-0.01900415	0.0028773792	0.180450864713115
0.13486669	0.48918797	0.63273651	0.811079148512189	-0.022745029	-0.018062839	0.0012124167	0.647000910872956
0.14812212	0.54361316	0.80664451	0.983936377857644	-0.018650202	-0.015130334	0.0005733272	0.624909498875433
0.15052082	0.53347853	0.60880411	0.82334579829943	-0.017024942	-0.014557243	0.0011599685	0.349623335243356
0.076561402	0.57058236	0.64449968	0.86417921482727	-0.018887209	-0.013905217	0.00013441326	0.3237512137203
0.096199344	0.70375839	0.50859579	0.87361310823908	-0.020262243	-0.013008791	0.00045676914	0.418408649013232
0.175936	0.59684561	0.48767155	0.79057048955275	-0.017543394	-0.013210047	0.00023814336	0.364510173090184
0.11444404	0.58109437	0.48759509	0.767148666771524	-0.015645995	-0.012960583	-0.00049689102	0.221414513909343
0.060744479	0.62179226	0.52976411	0.819124849195152	-0.015975977	-0.012964079	-0.0011205747	0.184424554419724
0.034252614	0.56446658	0.47187591	0.736520628320115	-0.015095591	-0.01288715	-0.0012909644	0.198090978567143
0.039616061	0.65537937	0.45333291	0.797873597883663	-0.015589008	-0.012675513	-0.00088350036	0.170445138589048
0.039286311	0.65402843	0.54892077	0.854757634196762	-0.017271816	-0.013632301	-0.00057540804	0.244652954186298
-0.029199487	0.60103086	0.64683385	0.883450470722171	-0.017963544	-0.0126077	-0.0015030411	0.351594546406567
-0.056457575	0.75986173	0.70285415	1.03662011492431	-0.019987264	-0.012337207	-0.0014023224	0.361855825689914
-0.015527605	0.69672249	0.50903341	0.863005415443648	-0.018637878	-0.012452419	-0.001005043	0.390983814747392
-0.019159838	0.67141692	0.37511078	0.769334697726991	-0.019435449	-0.012297871	-0.0016959667	0.245012566248183
-0.0089634054	0.67949869	0.25961507	0.727460512274849	-0.019689182	-0.012264491	-0.0014881784	0.1585189775472
0.0039431191	0.65694761	0.24486479	0.701109460679781	-0.019976401	-0.012779767	-0.0012834451	0.100569299147737
-0.021238913	0.68314115	0.27463165	0.736583644558082	-0.019583291	-0.01273852	-0.0015199064	0.114683346945748
0.0032292461	0.6959763	0.27237878	0.747384531540728	-0.02033266	-0.013338817	-0.0013189226	0.117088667755728
0.0081070793	0.69736352	0.28183497	0.752205127658984	-0.020898719	-0.013662396	-0.0011559993	0.0683493077425363
0.010912119	0.71767162	0.26230529	0.764183023664147	-0.021146544	-0.013638409	-0.0010491656	0.061575104665721
0.0093769982	0.72741987	0.24989993	0.769205804957337	-0.020954145	-0.013699439	-0.00092532545	0.0425521882807319
-0.012299197	0.75147291	0.24626957	0.790892853564058	-0.021416428	-0.01356306	-0.0012611936	0.0960861024099639
-0.0051530661	0.75964999	0.25956004	0.802786444680049	-0.021571473	-0.013714121	-0.0010034311	0.0568071058493741
0.016209566	0.7721082	0.29189769	0.825601649686145	-0.022266311	-0.014136949	-0.0008156135	0.131432671229817
-0.0060219885	0.77062121	0.27491521	0.818212494610478	-0.021743333	-0.014141978	-0.001087212	0.0806812991602659
0.012208947	0.75640987	0.26612991	0.801953913150172	-0.021590941	-0.014199743	-0.00069854038	0.0711690063699027
-0.017333307	0.79762073	0.24915358	0.835809056474088	-0.021752706	-0.01440375	-0.0013992132	0.141051684256847
0.0054136275	0.78688712	0.25132887	0.826067096475874	-0.021417583	-0.014652637	-0.0011035072	0.0796416343356016
0.014799327	0.79451115	0.24399398	0.83126412759737	-0.02130389	-0.014416923	-0.00087642244	0.0531692074452577
0.019236212	0.7753934	0.2522675	0.815624820718398	-0.021290703	-0.014515097	-0.00069950881	0.0462418864864882
0.017631729	0.7784365	0.25416745	0.819069810845988	-0.02164896	-0.014281716	-0.00056945857	0.0426319448731402
0.037012393	0.77999385	0.28388042	0.830872081690548	-0.022207517	-0.014216163	-0.00032236227	0.0942112986049366
0.044592243	0.76435608	0.29394604	0.820142036235443	-0.022203175	-0.01429834	-0.00051207743	0.0470949479846183
0.054859017	0.75670281	0.28953068	0.812057060229984	-0.02208943	-0.014248279	-0.0002284556	0.0447067954491416
0.083587721	0.76809508	0.299421	0.828619269787506	-0.022781265	-0.014064361	0.00045176205	0.127809825141475
0.076819953	0.76183593	0.311167	0.826510853713904	-0.022798507	-0.014348958	6.4663697e-06	0.0621296517830145
0.072594752	0.7602068	0.29017739	0.81693775433101	-0.022742104	-0.01417871	0.0003420832	0.0549573324255889
0.067887715	0.72442405	0.29379004	0.784672883225568	-0.022857014	-0.014082184	0.00036749459	0.0559448064949311
0.073778113	0.75686095	0.28550965	0.812279180969121	-0.022130011	-0.014036531	0.00042024999	0.0878782571989846
0.085463891	0.76740403	0.29317984	0.825934283407298	-0.022453225	-0.014099679	0.0002331847	0.0585704124154934
0.083255812	0.76849208	0.33865698	0.843919520663686	-0.022825121	-0.013981186	0.00025586748	0.074426857889352
0.08233235	0.76421527	0.34282408	0.841624586490641	-0.023531532	-0.014113822	0.00026866332	0.0519595132607371
0.074735026	0.74259873	0.32744542	0.815020675190397	-0.023332822	-0.014443119	5.2006577e-05	0.0818257110380753
0.10848541	0.75009515	0.29334301	0.812688094998475	-0.023110456	-0.014852734	0.00055006798	0.131851333726512
0.1080835	0.7893114	0.31889986	0.858132652828355	-0.023589741	-0.014499511	0.00051726229	0.108440694178741
0.12636159	0.7887391	0.29762747	0.852442801714425	-0.022915569	-0.014393272	0.0007569701	0.0911287198304392
0.125179	0.81074134	0.32880673	0.883790228571966	-0.023972917	-0.014665461	0.00078732798	0.122358831495224
0.12164549	0.78275886	0.3236147	0.855707620745503	-0.024132274	-0.014839192	0.00089941956	0.0589669989777108
0.13110637	0.78784629	0.28597089	0.848333664809274	-0.024253428	-0.014761277	0.0012985357	0.0821013768628584
0.12840516	0.79128712	0.29931769	0.85569519745027	-0.024967332	-0.014778202	0.00121598	0.0601580742408021
0.12156451	0.80316752	0.31974494	0.872979279210047	-0.025313553	-0.014671337	0.0012168722	0.0618472099109968
0.11025608	0.81075485	0.32770555	0.881402721504927	-0.026426458	-0.014882481	0.00098677736	0.10456355908335
0.11221069	0.82159924	0.32110783	0.889228198274303	-0.026807814	-0.015331616	0.00091810883	0.0643546961950294
0.10637908	0.78977283	0.27653575	0.843522170838395	-0.025968487	-0.015287011	0.00096763987	0.128903250767727
0.11971568	0.82432158	0.31597423	0.890885865482022	-0.027155199	-0.015500546	0.0012114788	0.169528122967784
0.11941615	0.80574951	0.29766069	0.867233749410929	-0.026686052	-0.015434913	0.0014639983	0.0765501147507427
0.10315443	0.79114857	0.24978669	0.836032467517157	-0.026230741	-0.014999279	0.0013741329	0.127777179629607
0.088609388	0.76597273	0.25170567	0.81112365953382	-0.026546368	-0.015235911	0.0010722004	0.0843494368495456
0.15051811	0.82136819	0.35548014	0.907561311932295	-0.026119055	-0.014627333	0.0017703367	0.307780015658978
0.1754186	0.63119979	0.24221734	0.698465532376995	-0.025380292	-0.013816365	0.0013125643	0.428706857849015
0.15940961	0.54591547	0.09131145	0.575997313402394	-0.023921124	-0.013099761	0.00039362448	0.406934782144148
0.14503462	0.62844781	0.088937722	0.651069588666903	-0.024275941	-0.012853163	0.00062197093	0.140769130350892
0.17341733	0.64983939	0.038229836	0.673666329498876	-0.025583043	-0.012484821	0.00069750048	0.188030848742479
0.1824505	0.65914396	0.082675197	0.688907927921954	-0.024946644	-0.012484411	0.00093514223	0.106505637935074
0.17121811	0.6440821	0.16078299	0.685571704933716	-0.025487664	-0.012693794	0.00057851325	0.159753641556468
0.17926334	0.64968819	0.19601891	0.701892799771461	-0.026507802	-0.012616549	0.00084132228	0.116896839249476
0.19452495	0.65510324	0.15393958	0.700498112432558	-0.026499194	-0.012603876	0.00075200423	0.0682859424985099
0.21812431	0.60079753	0.12184023	0.650677284307305	-0.025640208	-0.013090936	0.0011649	0.197951506792199
0.21163696	0.63276742	0.10275663	0.67508794661174	-0.025520439	-0.012916776	0.0011114808	0.0749082499850978
0.20356914	0.64668765	0.051085001	0.679893365719972	-0.025243657	-0.013438546	0.0011521217	0.115619323659751
0.204543	0.69384819	0.061986787	0.726020324355909	-0.026544974	-0.013684014	0.0012526848	0.141403586376059
0.20471769	0.70808925	0.025223122	0.737520117995384	-0.026141243	-0.013605013	0.0014588063	0.0856220898436291
0.195747	0.71281497	0.042240729	0.740409581685402	-0.026620818	-0.013751404	0.001314551	0.0692250817574217
0.18721402	0.74549726	0.055572866	0.770651411072167	-0.027616886	-0.014523862	0.00097624188	0.159889159900229
0.17779712	0.72513794	0.037823619	0.747574393663932	-0.02755178	-0.014804059	0.00088847074	0.0691791739521864
0.17489781	0.7379256	0.035436734	0.759196415425378	-0.02832803	-0.014364676	0.0010584976	0.0873568468385795
0.1431492	0.72774996	0.014703252	0.741840874689456	-0.028175773	-0.014555522	0.00066806103	0.0993347103541684
0.1681639	0.7408437	-0.0016660902	0.759691556455286	-0.028345913	-0.014956647	0.001213677	0.110321830216886
0.15671257	0.74951615	0.018332611	0.765943453090961	-0.028563232	-0.014866425	0.0010712292	0.0626219211710661
0.15245508	0.76943968	0.041387099	0.785488933429329	-0.029035915	-0.01554089	0.0010998214	0.106022517140727
0.14059645	0.77170034	0.016034168	0.784567314544884	-0.028897126	-0.015864622	0.00094960439	0.0701091214166854
0.13015676	0.77326758	0.010001656	0.784208878791548	-0.02914803	-0.015597899	0.0011251498	0.0526980624162921
0.12702033	0.79138921	0.041138654	0.802573009009563	-0.029727466	-0.015845606	0.00094935147	0.102542124051718
0.10567404	0.79651121	0.045276638	0.804765235540259	-0.029892095	-0.016906684	0.00059882723	0.109417833412118
0.13683334	0.76121778	0.071906296	0.776753749220513	-0.029889232	-0.016933338	0.00094941911	0.112087831910184
0.10237702	0.79311652	0.17130219	0.817838192321554	-0.030765994	-0.017540222	0.00056773821	0.259017297014373
0.096326021	0.79018984	0.15647969	0.811273430443407	-0.030311119	-0.017605326	0.00072004746	0.0574145912959833
0.08032704	0.80135699	0.12324933	0.814748952820727	-0.030696355	-0.017262024	0.00060646152	0.102502687793547
0.075326815	0.79935378	0.15663649	0.818031530356778	-0.030774358	-0.017406295	0.00042975719	0.0603395114812604
0.070456238	0.79676491	0.16050561	0.815818885612421	-0.030460662	-0.017683287	0.0004749316	0.0431216873912218
0.071504746	0.7669297	0.15780877	0.786255493673353	-0.030410489	-0.017946451	0.00032846222	0.0565708769552207
0.076297996	0.80924756	0.22274118	0.842802842204131	-0.031399202	-0.018077306	0.00063291577	0.183244595422957
