0	0	0	0	0	0	0	0
0.052610574	-0.0199748	-0.079271662	0.0972155415964532	0.001258582	0.00021092355	6.1409303e-05	0.228402774476572
0.047516932	-0.0303719	-0.045558296	0.0724973756126816	0.0013870873	-0.0003273154	-0.00043120794	0.107172182071677
0.027907872	-0.042574629	-0.0095398137	0.0517924357361838	0.00085345161	-0.00044162056	-0.00048664229	0.102999030979946
-0.024388102	-0.053711603	0.016123653	0.0611529884965275	0.0009741798	-0.0010175635	-0.0010326508	0.151230395959198
-0.051509887	-0.078057003	0.0023201391	0.0935497045507795	0.000836932	-0.00092520629	-0.0015629859	0.103267704082224
-0.03436468	-0.053167051	-0.018865958	0.0660574818986976	0.00059111618	-0.00042959928	-0.0014677728	0.105053052313644
-0.060220796	-0.055377091	-0.029603791	0.0870031661496729	0.00050445196	-0.00064515695	-0.0015205393	0.0565534084774714
-0.032018539	-0.066930811	-0.0648029	0.0985105890207862	0.00019384716	-0.00066858055	-0.0011741803	0.108974455850981
-0.11589501	-0.033118835	-0.061716703	0.135415885345286	-0.00018238536	-0.001129992	-0.0019446071	0.201178181231701
-0.17685842	-0.038542102	-0.13497044	0.225790642023243	-6.2696165e-05	-0.001980562	-0.0023816822	0.210007127290474
-0.079062396	-0.0099683918	-0.14037273	0.161414790598607	0.00024713796	-0.0013060808	-0.001755334	0.212305199236864
-0.2104319	-0.04474553	-0.16671491	0.272172019518721	-0.00036051548	-0.002179221	-0.0028514108	0.321332339602416
-0.28967471	-0.013721307	-0.14713789	0.325191129265582	-0.00058929829	-0.0031733983	-0.0035624011	0.226541570679127
-0.27069594	0.0046357186	-0.15134284	0.310165177024578	-0.00082603821	-0.0028226331	-0.0034357061	0.0772507514782109
-0.29756276	-0.0036334231	-0.17180571	0.343618974870197	-0.00095212098	-0.0031186545	-0.0035491281	0.0823751401387428
-0.31640632	0.0036008768	-0.19497548	0.37167373252747	-0.00083578564	-0.0032424768	-0.0035348659	0.0619686218927588
-0.26159834	0.03654176	-0.21857926	0.342849653079598	-0.00043318118	-0.0021780698	-0.0028541417	0.218739422894523
-0.2409892	0.014358884	-0.22585783	0.330596024535496	-0.00022571284	-0.0019225566	-0.0025307427	0.0893896128761769
-0.29236426	0.0070248424	-0.15558128	0.331257820469994	-0.00087565502	-0.0025125957	-0.0030717402	0.218034589270188
-0.29497443	-0.0038437334	-0.18831232	0.349980311594892	-0.00071780444	-0.0024539339	-0.0029512256	0.0630611347877389
-0.29098771	-0.024979461	-0.18651524	0.346533916947753	-0.0014980503	-0.002254288	-0.002772039	0.0848734445818505
-0.30751534	0.0059186079	-0.20596611	0.370165844890262	-0.0009357642	-0.002571204	-0.0028273437	0.11360190846297
-0.23776426	0.00097428203	-0.21272566	0.319037613740539	-0.00086073343	-0.0020587505	-0.0021211212	0.146140293354946
-0.25004754	0.037931622	-0.22902306	0.341195167344683	-0.00021749294	-0.0023561158	-0.0021733326	0.115178878860451
-0.24836976	0.018116488	-0.23133673	0.339900614102129	-0.00041785698	-0.0019977834	-0.0022101669	0.0535831208872826
-0.24224977	0.021981681	-0.19238454	0.310128935437586	-0.0011660662	-0.0016926474	-0.0021629827	0.103963843067967
-0.23302901	0.0094394786	-0.18940488	0.300442726365	-0.001404565	-0.0018392835	-0.0017068177	0.0668076171674146
-0.16103025	0.061845771	0.10611548	0.202524408161775	0.00088740765	-0.0017156205	-0.0017107105	0.540901809812624
-0.17023917	0.0042522962	0.14365673	0.222792982608417	0.0023626681	-0.0025181248	-0.0018126217	0.223327434532023
-0.23451122	-0.063064304	-0.039877308	0.246095141029277	0.00064756399	-0.0037279805	-0.0019165504	0.466567099497564
-0.21992863	-0.014710557	-0.065129606	0.229840963186814	-0.00075029162	-0.0032617447	-0.0023552643	0.203328894422505
-0.24778576	-0.032488964	-0.16051906	0.297017986431553	-0.00036709195	-0.0031315006	-0.0024683262	0.172350274375157
-0.18758549	-0.037670334	-0.087835451	0.210528944742962	-0.0018692942	-0.0020551556	-0.002206401	0.280088861802454
-0.1331056	-0.062374277	-0.10333292	0.179681227562478	-0.0023604533	-0.0019639029	-0.0018330305	0.142470416643134
-0.22199448	-0.041344103	0.027925447	0.227531788094532	-0.0028793961	-0.0023690108	-0.0024101529	0.31623607516988
-0.33511646	-0.10157673	-0.10307418	0.365027615973226	-0.0028193874	-0.0023458103	-0.0031262756	0.344320828234419
-0.33375191	-0.034127941	-0.17160392	0.376832799985503	-0.0014111312	-0.0020236102	-0.0026089117	0.249734082823412
-0.30340111	-0.0085770439	-0.1623494	0.344213780827634	-0.0016252048	-0.0018111395	-0.0018615107	0.123853481189778
-0.33840765	-0.0047299903	-0.15077123	0.370505160804102	-0.0013717135	-0.0017670009	-0.0024283697	0.0936562081864102
-0.28861552	-0.017681433	-0.066737935	0.296758324947874	-0.0023020175	-0.00077767734	-0.0021470377	0.256824841958908
-0.26496809	-0.068577045	-0.073433853	0.283378599378298	-0.0025850846	-0.00068892976	-0.0017278486	0.120789148797833
-0.25307157	-0.078267473	-0.094039641	0.281095127939777	-0.002814944	-0.00065313222	-0.0014747861	0.0681287079408399
-0.24681664	-0.048024522	-0.12769424	0.282011750505889	-0.0024469903	-0.0007030872	-0.0014543619	0.0920691238959367
-0.25121544	-0.085409495	-0.14722792	0.303446930381698	-0.0032500623	-0.000615054	-0.0013142901	0.112876301913851
-0.25120206	-0.032448315	-0.10382498	0.273742569883793	-0.0033212281	-0.00069892307	-0.0015299228	0.114910878477132
-0.23462138	-0.033107837	-0.12017938	0.265681019647824	-0.002740897	-0.0011195376	-0.001326859	0.0937950729203472
-0.19449479	-0.034354075	-0.21888346	0.294819257966337	-0.0024637391	-0.00074403319	-0.0012268956	0.177708193343257
-0.1777	-0.015880761	-0.25580475	0.311874267442028	-0.00240543	-0.00029244719	-0.00094997513	0.111530172263488
-0.12397616	-0.017939462	0.01929536	0.126744717691605	-0.0021543509	-0.0019386746	-0.00099118512	0.427808466672332
-0.15270837	-0.057257094	0.029360927	0.165711451371597	-0.0010106816	-0.0024621181	-0.0021690018	0.220361876180741
-0.078722897	-0.057257384	-0.078987424	0.125358349082747	-0.00082699536	-0.00056753899	-0.0023928004	0.297437297296113
-0.059181241	-0.06602221	-0.1595123	0.18249801464913	-0.0017295467	-0.00019342365	-0.002214526	0.181578410347406
-0.061462995	-0.075313979	-0.15099735	0.1795831141678	-0.0022238514	-9.1219086e-05	-0.0024786676	0.0631210159077626
-0.11783937	-0.10659917	-0.22049533	0.271786112078036	-0.0018170111	-0.00065222004	-0.0027911514	0.221175798128308
-0.091241986	-0.066737172	-0.15206756	0.189482170507242	-0.0022099168	-0.00054422916	-0.0023110161	0.183938745640417
-0.042993705	-0.0877157	-0.1605715	0.187951348248335	-0.0024302658	0.00076729877	-0.0017854664	0.180602075475368
-0.033879071	-0.098183209	-0.13528809	0.170559670723207	-0.0028080282	0.00034840649	-0.0015429515	0.0968240317048441
-0.0045757349	-0.073311971	-0.14558574	0.163066827200162	-0.0026189663	0.00088070751	-0.0013420559	0.110585149754812
0.022198086	-0.12427814	-0.10305991	0.162969801353291	-0.0039362269	0.0013801518	-0.0006862359	0.243892058790979
0.061048164	-0.14091773	-0.10495703	0.186012534799526	-0.0050422224	0.001843784	-0.00014391714	0.162984107641576
0.020872393	-0.10940807	-0.1160103	0.160823419553128	-0.004380984	0.0014728367	-0.00058477805	0.156391030612822
0.092684657	-0.12527366	-0.12332774	0.198730136080341	-0.0054693044	0.0018464868	0.00037751345	0.216208389349364
0.12111237	-0.096633988	-0.12469636	0.198885685762074	-0.0054819714	0.0021510208	0.00072889429	0.0918650968507723
0.17406411	-0.10004079	-0.16551854	0.260197734689693	-0.0057712141	0.002340477	0.0010685383	0.138097867353793
0.17400784	-0.10504272	-0.14698654	0.250834097258797	-0.0054533883	0.0021388347	0.0012241372	0.0573435499081864
0.24104376	-0.14803723	-0.12223218	0.308152270036362	-0.0055733455	0.0025462164	0.0017596952	0.187929634535531
0.3682112	-0.19040912	-0.065259048	0.419635394277557	-0.006566399	0.0032386748	0.0025683239	0.351219488166491
0.32439234	-0.17382516	-0.06536656	0.373789196828821	-0.006551869	0.0028948032	0.0025719802	0.0786132269152809
0.33975585	-0.19253365	-0.056202666	0.394540218047606	-0.0067017436	0.0032969641	0.0026771516	0.0760962388550569
0.38536284	-0.20511153	-0.070725802	0.442241333731199	-0.0071703551	0.0036860819	0.0032858685	0.14603031519297
0.37110918	-0.20315101	-0.06054078	0.427384536907105	-0.0069354056	0.0036529445	0.0032799165	0.040101146972904
0.38999171	-0.19727186	-0.051338116	0.440051500134942	-0.0069899488	0.0038931743	0.0032466798	0.0503648289707027
0.45663564	-0.22132297	-0.053574458	0.510264820772336	-0.0066788354	0.004638937	0.0038366367	0.175273030645392
0.4737915	-0.23669561	-0.037197634	0.53093018490261	-0.0075007234	0.0050305738	0.0041261111	0.124055282667686
0.55354318	-0.22389084	-0.057823404	0.599900580438597	-0.0070496383	0.0062170346	0.0044851242	0.21301016623286
0.55071614	-0.24815342	-0.0085271213	0.604103549494506	-0.008671113	0.0062310897	0.0049696175	0.182387048581503
0.60232891	-0.20407053	-0.16266953	0.656434515413906	-0.0053788544	0.0075502449	0.0048097362	0.488402744566004
0.48305232	-0.10827558	-0.6450369	0.813102544236168	0.00023106332	0.010184548	0.0032140941	1.18943164163719
0.41869461	-0.060528826	-0.40706669	0.587087902555952	-0.0021442975	0.0094201959	0.0022690619	0.55431189938928
0.46892823	-0.15605082	-0.27269151	0.564452126348803	-0.0031436374	0.0084154269	0.001346787	0.426449978173177
0.47824191	-0.22311513	-0.15330628	0.549543902889299	-0.0057756432	0.0081053231	0.0018382107	0.367439846705006
0.51663465	-0.20527112	-0.20890122	0.593874830249747	-0.004734889	0.0083585469	0.0023274347	0.200991787373664
0.5768331	-0.23756688	-0.16571418	0.645473188584636	-0.0055713486	0.0089603578	0.0030523832	0.243842197532917
0.5447948	-0.25896214	-0.18297259	0.630350484057661	-0.0069978896	0.0086679513	0.0027562948	0.171443758845839
0.38887829	-0.24523967	-0.10619991	0.471855106000816	-0.0082025284	0.0076402047	0.0018538929	0.403151017565542
0.34680546	-0.13699928	-0.16354653	0.407173546883108	-0.006240494	0.0068824999	0.001224443	0.37511927783873
0.39460101	-0.17237099	-0.030207281	0.431664447356987	-0.0074702159	0.0071617124	0.0016607125	0.313766699907483
0.41281479	-0.18124098	-0.093535902	0.460449029358362	-0.0057957364	0.0070346473	0.0020490312	0.199905546092398
0.47284049	-0.20295481	-0.1492189	0.535756534260466	-0.0063037967	0.0081139975	0.0021963285	0.224157915100461
0.38016516	-0.22268563	-0.26790519	0.515642928309173	-0.0038692014	0.0069304672	0.0020998907	0.416820576480866
0.37568682	-0.19104045	-0.16278907	0.451815583584032	-0.0051204186	0.0066058567	0.0018371911	0.233166000810062
0.42884813	-0.23232755	-0.099460551	0.49777425636399	-0.0060534299	0.0080809867	0.0025085604	0.311752449990204
0.47395177	-0.20308311	-0.033810739	0.516736098918134	-0.006750486	0.008057695	0.0030489582	0.203035170965593
0.32698948	-0.015286382	-1.0922131	1.1402128087848	0.011454321	0.010932905	0.0010518492	2.54700504346809
0.11029087	-0.031840042	-0.88547623	0.892886341129111	0.0080330073	0.010018795	-7.9106626e-05	0.713308028262113
0.17772558	0.047942713	-0.62944078	0.655805292021302	0.0040120362	0.010086178	0.00065433715	0.644342672535956
-0.034738233	0.00071285	-0.56912043	0.57018007403843	0.0022648948	0.0074849191	-0.0017682371	0.658562676099045
0.0024087909	-0.095316658	-0.38900627	0.400520842984734	-0.0016171131	0.0058407147	-0.0015659525	0.599715405743701
-0.077852367	-0.17000182	-0.37860189	0.42225703186849	-0.0036755058	0.0046822024	-0.002553854	0.375591001482481
-0.27277705	-0.16263599	-0.31406073	0.446645190702996	-0.0050919123	0.0022493535	-0.0044453874	0.553871062981767
-0.26844658	-0.14901355	-0.44929525	0.544182713865354	-0.0046254411	0.0024176498	-0.0044241772	0.185986314778587
-0.26510615	-0.15709514	-0.35640624	0.471153437523679	-0.0057624161	0.0021480956	-0.0041652674	0.187582976860994
-0.25301803	-0.14290144	-0.4221535	0.512496363520176	-0.0055774435	0.0027086232	-0.0040277003	0.136182444614489
-0.34610793	-0.1157803	-0.39392836	0.5370058937193	-0.0058594794	0.0018158241	-0.0048059255	0.246089187488759
-0.31875354	-0.12238141	-0.39790774	0.524320129623141	-0.0063574837	0.0017842051	-0.0046206724	0.0736786997293783
-0.24840477	-0.14726669	-0.33933588	0.445579675476433	-0.0078214636	0.0022730629	-0.0038306786	0.290947477192684
-0.27840902	-0.15083638	-0.33821755	0.463308004546508	-0.0077664573	0.0013839196	-0.0037978714	0.0835401085351314
-0.28660872	-0.17202195	-0.31260695	0.457667144167181	-0.0090206197	0.00099057919	-0.0042083281	0.157893841119356
-0.31869525	-0.18689377	-0.27266668	0.459176504211178	-0.010023181	0.00056030341	-0.0043853598	0.1673920567231
-0.36058336	-0.17492624	-0.28894188	0.494071815597046	-0.010080768	0.00020867971	-0.0046962445	0.106135609846433
-0.32460674	-0.21874692	-0.27760472	0.479879288185261	-0.010481281	0.00033545878	-0.0043807931	0.133271633296511
-0.28536045	-0.23225773	-0.21410858	0.425695576202727	-0.010991989	0.00070074832	-0.0040519651	0.17649451654687
-0.26093814	-0.22123631	-0.19419623	0.393378181290331	-0.011655308	0.0008056628	-0.0037064931	0.111041353303662
-0.24305925	-0.22920436	-0.2028414	0.390841491154064	-0.011692948	0.0010486152	-0.0036225262	0.0527200749687796
-0.33884039	-0.21230941	-0.22358691	0.458125748886971	-0.011349601	-3.0275873e-05	-0.0042661167	0.236713025393974
-0.35409379	-0.22059633	-0.22173341	0.472451963734157	-0.011651309	-0.00056098208	-0.0046033009	0.0838737399015162
-0.43034744	-0.19498138	-0.22045077	0.521358993069891	-0.01183753	-0.0014772095	-0.0052285331	0.189535268874961
-0.51245877	-0.078474806	-0.21519304	0.561320167632602	-0.0097435572	-0.001626272	-0.0062163109	0.365416267857125
-0.49363984	-0.14249419	-0.15914471	0.537877239284175	-0.010982897	-0.0014986383	-0.0056317766	0.236462029613785
-0.4518545	-0.15197805	-0.13549735	0.495610077287655	-0.010907414	-0.00071565972	-0.0049361033	0.15262330229767
-0.41223914	-0.14354359	-0.10740792	0.44953568496478	-0.01076842	-0.00034058815	-0.0048206388	0.107615753381272
-0.38707327	-0.14282826	-0.097228081	0.423885512772096	-0.011370206	0.00026649419	-0.0046246658	0.106303105064165
-0.39837928	-0.17748525	-0.0093765086	0.43622813253435	-0.012331244	8.0595627e-05	-0.004353812	0.204704088646034
-0.34378045	-0.2121455	0.058869736	0.408235663298985	-0.012488307	0.00025972491	-0.0039113791	0.196436583549527
-0.31293052	-0.16341321	-0.29056136	0.457225646125657	-0.0076546268	0.0011150376	-0.0031276993	0.752646712909734
-0.18520812	-0.19957938	-0.056620445	0.278100434064956	-0.011492621	0.0011725377	-0.0014905249	0.674462793077534
-0.0010732229	-0.23712059	-0.132957	0.271854538049931	-0.011973189	0.0017420823	-2.0978629e-05	0.423995598422256
-0.067239635	-0.21213525	0.030252129	0.224583445775793	-0.010640346	0.0011478233	-0.00049959964	0.374647026051549
-0.14160162	-0.12381779	0.51601011	0.549225179256487	-0.0077751984	-0.00058871813	-0.0017816483	0.942624246199776
-0.023422574	-0.32143117	0.45387318	0.556657414882499	-0.0080698524	-2.9877405e-05	-0.00077399832	0.470986588701592
-0.019374855	-0.31958088	0.26643454	0.416526935470993	-0.0091542404	1.4789415e-05	-0.00038828702	0.269074952223747
0.0082724237	-0.24878706	0.22751473	0.33723343040732	-0.010230684	0.00015809847	8.088198e-06	0.218167299615568
0.053452662	-0.27666529	0.17782537	0.33320073826645	-0.010102647	0.0015949138	0.00075392116	0.238282085851672
0.048483173	-0.30723967	0.26855822	0.410938377880949	-0.011627154	0.0015660585	0.00084826039	0.20866178811666
0.08131135	-0.34929063	0.29165896	0.462255804498874	-0.012388917	0.0023408833	0.00090906259	0.177849375109518
0.073273967	-0.34799816	0.29741438	0.463602315604751	-0.012702812	0.0027351578	0.0012186595	0.0659735932460543
0.096870564	-0.3575882	0.22412452	0.432995412694117	-0.012874189	0.0029414238	0.0014926765	0.139059496928367
0.10355162	-0.34346049	0.25187316	0.438324234926669	-0.012967705	0.0029240294	0.0015771384	0.05832602099703
0.061538964	-0.35909179	0.23810781	0.435234749208509	-0.01334148	0.0027831643	0.0012052203	0.11573721577821
0.05245074	-0.36239337	0.26832334	0.453957541555661	-0.013794126	0.0026577817	0.0013905115	0.080771323789428
0.078680815	-0.35527233	0.22923965	0.430069664408937	-0.013994578	0.003021811	0.001736129	0.11793974479671
0.043086705	-0.34757044	0.22842582	0.418138769013617	-0.013858661	0.0021531693	0.0013714573	0.11257134852827
0.015146291	-0.34351823	0.24209523	0.420528577937508	-0.014110127	0.0022684578	0.0011677051	0.0741873689460571
0.059285315	-0.34598383	0.2801873	0.449137487054252	-0.014841459	0.002264527	0.0016553421	0.14584168294353
0.066204849	-0.33979433	0.24722051	0.425395403472959	-0.015032823	0.0025770727	0.0017097463	0.0739915189214588
-0.024999007	-0.33988002	0.25493907	0.425602288244144	-0.014879055	0.0014332478	0.00086380746	0.206184688613528
-0.065800976	-0.32338653	0.24333625	0.410025787959801	-0.014484749	0.0012332788	0.00041070288	0.121267257661821
-0.13254909	-0.28545777	0.26572165	0.411902166772552	-0.014338895	0.0008971729	-0.00034523866	0.188957345014473
-0.076202701	-0.30988831	0.26145374	0.412547784473919	-0.015272181	0.00050197591	-0.00012677067	0.16239238615612
0.13218959	-0.36434274	0.16385641	0.420795250678003	-0.013366041	0.0014938892	0.0033859927	0.68098477723457
0.096553193	-0.39376587	0.0055627389	0.405468893405427	-0.0099939904	0.00024421296	0.0044645104	0.50836533854001
0.11334795	-0.42995887	0.12014748	0.460595054913999	-0.012066582	0.00046758743	0.0045122252	0.284756523028432
0.061467866	-0.38010584	0.18568828	0.427479690139845	-0.013876512	0.00020403216	0.0031171193	0.340703454452744
-0.04619524	-0.33819693	0.17416524	0.383203202601883	-0.01289762	-0.00071906512	0.0018301041	0.320545271965823
-0.011686011	-0.35201561	0.17573349	0.393616325937256	-0.014215251	-0.00062871202	0.0019775876	0.127669534225932
0.079404616	-0.30663877	0.1541455	0.352268737584632	-0.013644771	-0.00023550269	0.0024535136	0.230036222761965
-0.0093574347	-0.22255322	0.16212445	0.275502875854928	-0.013344023	-0.00106563	0.00073507279	0.323292344879427
-0.14316657	-0.20089699	-0.12253096	0.275445282252477	-0.0089348437	-0.00094800388	-0.00014730746	0.710579878785687
-0.25235474	-0.14677703	-0.02438999	0.292952697458632	-0.0095125757	-0.001909724	-0.00038601943	0.350357302216802
-0.10318528	-0.092223831	-0.10518434	0.173828025341803	-0.0046854162	-0.0012387452	0.00062269305	0.609859310899328
-0.061627685	-0.092630251	-0.26090912	0.283640448205041	-0.0023812738	-0.00070657273	0.0014895294	0.38284632884392
-0.07950008	-0.027109066	0.15516734	0.176442816748301	-0.0016490881	-0.0020956984	-7.9619101e-05	0.683993019098592
-0.33678995	-0.0064411413	0.13836984	0.364163660108851	0.00032917238	-0.0030294279	-0.0038254599	0.627646706326838
-0.54358647	-0.071908357	0.054535591	0.551027397557707	-3.2232434e-05	-0.0063167146	-0.0048447264	0.589495809088804
-0.55202538	-0.096573304	0.081354442	0.56628347004195	-0.0022841485	-0.0064668793	-0.0047816906	0.183178512501279
-0.64403581	-0.021068782	0.029976904	0.645077230190886	-0.0027515673	-0.0072699032	-0.0060261959	0.344639884692851
-0.64690895	-0.030058136	0.010873525	0.647698166336622	-0.0018447022	-0.0068450636	-0.0059879927	0.0994612662863662
-0.67199779	-0.069720526	0.041439154	0.67687457109485	-0.0028762902	-0.00707212	-0.0062960467	0.17365177662765
-0.71421243	-0.080771244	0.099420735	0.725608621483891	-0.0039449874	-0.0073885901	-0.0068147221	0.206439071100405
-0.67326142	-0.11165552	0.097761327	0.689423796995497	-0.0042965659	-0.0072004366	-0.0063692057	0.122757113711361
-0.63852373	-0.11738982	0.086150485	0.654915895118206	-0.0042686021	-0.0061993813	-0.0061321317	0.115387484882259
-0.57999574	-0.1103091	0.13924245	0.606590154752746	-0.0050383591	-0.0059356784	-0.0057085313	0.191553688853233
-0.51315746	-0.13117023	0.14462449	0.549046856925404	-0.0054423984	-0.0049589965	-0.0048659348	0.204247331675333
-0.52721691	-0.11700154	0.12267886	0.553802431597424	-0.0056673731	-0.0048833357	-0.0049103263	0.067425119975193
-0.48547129	-0.10464142	0.076007729	0.502403597779333	-0.0051394519	-0.0046094744	-0.0044098347	0.165890575389499
-0.45876169	-0.090499983	0.086494602	0.475535331294947	-0.0050517909	-0.0044969775	-0.0042938893	0.0671430749923833
-0.41413993	-0.1024114	0.052310711	0.429809710169152	-0.0053248553	-0.0035869205	-0.0037994824	0.174593481135572
-0.42015476	-0.10496437	0.062235401	0.437516612779201	-0.0060111879	-0.0042311264	-0.0038847129	0.0892809387682
-0.38759748	-0.12262665	0.079164583	0.414169208167552	-0.0064090969	-0.004514318	-0.0037059777	0.110140531809536
-0.33643091	-0.10072828	0.13414963	0.375936253671182	-0.0065736532	-0.0041933796	-0.0031972673	0.177760241647583
-0.37303624	-0.10018949	0.061695991	0.391152611604818	-0.0064844055	-0.0051215358	-0.0034838716	0.174798167283676
-0.3369214	-0.11956478	0.097547523	0.370576963177481	-0.0069360558	-0.0050300372	-0.0029634419	0.144520591512804
-0.36580891	-0.09091016	0.01589487	0.377271073260236	-0.006135623	-0.0053112274	-0.0031462433	0.202416001872556
-0.38965379	-0.09586287	0.33821827	0.524796497766319	-0.0069545982	-0.0080402022	-0.003481404	0.545276481436553
-0.45041008	-0.12670762	0.29868243	0.555099320052165	-0.006856091	-0.0091257279	-0.0046477929	0.248657964027226
-0.43976067	-0.12874599	0.13607676	0.477997762998978	-0.0060553796	-0.0089454701	-0.0048992284	0.236913683885167
-0.36986634	-0.15838482	0.14838753	0.428842301704168	-0.0069947179	-0.0075623356	-0.00421319	0.262269482088052
-0.27133159	-0.20246893	0.14726253	0.369189317409475	-0.0085450369	-0.0063215444	-0.0034850638	0.319705667453168
-0.23204693	-0.21275141	0.17967527	0.362480541310821	-0.0091357043	-0.0062466145	-0.0031639896	0.131313454500841
-0.14706723	-0.23340926	0.19306154	0.336721563046966	-0.010116934	-0.0061233406	-0.003118398	0.176528578027693
-0.10605291	-0.25355862	0.19070749	0.334527338550787	-0.010286348	-0.0060999731	-0.0028637117	0.0858911199554263
-0.094282196	-0.24435767	0.13912854	0.296574702247078	-0.010515651	-0.0060085214	-0.0027630021	0.0936238289711604
-0.11959332	-0.23732271	0.16824358	0.314532244899602	-0.010038062	-0.0065894123	-0.0028842456	0.120447293360982
-0.064668397	-0.25498681	0.17302229	0.314860266914341	-0.01009773	-0.0059513724	-0.0026235827	0.125286272421529
-0.028617618	-0.27790245	0.20698144	0.347692473718472	-0.011146127	-0.0050920882	-0.0022862883	0.205174345197556
-0.032518105	-0.29396706	0.20458074	0.359621104353988	-0.011012968	-0.0051247684	-0.0021262996	0.0386571919864768
-0.061464995	-0.29086373	0.1980499	0.357216206141145	-0.011510735	-0.0051534934	-0.0020666058	0.0678903497425643
-0.11657412	-0.2799988	0.18800432	0.356839568705429	-0.011754489	-0.0061426768	-0.002429319	0.155802162853955
-0.098213213	-0.25143741	0.18603961	0.327837372555729	-0.010894497	-0.0055911014	-0.0022536881	0.128246920314032
-0.072660402	-0.27799259	0.13957858	0.31943949991904	-0.010905323	-0.005012784	-0.0019611838	0.142651405544903
-0.084321081	-0.29219	0.1748527	0.350796960503221	-0.011542851	-0.0051638881	-0.0020774549	0.106377368449708
-0.1334854	-0.2940927	0.13711391	0.350869053240576	-0.011569583	-0.0057924997	-0.0022910274	0.13225161346217
-0.11532718	-0.27857558	0.14615306	0.33506033660589	-0.011981811	-0.0055463196	-0.0020401715	0.0881776897900909
-0.13825455	-0.28387941	0.10498581	0.332751950135543	-0.011264009	-0.0061429188	-0.0021283887	0.139529368785678
-0.10688934	-0.27516899	0.15272425	0.332367267644271	-0.012123438	-0.0060988474	-0.0020263602	0.13809051367513
-0.09542372	-0.28371265	0.13278916	0.327462234650298	-0.011611381	-0.0058905895	-0.0019207781	0.0812392196990168
-0.063426242	-0.26693377	0.14509659	0.310370014934245	-0.01189933	-0.0052207199	-0.0018411225	0.112957497322983
-0.0044286635	-0.29665739	0.22952402	0.375108645406859	-0.012293523	-0.0057061736	-0.00054590639	0.281891764107308
-0.045534873	-0.28250506	0.1989341	0.348507259217853	-0.010132452	-0.006154882	-0.00068464231	0.223274204279778
-0.10957526	-0.2435211	0.063132161	0.274399222852047	-0.0094878566	-0.0062063111	-0.0013524587	0.307018329321251
-0.1132408	-0.24839111	0.14576153	0.309464127064209	-0.010873492	-0.0063264638	-0.0016673199	0.182197378388856
-0.15335952	-0.25033015	0.046260777	0.297194188809769	-0.0099451097	-0.0064484399	-0.0018924593	0.20533340130543
-0.18342145	-0.25464967	0.27992142	0.420530479425722	-0.012622868	-0.006774177	-0.0023946991	0.443328812662879
-0.22181578	-0.21594937	-0.30929792	0.437608928127308	-0.0054722781	-0.006038368	-0.001752135	1.09276135691707
-0.28423052	-0.080734587	-0.3964154	0.494419084779998	-0.0019970278	-0.0052681501	-0.0018599125	0.502409199604101
-0.26597735	-0.12728342	-0.031299438	0.296520951264889	-0.007516929	-0.0072753088	-0.0025679849	0.841674212023483
-0.21199015	-0.15121165	-0.15336825	0.302202923382299	-0.0068590562	-0.0065354588	-0.0019153051	0.302504369983878
-0.10448121	-0.24399722	0.22799928	0.349906613671864	-0.0095782751	-0.0075757687	-0.0016538989	0.782708745729069
-0.2151663	-0.21111685	0.6265364	0.695280318673391	-0.0072142256	-0.0086478255	-0.0034977945	0.806102631847273
-0.24236287	-0.26395107	0.46958811	0.590696979137488	-0.0053412549	-0.0095876362	-0.0033115192	0.386931899568828
-0.38727538	-0.25690891	0.43236228	0.634761017358762	-0.0062940792	-0.010816701	-0.0041849586	0.341946917941638
-0.36725262	-0.22185858	0.42028409	0.600611715439858	-0.0074469286	-0.0098725399	-0.0040388887	0.179305295047942
-0.36588109	-0.25678561	0.3400793	0.561659818583411	-0.0077739574	-0.0097902296	-0.003567393	0.160545089707604
-0.3606333	-0.28652808	0.37537032	0.594186498360808	-0.0088339092	-0.0097526652	-0.0036969059	0.131632732514419
-0.35185505	-0.31649189	0.41920999	0.632223147600651	-0.00985318	-0.0092600528	-0.0036411863	0.160961867544485
-0.34780047	-0.32036775	0.37550916	0.603827617301651	-0.010123745	-0.0089575768	-0.0036581932	0.0811336649010713
-0.3489424	-0.35447269	0.43664468	0.661868765727692	-0.011667086	-0.008602009	-0.0035103115	0.198721907241096
-0.34464261	-0.2783643	0.23212205	0.500145836969883	-0.0081149604	-0.0092670601	-0.0033873947	0.501935391009825
-0.29565735	-0.28909626	0.075505185	0.420346225291597	-0.0080162416	-0.010419623	-0.0028129922	0.307618291413447
-0.29419895	-0.28899801	0.29088577	0.504665635003569	-0.011129873	-0.0098128603	-0.0029840158	0.411508056637273
-0.34551168	-0.2370019	0.19161569	0.460722035802726	-0.0099364782	-0.010050353	-0.0030504692	0.277445961430602
-0.24987211	-0.29872856	0.36910523	0.536575712019169	-0.013172319	-0.0095386448	-0.0026879683	0.540358194035362
-0.26164045	-0.30282232	0.30252275	0.501674293574972	-0.012520529	-0.0096225664	-0.0026753919	0.119858979421889
-0.25176254	-0.32046202	0.31754837	0.516640348888266	-0.013311049	-0.0093495022	-0.0025360156	0.102691253922747
-0.2675998	-0.30388858	0.29980803	0.50382812234624	-0.01275328	-0.0098326882	-0.0025878499	0.10479050440318
-0.30319521	-0.29167827	0.34161692	0.541946186062254	-0.013658734	-0.010239846	-0.0029397308	0.172839243222081
-0.25844795	-0.27424214	0.30759332	0.486433700230159	-0.01325857	-0.0099685254	-0.0025891642	0.147309549735134
-0.31980768	-0.25733623	0.35607014	0.543401170459924	-0.013911388	-0.010840206	-0.0030525414	0.226136247833261
-0.31749365	-0.23779455	0.28140183	0.486349108899537	-0.012860382	-0.011044723	-0.0027348337	0.175185552496711
-0.40496421	-0.22360411	0.34556501	0.577416648119983	-0.013640638	-0.011580618	-0.0035173234	0.270756212691604
-0.39229321	-0.22871908	0.30614476	0.547659560533374	-0.011801316	-0.011476155	-0.0033341542	0.16355391702103
-0.28375713	-0.28696249	0.3484599	0.533188410790076	-0.013655712	-0.010159521	-0.0028697041	0.390868616751095
-0.30542135	-0.29770257	0.34301155	0.547326177570404	-0.013772538	-0.010216329	-0.0029315086	0.0496245749958044
-0.41963615	-0.31792144	0.42642486	0.677500333302144	-0.014634227	-0.011344168	-0.0037430307	0.357899479564816
-0.40120609	-0.28393861	0.36590139	0.612757119995967	-0.013520362	-0.011493289	-0.003561029	0.185185742101434
-0.52118969	-0.28851478	0.4049825	0.720340403244879	-0.014308264	-0.012314255	-0.0047896107	0.305513358964839
-0.52366891	-0.27846113	0.36594188	0.696909741472595	-0.013870122	-0.012070462	-0.0047865928	0.0858211347945848
-0.45232804	-0.32532182	0.38997802	0.680086610970599	-0.015056248	-0.011590046	-0.0043454635	0.247621261113592
-0.44864939	-0.27170728	0.35852293	0.635334409967031	-0.013626634	-0.011181206	-0.0044046194	0.183628768770033
-0.50804446	-0.26522596	0.38149144	0.688469100241897	-0.013687726	-0.011991487	-0.004815336	0.152949378746864
-0.47193542	-0.2799472	0.35563924	0.653890468248463	-0.013847493	-0.011672944	-0.0043444368	0.124142939706624
-0.47323102	-0.2715144	0.37281692	0.660802635842115	-0.014288278	-0.011440074	-0.0044974968	0.0682418297878026
-0.435274	-0.30387818	0.38041678	0.6530867705456	-0.014047638	-0.011289282	-0.0042489285	0.10992067493183
-0.45010347	-0.33628401	0.45842663	0.725144843587044	-0.014972657	-0.011003228	-0.0043993755	0.193321148295179
-0.41077499	-0.31676143	0.43445646	0.676628636388438	-0.013773227	-0.010599872	-0.0039228816	0.186785221043022
-0.40010095	-0.3503146	0.52550702	0.747635417321399	-0.016167963	-0.010376778	-0.0041427634	0.277163331343811
-0.15721289	-0.25900397	0.021925707	0.303775716418154	-0.0058502442	-0.0087754334	-0.00051674729	1.61503158234215
-0.066667672	-0.18487902	-0.077683076	0.211327922487498	-0.0030562753	-0.0077978563	0.00054578271	0.505982701116157
-0.083718629	-0.28131069	0.16050932	0.33452616483136	-0.0094709293	-0.0083236684	0.00050726859	0.700623483803944
-0.29418427	-0.31046439	0.1644751	0.458240745344099	-0.0093856698	-0.009270066	-0.0015341807	0.397240421008232
-0.43259152	-0.33096569	0.2525731	0.600388942250519	-0.011908132	-0.01027969	-0.0030336955	0.498586557394089
-0.40722252	-0.33266677	0.19128792	0.55954305374592	-0.012252702	-0.0097551556	-0.0026011442	0.153438044445501
-0.32856949	-0.30959367	0.20220553	0.494664761859494	-0.01230534	-0.0096304025	-0.0022570416	0.138718424910768
-0.40384635	-0.28507605	0.1365264	0.51283495063118	-0.01181422	-0.0099261905	-0.0027373342	0.228833639468478
-0.3594687	-0.30356143	0.17660248	0.502549225455065	-0.013193212	-0.0098359041	-0.0024071519	0.192912139460313
-0.31439868	-0.31129255	0.16779873	0.473187061806277	-0.012791141	-0.0089776924	-0.0019716354	0.146394848375621
-0.25864876	-0.32908619	0.21721196	0.471569652400677	-0.013250945	-0.0090121974	-0.0017203227	0.160237874764323
-0.24705336	-0.31757949	0.16139455	0.433520813716772	-0.013291523	-0.008755288	-0.0014001486	0.109802584896156
-0.19465892	-0.35275602	0.25802217	0.478439489374901	-0.014997421	-0.0081402465	-0.00091985934	0.324260016942165
-0.2508791	-0.35120975	0.15975638	0.460228978077844	-0.013971214	-0.0084810434	-0.0012573836	0.241258645585975
-0.34090921	-0.33948175	0.3688475	0.606230505915148	-0.01529737	-0.009411934	-0.0023862924	0.48014699046315
-0.33250356	-0.31909427	-0.009226498	0.460939148722313	-0.010951153	-0.0094002409	-0.002362318	0.625961181961862
-0.30869473	-0.28954339	0.018343045	0.423632244195761	-0.011784883	-0.009161003	-0.0013905768	0.183164704852459
-0.24979298	-0.33471662	0.24930548	0.486400011224851	-0.015423324	-0.0095375477	-0.0013638197	0.537124454541662
-0.23140146	-0.33113211	0.13937158	0.427340083861648	-0.014269329	-0.0095558406	-0.00094114427	0.211658093141043
-0.22140669	-0.37964268	0.2843793	0.523470221810972	-0.014921104	-0.0090732367	-0.00096491166	0.261420373688967
-0.2354783	-0.4286024	0.26782445	0.557566124396427	-0.015927615	-0.0091730371	-0.0012679977	0.150056049815633
-0.31377276	-0.43803707	0.35796396	0.646891038947893	-0.016415355	-0.0098248054	-0.0018398295	0.263435643791906
-0.33363589	-0.43603825	0.2557133	0.605666207044808	-0.016461166	-0.0097176671	-0.0019973953	0.139638364989088
-0.27501034	-0.43715621	0.34198587	0.619427618312371	-0.017901799	-0.0090213081	-0.0014420433	0.28063327271067
-0.29850458	-0.38149248	0.23607659	0.538863297064808	-0.016758915	-0.0093773462	-0.0021732846	0.296575415981346
-0.33857154	-0.32978187	0.33849734	0.5813494806618	-0.016572402	-0.010631111	-0.0025908971	0.287092830728863
-0.37123107	-0.37503805	0.22619193	0.574133116514169	-0.017017017	-0.010495833	-0.0026945631	0.224399069809412
-0.4387239	-0.32657375	0.73724604	0.917965575670436	-0.017643977	-0.011690708	-0.0026603461	0.719813835932419
-0.39311238	-0.27645229	0.68461601	0.836458183715019	-0.014265104	-0.01028369	-0.0027590813	0.392594233828565
-0.59569811	-0.32844209	0.5890719	0.899853403677927	-0.016578417	-0.011860913	-0.0049455613	0.653970384258447
-0.29734887	-0.22695554	0.30158671	0.48049943941236	-0.0094588188	-0.0096778205	-0.0031189177	1.24378690878748
-0.17146272	-0.075353488	-0.34071569	0.388799169129437	0.0032057212	-0.0083604857	-0.0028259179	1.63353009537504
-0.26494495	-0.039710215	-0.12061599	0.293804262646968	-0.0005576189	-0.0095342479	-0.0040163184	0.655600225076814
-0.34174592	-0.088559624	-0.11561081	0.371482086012938	-0.0018279683	-0.010212792	-0.0048469318	0.269630897884278
-0.395377	-0.15463282	-0.10715627	0.437854710321204	-0.0028055893	-0.0099930822	-0.0049107833	0.191217929030791
-0.44008108	-0.14808853	0.040630895	0.46610346417939	-0.0048240016	-0.010762824	-0.0054075067	0.363279391663292
-0.43998188	-0.1315995	-0.040077882	0.460986680668965	-0.005335762	-0.010587682	-0.0054697444	0.134754011709077
-0.4545735	-0.16503364	0.078221147	0.489889494755598	-0.0074301832	-0.011600417	-0.0051784989	0.336244852644196
-0.45631602	-0.17443342	0.060875847	0.492297874126533	-0.0079958552	-0.011590299	-0.0052580782	0.0612560646218512
-0.4499614	-0.18981039	0.083240769	0.495401121582928	-0.0085761171	-0.010968662	-0.0052642755	0.104501321092505
-0.43714201	-0.17050682	0.00078230099	0.469218845069325	-0.0079932656	-0.010668794	-0.0050339134	0.170235507515848
-0.39975877	-0.15394174	0.15151742	0.454381626025522	-0.0065488138	-0.010446986	-0.0048961448	0.294884852703144
-0.470523	-0.15331055	0.39340252	0.63218791590211	-0.0061155593	-0.012068919	-0.0052201874	0.432242015870591
-0.48463753	-0.16009477	0.26342698	0.574367168854361	-0.0063957563	-0.011919645	-0.005723284	0.197502669681955
-0.46774279	-0.16094729	0.25712631	0.557495548905589	-0.0071576441	-0.012144097	-0.0057530633	0.0748538840550221
-0.45895259	-0.12532574	0.16997696	0.505209053665012	-0.0064362775	-0.012275418	-0.0059053086	0.181807744205894
-0.49261353	-0.17973006	0.19847674	0.560681728548106	-0.0073639652	-0.012276293	-0.0061352063	0.174488058311411
-0.49382324	-0.20216177	0.18881056	0.566021378731532	-0.0082173551	-0.011968717	-0.0066558674	0.117388948350532
-0.64521787	-0.23886892	0.25349613	0.733228987857327	-0.0096029266	-0.012512582	-0.0082800158	0.430466580197554
-0.81148164	-0.22201144	0.24589662	0.876502526679409	-0.009993639	-0.013865292	-0.0096076192	0.34427203984415
-0.72669035	-0.20982632	0.22493311	0.789113967258302	-0.010049205	-0.013482064	-0.0088864711	0.175937024101062
-0.68706532	-0.22128833	0.22715098	0.756719794016155	-0.011374332	-0.013209936	-0.008764469	0.139267760106583
-0.72749286	-0.24041007	0.26848744	0.811867211153485	-0.011939375	-0.014549801	-0.0090557538	0.210695374561469
-0.62769369	-0.22000865	0.22625303	0.702562173849987	-0.012106494	-0.013838086	-0.0085792632	0.230201229013829
-0.53837767	-0.24323529	0.30999789	0.667167605373991	-0.013095817	-0.013564264	-0.0078486763	0.295974112127507
-0.51831044	-0.25750804	0.28794776	0.646428662240972	-0.013847515	-0.013838771	-0.0079528573	0.112909409069661
-0.60185413	-0.22738912	0.29011454	0.705762461464084	-0.013209828	-0.014547643	-0.0086647444	0.218751692966058
-0.5854084	-0.2468206	0.26465535	0.688233868433211	-0.013264453	-0.014240955	-0.0082922472	0.0980269098318858
-0.49523231	-0.28932303	0.30622585	0.650182380386103	-0.01467512	-0.013269669	-0.0077771399	0.319102026957948
-0.5429658	-0.30209659	0.32427781	0.700878240294036	-0.014341473	-0.014354229	-0.0080383867	0.162531697227693
-0.62060032	-0.30303956	0.36928458	0.783165903965994	-0.014663725	-0.014728476	-0.0087565063	0.194315189049556
-0.57190669	-0.29356375	0.32865183	0.721989586312135	-0.014722322	-0.014856375	-0.0085426165	0.118821479974836
-0.53396573	-0.29532573	0.27040443	0.66742433532056	-0.015142832	-0.014010904	-0.008305682	0.173096113558292
-0.52344004	-0.30577874	0.34795757	0.698973950753169	-0.015409465	-0.013961966	-0.0081737147	0.120908754955477
-0.51896103	-0.29866427	0.28798215	0.664420511086102	-0.015754317	-0.013654399	-0.0083117522	0.111091724848466
-0.55299796	-0.30383484	0.38352558	0.738386229744518	-0.014803997	-0.015336705	-0.0082163203	0.271153813291053
-0.6723997	-0.29598595	0.88072806	1.1469136649412	-0.016032757	-0.017962168	-0.0087527161	0.843984008110337
-0.59096942	-0.37403929	0.68179939	0.976729570578885	-0.014934931	-0.017339168	-0.0083702919	0.463574796623214
-0.58588773	-0.39139006	0.44464457	0.833162292030695	-0.015168731	-0.018028729	-0.0084872222	0.311601844286956
-0.53045022	-0.34865789	0.42071232	0.761537009184112	-0.015507176	-0.016780995	-0.0085627605	0.205187790871416
-0.47209528	-0.422323	0.44150775	0.772113827772396	-0.016670975	-0.016109046	-0.0079930787	0.273086965698833
-0.46908443	-0.42802537	0.44610548	0.776051556997402	-0.017806128	-0.016180815	-0.0085136927	0.0996877466579105
-0.59486722	-0.42941983	0.40138962	0.83629063540823	-0.017034723	-0.017626363	-0.0093061694	0.322364586713839
-0.61071306	-0.44047026	0.41267036	0.858650870622956	-0.01846766	-0.018013269	-0.0093895569	0.133338528748417
-0.53299951	-0.4394575	0.32414464	0.763073469337796	-0.017979853	-0.017522943	-0.0087900816	0.246132444063762
-0.45858215	-0.39274658	0.36938192	0.707806800774904	-0.018735377	-0.016742373	-0.008459626	0.259693038035532
-0.39847195	-0.2979953	-0.23759468	0.551391263734923	-0.0081203902	-0.016162971	-0.0063908712	1.42499274933028
-0.40032311	-0.27174399	-0.058893057	0.487413357084105	-0.010310951	-0.015312265	-0.0061730769	0.36975712479684
-0.49676121	-0.25644118	0.097213706	0.567436589580467	-0.013899262	-0.016928419	-0.0077069258	0.604763255431266
-0.54192247	-0.2046411	0.09236313	0.58659090606956	-0.011713589	-0.017567477	-0.006613923	0.297698580983182
-0.55300985	-0.22181826	0.21708462	0.634152163843186	-0.012002334	-0.018536576	-0.0066056376	0.216292498053737
-0.53712925	-0.29636864	0.17413015	0.637701741506196	-0.013271377	-0.019262339	-0.0069784539	0.251766559837798
-0.54326642	-0.30995827	0.22649189	0.665215084372552	-0.014554075	-0.019220711	-0.0071034812	0.144556200599026
-0.50732375	-0.31060559	0.21861481	0.633755201165755	-0.015280226	-0.018793332	-0.0068822946	0.113202899017127
-0.49231682	-0.35398917	0.29182109	0.672936648059079	-0.015987837	-0.018824718	-0.0068952472	0.169194269261785
-0.49043603	-0.35955552	0.24842033	0.656902071729067	-0.015307874	-0.018649524	-0.006992328	0.0984597893319315
-0.4900062	-0.35576911	0.37051322	0.709899839317773	-0.016138387	-0.018772201	-0.0071008355	0.179394003800059
-0.46380876	-0.38666309	0.33300782	0.68958039357441	-0.016566452	-0.017994053	-0.0070694873	0.156474878854898
-0.42153503	-0.37691839	0.33540828	0.65746328302792	-0.017042838	-0.017884038	-0.0069045559	0.0919855097626441
-0.44225015	-0.3779512	0.2903923	0.650199963592549	-0.01695114	-0.017796823	-0.0069662432	0.0787939249965227
-0.50392877	-0.33429994	0.27874288	0.665881557237029	-0.016951806	-0.01844579	-0.0070832331	0.155310444427252
-0.45180324	-0.31636771	0.21124031	0.590624385014738	-0.016826891	-0.017886781	-0.0068578131	0.183027529608148
-0.40553635	-0.3273895	0.31644598	0.609739021335959	-0.017767675	-0.017803438	-0.0065028331	0.231449698170887
-0.39198204	-0.33744544	0.23982223	0.570117572665085	-0.016879121	-0.017619161	-0.006635094	0.160488593520605
-0.3807221	-0.36386661	0.30084448	0.606511029122944	-0.017517248	-0.017759337	-0.0064635866	0.146193879442399
-0.38671196	-0.34811649	0.27402854	0.588067063651326	-0.016903603	-0.017528874	-0.0064926494	0.0922144594930428
-0.40849769	-0.37472847	0.39545818	0.680939763189659	-0.01961165	-0.018073741	-0.0070609524	0.360888157906635
-0.39065314	-0.32192093	-0.058062164	0.509523479196285	-0.012524424	-0.017569286	-0.0062837659	0.942615066124491
-0.42920286	-0.25114887	-0.00050294014	0.497283724731909	-0.011894193	-0.018823187	-0.0059023919	0.280156299115709
-0.41813922	-0.30363022	0.23279229	0.566766237599683	-0.01689692	-0.018810183	-0.006124109	0.558712364274377
-0.47018124	-0.30297867	0.18782495	0.590037867230069	-0.015141881	-0.018944674	-0.0066022225	0.216043073505146
-0.42052209	-0.333674	0.24030676	0.588153470920359	-0.016594935	-0.018857625	-0.0062561903	0.227143043520789
-0.35889188	-0.36252985	0.28075616	0.582284548179756	-0.017187223	-0.018474472	-0.0060286057	0.191086739425386
-0.39159219	-0.37063268	0.25517256	0.596511577532182	-0.01726024	-0.018347943	-0.0062527984	0.0875736749714928
-0.4589114	-0.34879271	0.25480103	0.630221859735256	-0.016617712	-0.019265211	-0.0065287344	0.181317307795742
-0.44778979	-0.34597486	0.19062459	0.597119782031153	-0.016107622	-0.018991429	-0.0056653462	0.160478908339903
-0.34453961	-0.26537245	0.11313836	0.44936663047165	-0.014244298	-0.01814487	-0.0046603652	0.447082003143477
-0.36601303	-0.28616429	0.12199416	0.480352073041317	-0.014846023	-0.018448131	-0.0051537543	0.12103981423778
