0	0	0	0	0	6.9388939e-18	1.7347235e-18	0
-0.02816348	-0.3957707	0.067745378	0.402513434340474	-0.0099304692	0.00042931044	-0.0027169922	1.14551606787429
-0.077960412	-1.2259961	0.32216333	1.27001317877064	-0.039578909	0.0046259593	-0.0094356585	3.16257295121756
-0.083921539	-1.1524702	0.42252614	1.23034902591885	-0.040658469	0.0045474311	-0.0083052589	0.294274221368572
-0.049390259	-1.1243377	0.30542258	1.16612932974831	-0.038331536	0.003357014	-0.0067692388	0.432435812686661
-0.06148921	-1.1038347	0.31895877	1.15063750366066	-0.037995183	0.0033017512	-0.0061231132	0.0980252103584064
-0.054881525	-1.1714973	0.33445869	1.21954111083232	-0.038572213	0.0021223897	-0.0055581289	0.205838990806576
-0.031397742	-1.1630774	0.377723	1.22327818640016	-0.038496134	0.0014722006	-0.0047686475	0.150955466401305
-0.024630102	-1.2118899	0.39030582	1.27342938743081	-0.040528014	0.00047291856	-0.0043741921	0.239443812316848
-0.021805473	-1.210745	0.38195714	1.26975201928358	-0.041193753	0.00046674641	-0.0042360766	0.0528195408798
-0.032325082	-1.2594427	0.3993254	1.3216283897506	-0.042521155	0.00088895446	-0.0048842436	0.196474415903233
-0.071960845	-1.0905609	0.33489644	1.14309101358842	-0.037712305	8.2359253e-06	-0.0045682985	0.573221971569397
-0.062126722	-1.1314749	0.33028022	1.18033054804141	-0.03839676	-0.0010030355	-0.0037148902	0.182821075147518
-0.055799575	-1.1524842	0.30774306	1.19416883848055	-0.039028955	-0.00061473621	-0.0034709231	0.113096675821381
-0.024424503	-1.2479057	0.33102759	1.29129565080213	-0.041783009	-0.0016437822	-0.003170799	0.354242260654769
-0.026049765	-1.3365968	0.39206278	1.39315570539984	-0.045392168	-0.0026970912	-0.0030391775	0.391055926616905
-0.060524219	-1.3225929	0.38843829	1.37978239782731	-0.044671067	-0.0021289471	-0.0033999927	0.134605857738903
-0.034219919	-1.3655925	0.39641414	1.42237760433176	-0.046090105	-0.0027399222	-0.0030086196	0.198349053446892
-0.074636502	-1.4474388	0.40536808	1.50498271334229	-0.048410147	-0.0030007939	-0.0035797772	0.288820361558495
-0.068946766	-1.5575712	0.43973752	1.61992308030568	-0.051762279	-0.0031373281	-0.0037357473	0.332423312513471
-0.068776715	-1.4898695	0.42797372	1.55164521349665	-0.049435371	-0.0026004312	-0.0033975961	0.239733329349009
-0.075970899	-1.5534777	0.47578014	1.62647818414837	-0.05185104	-0.002778465	-0.0038247623	0.269652224458085
-0.081842049	-1.6129229	0.49028076	1.68777771817118	-0.053613222	-0.0026790752	-0.0043232914	0.197822003339667
-0.067291182	-1.7197096	0.5054923	1.79372564146985	-0.057052525	-0.00264389	-0.0046084242	0.3245300721957
-0.048543371	-1.8233461	0.52050299	1.89680542540667	-0.060235546	-0.0020140655	-0.0050143281	0.348332403154421
-0.067727742	-1.770147	0.54296906	1.85278785854255	-0.058331329	-0.0020138695	-0.0048893983	0.196316666610998
-0.047626554	-1.7566153	0.51446088	1.83102037069236	-0.05778301	-0.0018904203	-0.0046674143	0.106828677629845
-0.043846457	-1.8176382	0.55454764	1.90085618154564	-0.05950175	-0.0022706366	-0.0047365012	0.213291906307148
-0.022417165	-1.8520707	0.55636948	1.93396365150967	-0.061064633	-0.0027468037	-0.0043374208	0.179590148689528
-0.02720295	-1.8020801	0.54819662	1.88381321300285	-0.060339848	-0.002605172	-0.0043691164	0.107854859200808
-0.046998093	-1.7975289	0.52178358	1.87231863512557	-0.060401896	-0.0024277994	-0.0046116352	0.07485635295816
-0.053342659	-1.8699905	0.55226805	1.95056656087667	-0.062044027	-0.0026361981	-0.0047541617	0.208943436749778
-0.053119187	-1.8331958	0.55963555	1.91745154775524	-0.060411255	-0.0017817585	-0.004927624	0.177419356621049
-0.060751982	-1.8012778	0.55631761	1.88620831280267	-0.059867201	-0.0012733369	-0.0050732138	0.102772004384278
-0.044344936	-1.840492	0.54221177	1.91921100427738	-0.060331863	-0.0019826956	-0.0044754365	0.158316984602342
-0.032107392	-1.8897083	0.56652868	1.97306439047804	-0.062385785	-0.0023329749	-0.0046499389	0.214705920848005
-0.036108645	-1.9030435	0.56412858	1.98522528996303	-0.062588275	-0.0024064047	-0.0050562758	0.0538493878421073
-0.031006693	-1.854075	0.55094162	1.93444880761524	-0.06186626	-0.0024945195	-0.0048544373	0.117855826197297
-0.047882538	-2.0021402	0.56388916	2.08058383697146	-0.06640274	-0.0031268222	-0.0050216251	0.44468691496537
-0.059232562	-1.9765138	0.60104247	2.06672865871048	-0.065928271	-0.0025833832	-0.0050983865	0.128863203442174
-0.06411555	-1.8823389	0.57606139	1.96955763136135	-0.062190564	-0.0018485478	-0.0048246043	0.361355088344222
-0.087163066	-1.9418643	0.68602849	2.06132710863189	-0.064711966	-0.0025591655	-0.0050781335	0.36681742682318
-0.053791804	-1.6880206	0.49874404	1.76098061364612	-0.055367135	-0.0033660887	-0.0033573869	1.0681227401978
-0.050338523	-1.7351382	0.53382234	1.81609604114984	-0.05632336	-0.0029782929	-0.0035953689	0.164749319028882
-0.072958347	-1.8393561	0.64219872	1.94960841682986	-0.062280057	-0.0025271131	-0.0047917716	0.615427634914159
-0.072233269	-1.8591899	0.63255043	1.96517805196008	-0.062676426	-0.0025676377	-0.0050579784	0.0653621878308237
-0.079145114	-1.8922963	0.63940062	1.99897033217608	-0.06324059	-0.0028025552	-0.005712312	0.119539189015247
-0.082814041	-1.9643528	0.69721067	2.08605915702706	-0.06462906	-0.0025953401	-0.0062569753	0.240552891068257
-0.076710028	-2.0136853	0.76138028	2.15418496109427	-0.066375791	-0.0025593985	-0.0060627412	0.218451446881727
-0.084746049	-2.1271561	0.83249995	2.28583270020759	-0.070226633	-0.002777753	-0.0066837907	0.427138671512467
-0.083365417	-1.9989507	0.71681602	2.12522443527989	-0.064426403	-0.0031580076	-0.0059629081	0.590337914573469
-0.10755368	-1.7117665	0.52739075	1.79439498098645	-0.053716274	-0.0035061523	-0.0046276027	1.12047412352783
-0.098865928	-1.8752497	0.65729695	1.98956658334138	-0.059322198	-0.0038227379	-0.0048245582	0.608050039889123
-0.083824694	-1.899505	0.64344259	2.00727780612827	-0.060698701	-0.0035035782	-0.0042376787	0.167277998077518
-0.078365037	-1.9032815	0.68035844	2.02274792155263	-0.061315882	-0.0040364294	-0.0040272316	0.114175971175615
-0.063190746	-1.8401931	0.66792062	1.95867855205718	-0.059135645	-0.0048086592	-0.0029934934	0.290010736148356
-0.062785599	-1.8284098	0.61346552	1.92960212800637	-0.059425826	-0.0039312645	-0.0032169843	0.136196875518677
-0.074717188	-1.8110055	0.61360899	1.91359336637168	-0.058871593	-0.0041377972	-0.0033351997	0.0734284136235252
-0.11410963	-1.8297754	0.67050594	1.95209560157262	-0.059874976	-0.0032088334	-0.0041302588	0.251429582178278
-0.085491187	-1.8222297	0.62530015	1.92842684595677	-0.060129221	-0.0038724873	-0.0036652592	0.15051485714734
-0.064176226	-1.9115675	0.68057379	2.03012058229919	-0.063346873	-0.0041576675	-0.0040317337	0.359391666446513
-0.053563008	-1.9212344	0.64662366	2.0278394347781	-0.063752912	-0.0036831138	-0.0041643224	0.104889317633034
-0.056026132	-1.9562593	0.65984143	2.06530387329512	-0.065165508	-0.0035229757	-0.0043402883	0.138140788107733
-0.066032689	-1.8951582	0.6328083	1.99910761681124	-0.063253419	-0.0035860354	-0.0042259885	0.202613197432286
-0.063326944	-1.9656775	0.67275356	2.07858020974301	-0.065939579	-0.003725823	-0.004152879	0.258123119614607
-0.062796691	-1.9959391	0.69614159	2.1147882704037	-0.06679633	-0.00394352	-0.0039629443	0.117399016654076
-0.056800001	-2.0464295	0.71619357	2.16887832030596	-0.068186613	-0.0043350142	-0.0039202991	0.167760184276373
-0.057137978	-2.1384504	0.72617988	2.259108691477	-0.070996141	-0.0044932803	-0.0038898479	0.252257405789891
-0.050638457	-2.1816036	0.73143469	2.3015115091165	-0.073100049	-0.0046715548	-0.0037415121	0.176433426579733
-0.044391139	-2.2354474	0.74219223	2.35585333959074	-0.074194254	-0.0051612389	-0.0034469593	0.164770749972808
-0.050176643	-2.2448134	0.73764589	2.36343528689833	-0.074455924	-0.0047803961	-0.0038835192	0.0736514786742579
-0.063641345	-2.176831	0.71069993	2.29079414480141	-0.072194781	-0.0048841674	-0.0037078864	0.235420392901598
-0.06451209	-2.2610923	0.75684886	2.38527155597822	-0.075245244	-0.0050225638	-0.003993947	0.305026915809158
-0.055681983	-2.2432158	0.73133316	2.360077498625	-0.074379834	-0.0050722028	-0.0036438115	0.115481530560036
-0.058918248	-2.2689169	0.74736518	2.38956271550454	-0.075636316	-0.0046115013	-0.0038587627	0.141576115642956
-0.07886772	-2.284031	0.77622648	2.41361663784293	-0.076095101	-0.0046867283	-0.0040180451	0.0985895917895139
-0.084221004	-2.3083096	0.76340479	2.43272959047278	-0.076426079	-0.0055061648	-0.00388222	0.106765552772926
-0.076787335	-2.3340047	0.77088008	2.45921335637624	-0.076995817	-0.0052950791	-0.0037707397	0.0852192585922321
-0.075797931	-2.3722711	0.77202873	2.49588538562661	-0.078708357	-0.0053070888	-0.0039858413	0.137387008515668
-0.098397315	-2.4394448	0.79674812	2.56814729534148	-0.081026347	-0.0057069068	-0.0046493419	0.283557877310943
-0.079499577	-2.5188042	0.8121862	2.64770489370535	-0.083450999	-0.0055135004	-0.005005963	0.262429163193822
-0.087411006	-2.5000898	0.79052287	2.62355028540087	-0.082518636	-0.0055209697	-0.0050999121	0.0999782273097213
-0.072291766	-2.5201318	0.79646596	2.64398343683189	-0.083685114	-0.0056753508	-0.0047906469	0.122610541624059
-0.070856308	-2.4836052	0.79839209	2.60974047277215	-0.082121122	-0.0059910248	-0.0045470415	0.146051749934274
-0.064391664	-2.5132597	0.80473496	2.63973842679213	-0.083331538	-0.005805646	-0.004695881	0.119693725285298
-0.072935648	-2.5488412	0.83079527	2.68181502945691	-0.084150984	-0.0058727348	-0.004960383	0.127737632814463
-0.06878997	-2.5919131	0.82823166	2.72189515972797	-0.085302631	-0.0056023096	-0.0051868844	0.132209864752469
-0.077897823	-2.6027127	0.82772101	2.73227076622447	-0.085177459	-0.0056542349	-0.0052742884	0.0336431679942317
-0.054672241	-2.6723948	0.85844104	2.80741946280909	-0.088114402	-0.0053388295	-0.0053363129	0.289346304157066
-0.050514945	-2.7386189	0.8766143	2.87594121464088	-0.089834378	-0.0052620986	-0.0053398236	0.17856552539857
-0.021871389	-2.3853835	0.63563991	2.4687184721863	-0.077069714	-0.0069276059	-0.0024893063	1.48688338514787
-0.040128082	-2.418862	0.69718765	2.51765252910753	-0.077832361	-0.0070935639	-0.0028787083	0.179183281943342
-0.037173974	-2.594941	0.76916713	2.70679123164244	-0.084038449	-0.0057273262	-0.0048157867	0.726482274563926
-0.11894925	-2.5063279	0.73911585	2.61574477082822	-0.081017295	-0.0042299946	-0.0077685302	0.574000992924423
-0.11912216	-2.5458786	0.71549579	2.64719137208641	-0.082267853	-0.0048278082	-0.0072798635	0.180195580237333
-0.068924381	-2.5939934	0.74862485	2.70073906469642	-0.084220918	-0.0053002175	-0.0057699671	0.328210151088409
-0.045327944	-2.6310674	0.76648452	2.74081535409623	-0.086023983	-0.0057144343	-0.0052652483	0.214630124371907
-0.041517368	-2.6540444	0.77101533	2.76408031867962	-0.0861325	-0.0055594283	-0.0049225489	0.0616295059057297
-0.04172262	-2.6534769	0.78844965	2.76845322995322	-0.086648601	-0.0055270576	-0.0049677707	0.0478917467133438
-0.050553082	-2.6674097	0.82327423	2.79202624979349	-0.086446018	-0.0047746291	-0.0054731129	0.130605525826355
-0.034629615	-2.3470178	0.59902849	2.42250426121061	-0.074209889	-0.0052670461	-0.0034398098	1.29864972751992
-0.032418778	-2.1489022	0.54425886	2.2169910574967	-0.065547205	-0.0061349602	-0.0012427041	0.841479879239281
-0.023649209	-2.2828672	0.63975981	2.37093537499726	-0.071148843	-0.0066960996	-0.0019414067	0.581309151733613
-0.017271156	-2.2994545	0.61921928	2.38143272151945	-0.072402177	-0.0066405822	-0.001679591	0.122039233860598
-0.02647425	-2.3044914	0.69788992	2.40799332204735	-0.07209174	-0.0061218075	-0.0022565295	0.163218143246724
-0.053721477	-2.306171	0.71949686	2.41639947233108	-0.072328119	-0.0051725788	-0.0031663968	0.15530751362138
-0.054374758	-2.3458838	0.73309705	2.45836504655608	-0.074132683	-0.005183099	-0.0033790247	0.155351863737316
-0.066335964	-2.3206693	0.7034702	2.42585588656258	-0.073414702	-0.0052418705	-0.003464119	0.109894895227217
-0.021158074	-2.2541514	0.63676562	2.34245953071368	-0.070784604	-0.0069349459	-0.0021367768	0.460926097114067
-0.033650316	-2.185655	0.5971655	2.26601561274016	-0.068470407	-0.0076931206	-0.0016882746	0.296632430083879
-0.068469944	-2.2520831	0.62078548	2.33707959528892	-0.07152716	-0.0072382253	-0.0028154604	0.356809350317139
-0.088017102	-2.2948179	0.64877343	2.38638705324154	-0.072910513	-0.0084300644	-0.0027437336	0.222615843957024
-0.059903173	-2.3164375	0.63846844	2.40356257052271	-0.073491002	-0.0080557042	-0.0025186522	0.11903504845943
-0.07037785	-2.3116993	0.64054582	2.39983450323363	-0.072811185	-0.0088425473	-0.0022261832	0.105246710278443
-0.096673281	-2.3713213	0.65311899	2.46151880882345	-0.075315407	-0.0091251684	-0.0028973108	0.27138910260593
-0.094919864	-2.3407229	0.65192631	2.43166638107212	-0.074062167	-0.0097423155	-0.0024436484	0.149746967215056
-0.083051993	-2.4250867	0.66426664	2.51578880375024	-0.077186261	-0.01035136	-0.0027766357	0.311878226929424
-0.048914802	-2.4113947	0.6293697	2.49265386211581	-0.077101544	-0.0098171833	-0.0018709633	0.158954434133535
-0.065440621	-2.4550819	0.64425572	2.53905002773423	-0.079035113	-0.0099177963	-0.0024914544	0.207832678439738
-0.032563353	-2.4662654	0.63220788	2.54621526951864	-0.078586695	-0.0099609976	-0.0019219057	0.109167007427081
-0.023544349	-2.4730692	0.64734541	2.5564979335424	-0.079443916	-0.0097730386	-0.0023405112	0.104149607521036
-0.06870018	-2.4752992	0.67163222	2.56571933055718	-0.078880736	-0.010227557	-0.0026434051	0.137702255374351
-0.026153861	-2.5697392	0.68892773	2.66061365057477	-0.083274792	-0.0099418255	-0.0026593962	0.38907058220302
-0.11362032	-2.5686287	0.7042411	2.66584292532583	-0.081846711	-0.011012606	-0.0037035338	0.281040273003085
-0.093335034	-2.6700176	0.75109372	2.77522020551613	-0.086094197	-0.0098726961	-0.0040908754	0.4572635181484
-0.11736471	-2.2207257	0.48748508	2.2766288263607	-0.067202361	-0.013143447	-0.00095614081	2.00178210656783
-0.29249846	-1.099177	0.14434891	1.146552237907	-0.03061326	-0.019263038	0.0065898486	4.15244926935898
-0.32920305	-1.5974233	0.38887889	1.67671185318164	-0.048984634	-0.018058959	0.0034244261	1.91651165768523
-0.34424112	-1.6576952	0.39591142	1.73873551102182	-0.049362694	-0.017851619	0.0029214984	0.136758884603837
-0.32725395	-1.7800249	0.44441744	1.86362299121544	-0.05499139	-0.017172249	0.0020748975	0.545555861562807
-0.2936362	-1.7937465	0.41971027	1.86545046435336	-0.055031696	-0.017203135	0.0024706052	0.0953915048707152
-0.31475123	-1.9815082	0.48375917	2.06384738244204	-0.062357341	-0.017067501	0.0012553303	0.706752502232608
-0.27315874	-2.0922938	0.51073857	2.17098201964974	-0.066576175	-0.01664756	0.0012193283	0.413096183409879
-0.21241028	-2.2155641	0.56496017	2.29630625177586	-0.070299087	-0.015927624	0.00072332415	0.485182858968746
-0.22242538	-2.2790561	0.55569267	2.35634549676126	-0.072049458	-0.01600454	-0.00014403742	0.217507015967148
-0.22057778	-2.3027408	0.56870304	2.38216139182878	-0.073173138	-0.015381183	-0.00025560918	0.131473104536602
-0.21683423	-2.3490611	0.57467534	2.42803560131169	-0.07498457	-0.015429516	-0.00088369451	0.180428653600598
-0.20339741	-2.4597242	0.61173552	2.54280042333055	-0.078037292	-0.01536081	-0.0013577097	0.340932200009407
-0.21972427	-1.7974963	0.28930398	1.83383982293562	-0.054381846	-0.017807367	0.0030736602	2.52762715606662
-0.21998089	-1.8673095	0.43878726	1.93074354078778	-0.055977451	-0.018006246	0.0027264847	0.326636066433228
-0.20029436	-2.109421	0.49148807	2.1751632832597	-0.064739154	-0.017374506	0.0016550646	0.837740590635602
-0.2086127	-2.2069896	0.53757593	2.28107655146091	-0.069093159	-0.016203914	4.9877951e-05	0.508463798532445
-0.15109526	-2.2669024	0.53815125	2.33479828606173	-0.070419946	-0.016429777	0.00082678839	0.234483576083156
-0.16643566	-2.3044497	0.63908696	2.39721116950338	-0.072124548	-0.015146369	0.00023566445	0.332780091846854
-0.17816973	-2.2189104	0.59430367	2.30401924212709	-0.068970412	-0.014343866	0.00082263628	0.36923713462874
-0.15847576	-2.2439445	0.61129407	2.33111173597599	-0.071327503	-0.014948677	0.00081744945	0.210072883756361
-0.16333861	-2.2712859	0.61094421	2.35768360234957	-0.071455163	-0.014626197	0.00074777223	0.0585449709250949
-0.15568551	-2.3147475	0.61114862	2.3991241323675	-0.072569659	-0.014188233	0.00064709878	0.133975779438866
-0.16056467	-2.3071619	0.60453141	2.39044666783018	-0.0723459	-0.014218124	0.00043129381	0.0425547184556657
-0.15783748	-2.4127545	0.70891318	2.51969340280533	-0.075337904	-0.014434256	-0.00013826511	0.401586249792626
-0.1506363	-2.4031513	0.72474343	2.51457362288272	-0.075263948	-0.012541081	-0.0010433404	0.176244928818422
-0.10724528	-2.4215362	0.74566931	2.5360129806191	-0.07609622	-0.0133943	-0.00031724071	0.203281331207419
-0.10611883	-2.5143887	0.71119074	2.61518718439618	-0.080142995	-0.013456089	-0.0010957226	0.372809675450904
-0.06520723	-2.6065167	0.77286086	2.71946597683132	-0.083749832	-0.012936985	-0.0018249916	0.437470121145725
-0.12095896	-2.4276488	0.67214929	2.52188311271423	-0.076736621	-0.01452197	-0.00082793626	0.815093038003275
-0.18007154	-2.0709865	0.50023208	2.13814007412081	-0.064388786	-0.016140672	0.0013644036	1.39563198000562
-0.12379939	-2.3974151	0.65196137	2.48756488933347	-0.075623502	-0.014117842	-0.00062707818	1.29687844107096
-0.10317113	-2.3121758	0.63149351	2.39908008731331	-0.07280857	-0.014552394	0.00024649973	0.332488467471261
-0.12003036	-2.4777986	0.65554361	2.56585865045125	-0.079169223	-0.015623697	-0.00066374854	0.623641803245236
-0.1478459	-2.5407704	0.70572518	2.64110216866917	-0.080965865	-0.015405366	-0.0014092512	0.278992680033001
-0.10789931	-2.6003429	0.70739479	2.6970044211306	-0.084622926	-0.014986777	-0.00099048013	0.325909651298631
-0.11463312	-2.6230642	0.72952608	2.72503483480904	-0.084845835	-0.015054007	-0.0010470615	0.0689224184759143
-0.078384718	-2.7580796	0.76545944	2.86340276563344	-0.089514194	-0.014846419	-0.0017810448	0.487693464198806
-0.10079571	-2.6905491	0.76909374	2.80012846411953	-0.086733881	-0.015229351	-0.0012001679	0.280781841699254
-0.064815781	-2.7536098	0.78368478	2.86369164724946	-0.089368925	-0.014765148	-0.001100678	0.273568475672237
-0.097160512	-2.7484446	0.81309784	2.86784169398765	-0.088280107	-0.014885401	-0.0014456529	0.144625283221637
-0.07624415	-2.8063845	0.79686002	2.91832024009084	-0.090940374	-0.014245597	-0.0019002751	0.282828702036193
-0.10594415	-2.7536645	0.87791835	2.89216752121073	-0.088346539	-0.014052266	-0.0019133293	0.303489303628131
0.07542058	-2.7918297	0.76914138	2.89682236254105	-0.09194502	-0.014259765	-0.0002454856	0.60199797823888
0.12047093	-2.9190668	1.0981451	3.12111949282486	-0.088473479	-0.01536042	0.0014755937	0.815954834439545
0.2829819	-2.7537459	1.4202802	3.11133268616624	-0.073134433	-0.0073812566	0.0010924336	1.83502686766065
0.21788692	-2.166213	0.39482368	2.21265433576165	-0.0731382	-0.0076131455	-0.00014587965	1.75178285351808
0.11190947	-2.456273	0.83487992	2.596695065044	-0.078033492	-0.0096095091	-0.00051680354	1.19922240342156
0.046105141	-2.3603931	0.59540447	2.43476646794928	-0.075239834	-0.0097140164	-0.0014733256	0.593893999751108
0.13417088	-2.6537138	0.8629134	2.79371048844542	-0.081891109	-0.010529266	0.00074055575	1.13291502974725
0.15667589	-2.16558	0.48970548	2.22577975730963	-0.062212947	-0.011543887	0.0039661396	2.07974912553395
-0.099617405	-1.6201979	1.1001261	1.96092893763251	-0.038803006	-0.01349247	0.0061160035	2.78748864648303
-0.045400172	-1.910856	1.4202177	2.38127069938445	-0.05106015	-0.012185592	0.0059443874	1.35174499692231
-0.091972731	-1.7372502	1.0897272	2.05280359778218	-0.04676068	-0.013283093	0.0059841008	0.822502910667504
-0.085294593	-1.9876538	1.1751435	2.31062871137743	-0.05661624	-0.012249164	0.0056499855	0.903676256266063
-0.13031616	-2.0877673	1.1621637	2.39298538777489	-0.059815176	-0.01088818	0.0034176248	0.497728805372786
-0.12907257	-2.3769789	1.2890023	2.70706766608759	-0.068086386	-0.011514801	0.0023772488	0.914202958272435
-0.1239838	-2.5551749	1.4040383	2.91815254915149	-0.07369858	-0.010222172	0.00073624838	0.725611559032285
-0.12701996	-2.5827051	1.422155	2.95110564836798	-0.074481166	-0.010164242	0.00041353219	0.106844668431059
-0.12684361	-2.4747269	1.3372769	2.81578977167243	-0.070528332	-0.010338223	4.3372375e-05	0.41788126196126
-0.13351915	-2.5077036	1.3447856	2.84865810844984	-0.074107479	-0.01093917	-0.0004371127	0.28018979754611
-0.12936644	-2.6022406	1.3403614	2.93001032399147	-0.076825529	-0.01037828	-0.0014108994	0.315750200874469
-0.10937138	-2.5979522	1.2793457	2.89793774128369	-0.077443777	-0.011383176	-0.00047042258	0.21348019666058
-0.13114741	-2.7002768	1.3080949	3.00329930362825	-0.080299775	-0.010743801	-0.0013101642	0.369605510689332
-0.11135867	-2.457164	1.1220387	2.70352113373982	-0.072125484	-0.010472815	0.00012812087	0.943134699347928
-0.12594669	-2.4603254	1.0873356	2.69283537365998	-0.071603112	-0.011848125	0.0010555003	0.193705584121905
-0.15345504	-2.5012174	1.0765078	2.72736245754483	-0.07471385	-0.011369215	0.0005209274	0.285439131741145
-0.13930053	-2.4801188	1.1067019	2.71940857453148	-0.074043332	-0.010859194	0.00098651029	0.147753303385308
-0.14468541	-2.5356882	1.1134812	2.77317307397853	-0.076485059	-0.011007595	0.00058164273	0.217483327526492
-0.15737949	-2.5744612	1.128102	2.81517901679131	-0.076952789	-0.010519986	8.7303138e-05	0.138571808893617
-0.14872136	-2.5652762	1.1316262	2.80772824214402	-0.077186175	-0.011803756	-0.00025992579	0.114586571878513
-0.11000215	-2.6500111	1.1218423	2.87978982726121	-0.079179017	-0.012061846	-0.00060079642	0.262828124893315
-0.095326228	-2.7018823	1.1441719	2.93570849873546	-0.08188767	-0.013020966	-0.00029379866	0.287615216699821
-0.047717894	-2.8259504	1.1790139	3.06240860060528	-0.086216168	-0.013169006	-0.00034686953	0.432998708538211
-0.05875865	-2.7215534	1.0883028	2.93167332294873	-0.08340968	-0.013959677	0.00066496661	0.43659856376005
-0.055393113	-2.7665453	1.1216458	2.98578810275906	-0.084843602	-0.013368404	0.0003021448	0.201101270827488
-0.014854585	-2.4821299	0.90940645	2.64352219405685	-0.074913065	-0.014913585	0.0032826785	1.26000375993464
0.02759546	-2.2259187	0.76826617	2.3549327965759	-0.06568509	-0.015615877	0.0055619617	1.05027737250051
-0.031304746	-2.4568951	0.94294388	2.63181623225399	-0.073999169	-0.015844821	0.0033125757	1.00417354496989
-0.00047940302	-2.4870367	0.92311921	2.65282883971906	-0.074731449	-0.015622332	0.003702314	0.148016977015653
0.012671715	-2.5843953	0.97458635	2.76207860000932	-0.079007629	-0.015346345	0.0027322841	0.438086538172559
-0.042195303	-2.6537005	0.9865525	2.83146474859776	-0.081146718	-0.015562678	0.0022513718	0.277955062355873
-0.066876136	-2.736797	1.0622814	2.93648974279858	-0.084892162	-0.016038282	0.0022203463	0.396109798312491
-0.0091579361	-2.7823558	1.0480322	2.97320688110062	-0.086257145	-0.016631219	0.002711956	0.240002678919832
0.013990229	-2.9407799	1.1236586	3.148172612184	-0.091984576	-0.016618392	0.0023537939	0.562119278588631
0.014064199	-3.0286426	1.1601079	3.24325825981692	-0.093959789	-0.016673362	0.0019884718	0.24416120884344
-0.043657138	-3.0695136	1.212186	3.30048702237705	-0.096344907	-0.016678057	0.0012480107	0.307184112886642
-0.045130385	-3.0578424	1.1918383	3.2822119718621	-0.09534504	-0.016728705	0.0014230176	0.0947682399060598
-0.055745796	-3.0767639	1.2066814	3.30539917275067	-0.097185575	-0.016213978	0.0010140544	0.182591257583932
-0.04782104	-3.1668472	1.2360764	3.39986660130239	-0.099330562	-0.016300246	0.00074515023	0.252410993897698
-0.096520471	-3.0539961	1.216387	3.28873922862642	-0.096627707	-0.017102511	0.0007603412	0.357255437287775
-0.12160499	-2.8820678	1.119013	3.09407379866071	-0.089098107	-0.017253577	0.0013809047	0.709447404141952
-0.15029662	-2.9968849	1.1116815	3.19995998963638	-0.092245887	-0.016737612	8.0737738e-05	0.399035758256165
-0.086647903	-3.0507216	1.154093	3.26287308862142	-0.094559615	-0.016653981	0.00076766077	0.314110992118992
-0.07602555	-3.194437	1.2378267	3.42672184025122	-0.10084359	-0.016658477	0.00025115999	0.578319524747044
-0.084660473	-3.1703284	1.1797634	3.38378356865724	-0.098790919	-0.01622108	-0.00056365886	0.256051146180195
-0.11881321	-3.0546911	1.1279362	3.25844968759073	-0.096557112	-0.017443187	0.00046066908	0.425629304736448
-0.042970912	-3.0595087	1.0760257	3.24349676918512	-0.095341983	-0.016964286	0.0014002194	0.264249408305393
-0.06428738	-3.0022411	1.0599764	3.1845147916619	-0.094550457	-0.018222823	0.0024287871	0.248564895546891
-0.044176715	-3.1245443	1.1293589	3.32267666043807	-0.09669006	-0.017574288	0.0016282006	0.391232567956688
-0.084038268	-2.4258598	0.64371073	2.51121916679162	-0.072076117	-0.019723702	0.0060737717	2.78460935729341
-0.15029155	-3.2428224	1.2962359	3.49552745324536	-0.073283918	-0.019291779	0.0037112352	1.73585404568921
-0.13680282	-2.3441392	0.73514711	2.46051719641988	-0.058989615	-0.013604481	0.0031841452	2.49868880164573
-0.20260998	-2.0822871	0.54484632	2.16190376363971	-0.058268303	-0.013707706	0.0036661582	0.583287548982539
-0.16889363	-2.312627	0.73314259	2.43192655247964	-0.063674977	-0.015396143	0.0040684329	0.827221465568682
-0.21081842	-2.3898351	0.69089375	2.49661578645821	-0.067607931	-0.016592891	0.0039933503	0.421620829687847
-0.20427162	-2.4634283	0.72903871	2.57715023323375	-0.068483231	-0.015706536	0.0034957929	0.231245576895561
-0.23280217	-2.4684748	0.704706	2.57762977074438	-0.069828355	-0.015508721	0.0031212073	0.153785984803933
-0.21634041	-2.5211394	0.73827252	2.63590465704253	-0.071295414	-0.015163867	0.0026784528	0.215426248155624
-0.24508454	-2.5318685	0.70665765	2.6400359026617	-0.072060634	-0.01489957	0.0024313424	0.134919468996594
-0.21607569	-2.4624602	0.70435595	2.57031442525879	-0.069874463	-0.014347551	0.0028533316	0.258727787725372
-0.22585434	-2.4166723	0.61890388	2.50486670327249	-0.068279812	-0.015321421	0.003507404	0.302148279044758
-0.20018666	-2.4866981	0.71790373	2.59598303248181	-0.070827703	-0.016254977	0.0039843927	0.392615078619981
-0.20431197	-2.5469476	0.69712216	2.64852124103132	-0.073532472	-0.016325848	0.0036047525	0.242920348661348
-0.20521332	-2.6317428	0.74640517	2.74322863608923	-0.076794353	-0.016859097	0.0027536669	0.367290266095645
-0.22038916	-2.6802207	0.75022214	2.79195050849763	-0.07917103	-0.017691796	0.00281105	0.230808635828222
-0.18450171	-2.8242967	0.84186414	2.95286775200681	-0.084830636	-0.017707219	0.0027930842	0.556254812325897
-0.25868659	-2.9285817	0.85084997	3.060629869303	-0.087513321	-0.017834018	0.00067435723	0.433866198458845
-0.3607673	-2.9291182	0.89801847	3.08485391011984	-0.087522295	-0.018526883	-0.00062490699	0.249840865737728
-0.31711018	-2.9393923	0.85490643	3.07757225156685	-0.089031521	-0.018425397	0.00012370727	0.215009564961989
-0.36375918	-2.8197342	0.84939335	2.96726991740019	-0.086839545	-0.020562078	0.00093903823	0.429019534606805
-0.31216742	-2.9786687	0.87433909	3.11999752672517	-0.089932445	-0.019444459	0.00020219437	0.482840077619125
-0.27505474	-2.9537078	0.90041857	3.1001287842569	-0.09142221	-0.01980174	0.0010414789	0.222469578285039
-0.30008679	-3.0519802	0.97594673	3.21824598850402	-0.088860118	-0.019258416	0.00045917915	0.383218361716228
-0.68097276	-2.33941	1.4852078	2.85349001349976	-0.055871682	-0.029903273	0.0071078031	4.11673517324786
-0.97235268	-2.4279815	1.5100245	3.02005594140997	-0.06876138	-0.033368612	0.0021412953	1.47084055653291
-0.87118887	-2.680747	1.2588354	3.08707646317904	-0.073862189	-0.033083943	0.0022735046	0.881002498459432
-0.89201346	-2.7642135	1.2512648	3.16262990027642	-0.077368345	-0.032703447	0.0014066899	0.349534933733316
-0.93362167	-2.2567011	1.0246476	2.64844331289544	-0.058978628	-0.029075645	0.00012649361	1.94061051432765
-0.88640257	-2.2588921	1.1818533	2.69908878295359	-0.058644337	-0.029034147	0.00076191755	0.257176446387522
-0.93354174	-2.5589936	1.3619797	3.04547814445865	-0.067421128	-0.028029412	-0.0015881444	1.13394502981913
-0.98846214	-2.5793807	1.2067871	3.0143983317525	-0.071218812	-0.029754459	-0.0018296841	0.518713510168362
-0.92556049	-2.4519233	1.2703595	2.91245658319093	-0.06457129	-0.031571415	0.0016176257	0.849520130173255
-0.88303132	-2.7124887	1.4251895	3.18880924023982	-0.07343786	-0.029786897	-0.00041249999	1.09198377303348
-0.93283129	-2.6411162	1.7570842	3.30651083219081	-0.067058062	-0.029919301	-0.0012216797	0.819135713413702
-0.8976965	-2.733632	1.4945536	3.2422667041453	-0.074209998	-0.031589775	-0.0010509415	0.839837828147817
-0.97297209	-2.7379854	1.4588116	3.25136433252668	-0.07356112	-0.032685412	-0.0014634205	0.223220686544564
-0.94699396	-2.8040745	1.4352725	3.28932189228768	-0.077121575	-0.030582663	-0.0018095137	0.416071076512121
-1.0799237	-2.7257689	1.4700391	3.279796678082	-0.074015827	-0.031741476	-0.0027926761	0.50838804236779
-0.69314531	-3.1595809	1.4821313	3.55810554577285	-0.07103826	-0.029862782	0.0018960537	1.30993184644262
-0.49660312	-2.6833223	0.90086222	2.87374076142827	-0.073372774	-0.021375912	0.002551993	1.82793473439972
-0.80309835	-3.1792024	1.2285796	3.50167141426414	-0.091999646	-0.023380913	-0.0053016769	2.55435536493048
-0.89436546	-2.5265567	1.2609854	2.96200312514505	-0.068974986	-0.029197607	3.8145125e-05	2.48535125467487
-0.80943976	-2.3205505	1.150338	2.71356313034414	-0.053467751	-0.028639992	0.00219732	1.3127727534992
-0.51896844	-2.4196037	1.2393711	2.76764358801579	-0.073768717	-0.01377914	-0.0016923044	2.43110534966741
-0.56276695	-1.4964034	0.70261887	1.74631127008444	-0.048638531	-0.011572849	0.0011954564	3.01492979444185
-0.5230484	-2.2064686	0.87150964	2.42932343753183	-0.06446426	-0.010401754	-0.00071038194	1.86379936173232
-0.55930155	-1.8589765	0.82965922	2.11114809350639	-0.057743496	-0.011123311	-0.00040109464	0.813175451722808
-0.56127328	-2.1965508	1.1590686	2.54623312587998	-0.063212561	-0.010634291	-0.0012608084	1.00984500563393
-0.65613899	-1.9512202	1.0856121	2.32730150061239	-0.05862061	-0.010974898	-0.0011049845	0.668071703189133
-0.58749574	-2.2865857	1.0904146	2.6005056061958	-0.066995309	-0.010120265	-0.0016643126	0.898243029660227
-0.6335575	-2.0408769	1.093531	2.40049654753363	-0.061549709	-0.01101712	-0.0011566837	0.637390816793745
-0.56989639	-2.2840459	1.1626639	2.62553516697169	-0.066488591	-0.011316934	-0.00062454752	0.66450436764677
-0.67952257	-2.179697	1.1454186	2.55437148907013	-0.065779445	-0.013342087	-0.00057853121	0.370236127453404
-0.67076538	-2.5080059	1.2070857	2.86305355810642	-0.074578362	-0.011258156	-0.0022819417	1.02804466614078
-0.66616351	-2.1585217	1.0955464	2.51061977726205	-0.068432938	-0.011277128	-0.0017316506	0.801359241133186
-0.63266687	-2.7879914	1.4117906	3.18846610662838	-0.077369921	-0.012930114	-0.0025702379	1.55063685729291
-0.54850075	-2.1283545	0.94078866	2.39078005119781	-0.054208569	-0.011471442	-0.002471372	2.4507235635677
-0.60969328	-1.5790947	0.6867086	1.82670048682295	-0.048002595	-0.0034839084	-0.0036299883	1.63213702211967
-0.67276027	-1.8801037	1.0187143	2.24169023923214	-0.055448402	-0.0074651629	-0.0044909279	1.31048075221224
-0.73328268	-1.9600022	1.5459608	2.60178917438163	-0.055603204	-0.013892686	-0.0031181851	1.06542024639374
-0.59130945	-1.8399766	1.2923372	2.32492928767967	-0.057290196	-0.010231716	-0.0072342442	0.98882322749587
-0.51324153	-2.1829998	1.3239761	2.60419233319814	-0.058508011	-0.012776188	-0.0043931367	0.782899659139607
0.094711218	-2.0602375	1.1081292	2.34126015109683	-0.047539728	0.00070211132	0.00050439616	2.41375961218144
-0.30875489	-1.4234457	0.51843736	1.54606097525006	-0.046920692	0.0033100759	-0.0061581733	2.1244275964054
-0.34393724	-1.7293268	0.78162335	1.92867806217686	-0.053753458	0.0021619325	-0.0066199391	1.02638253206035
-0.40688206	-1.8155134	0.86071632	2.04999378044026	-0.056909981	0.0011972152	-0.0075920877	0.482893765693665
-0.39237089	-1.8838202	0.85501901	2.10565689719594	-0.057877435	0.00070397385	-0.0067231596	0.204996448996716
-0.37901544	-1.9866657	1.1017253	2.30310484867167	-0.060309283	-0.0010587964	-0.0067336971	0.573164986126607
-0.42997785	-1.9989412	0.96405687	2.26054252805433	-0.062226253	-0.002350834	-0.007308843	0.390113995434245
-0.47682993	-2.0738985	1.4089546	2.55217061249972	-0.058549687	-0.0025124298	-0.0065786855	0.795122970645565
-0.437755	-2.3391226	1.9674796	3.08773378941124	-0.049803139	-0.002613396	-0.0024527995	1.51149249965756
-0.46018341	-1.2495404	0.1573125	1.34084570504128	-0.03953325	-0.0048208887	-0.0023776374	3.54980262098391
-0.59013107	-1.7871288	0.97706354	2.12055115212204	-0.059573714	-0.0019654144	-0.007876876	2.90702878207641
-0.69229279	-2.1921307	1.3077524	2.64479160855335	-0.067534101	-0.0050174983	-0.0094649162	1.46787691652676
-0.6975327	-1.9960738	1.1443887	2.40426454020838	-0.064096359	-0.0035712827	-0.010320271	0.651626037753975
-0.85527247	-1.8524644	1.5495796	2.56209138945968	-0.044210549	-0.016331835	-0.0016067388	2.77451270518324
-1.0453591	-1.9118607	1.9868644	2.94883318079281	-0.034845506	-0.020612578	0.00083233444	1.49100878719807
-1.0810261	-1.5227552	1.2720232	2.25952292516506	-0.040300909	-0.014418912	-0.0078789773	2.15763052651468
-1.1342216	-1.4138222	1.1567259	2.15020153912377	-0.038751415	-0.014837337	-0.0096783424	0.465789984959755
-1.1455072	-1.3978126	1.6965132	2.47875449525459	-0.031323292	-0.012539239	-0.0068474422	1.19493763357291
-0.9078282	-1.1760883	0.90083851	1.73748259018937	-0.030400842	-0.008114269	-0.0035008027	1.68978070477135
-0.99987631	-1.7403001	0.76186991	2.14682156527333	-0.057720969	-0.0030746585	-0.012025157	2.83938906109582
-0.9513323	-1.9957498	1.1480839	2.49121397127235	-0.062061161	-0.001487327	-0.013097026	1.04017714377441
-0.9639028	-1.9946222	0.92984753	2.40254922064622	-0.064998026	-0.0014069243	-0.014264514	0.441172198910805
-0.95480808	-2.091495	1.1239444	2.55915236337144	-0.063933742	-0.0013790984	-0.013906043	0.372593432392499
-0.94191021	-2.1432443	0.96075808	2.53056259781694	-0.068959229	-0.0011729526	-0.014626656	0.5254455147829
-0.91634114	-2.1745539	1.1333086	2.61777656259958	-0.067462609	-0.00081089504	-0.014161403	0.345625710707488
-0.96567704	-2.2393208	1.1768233	2.70776713738805	-0.072174486	-0.0016622007	-0.015853547	0.520383603678723
-0.87869364	-2.2351184	1.4206505	2.79035922743744	-0.06848221	-0.0010943746	-0.01503833	0.588778848622319
-0.9149924	-2.1698525	0.96119654	2.54349557741349	-0.071504142	-0.00069816273	-0.015365366	0.74827755580484
-0.88353883	-2.5183286	1.6682508	3.14732911107122	-0.065795722	0.00035429284	-0.013187541	1.53391854702114
-0.65292959	-1.9536728	0.74484508	2.19042202603919	-0.059217393	0.0021428599	-0.01161104	2.21583999984811
-0.7421804	-1.8046862	0.77253355	2.09869771822676	-0.060715406	0.00036439397	-0.011502045	0.435199557774827
-0.65023393	-1.9237913	0.87915025	2.21284484131943	-0.061416261	0.0016282951	-0.011025779	0.439719371351452
-0.71697021	-2.0269907	0.97599415	2.36120777585289	-0.063317295	0.00081818157	-0.01196251	0.449173489367047
-0.67537569	-2.1607632	0.96935288	2.46265607324318	-0.06834056	0.0012305013	-0.011955749	0.454125312285283
-0.68094373	-2.3193906	1.102936	2.65701429030607	-0.073211342	2.463903e-05	-0.011885806	0.605107679102691
-0.70337167	-2.3272723	1.0678498	2.6554154589943	-0.073862708	-0.00028199997	-0.012077125	0.122862039349593
-0.73196624	-2.3773278	1.1648263	2.74668570359338	-0.075835117	-0.00063757828	-0.011990945	0.296334919418641
-0.73198011	-2.4245428	1.0654787	2.74762579887093	-0.07864394	-0.00061180609	-0.012313086	0.304413233263299
-0.70736763	-2.5202454	1.2162918	2.8864115408133	-0.080522068	-0.001071093	-0.011650789	0.421113760891178
-0.68657501	-2.3987957	1.1029818	2.7280349898464	-0.07505094	-0.0025726063	-0.010856707	0.643888135719831
-0.68462381	-2.4214761	1.023435	2.71655580898224	-0.078665139	3.3902044e-05	-0.012150331	0.479894827442958
-0.6516364	-2.5739974	1.0995725	2.87387409184327	-0.084138876	0.00031515029	-0.012973154	0.590536279420286
-0.64986455	-2.6321037	1.3558685	3.03128243655926	-0.084012676	-0.0011895935	-0.013292965	0.413711882329497
-0.6951684	-2.2866674	1.0658223	2.61688442193357	-0.074007182	-0.0019760335	-0.01259004	1.25552721149672
-0.74532745	-2.4336667	1.3160888	2.86536844819263	-0.077117518	-0.002402595	-0.013147529	0.652144111789881
-0.71507866	-2.4211166	1.3730137	2.87372749250353	-0.076369302	-0.0028960395	-0.013219866	0.165423663876255
-0.66239107	-2.4238361	1.2352989	2.79994763194246	-0.076870879	-0.0029775351	-0.011748114	0.295863113094538
-0.72058702	-2.4400834	1.3948256	2.90151531217111	-0.077523306	-0.0049049807	-0.012635618	0.407338763047256
-0.7235926	-2.4893462	1.2513921	2.87861302403981	-0.079779751	-0.002251805	-0.012926981	0.455751002103895
-0.77238733	-2.5653212	1.4384049	3.04079984593823	-0.081617517	-0.0021811514	-0.013463889	0.4340488967459
-0.75136292	-2.4929632	1.3345989	2.92584448971342	-0.080937988	-0.0015234801	-0.013292028	0.272641473743086
-0.72515062	-2.5504785	1.4781307	3.03572962678351	-0.081702438	-0.0018937313	-0.013952978	0.317041958362026
-0.70773209	-2.4375864	1.34967	2.87477325672491	-0.078263431	-0.0020972245	-0.013215051	0.477792604411271
-0.73594591	-2.4231272	1.2564318	2.82697412048232	-0.078686603	-0.0029967208	-0.01348611	0.215597583284434
-0.68923771	-2.4457307	1.2020088	2.81095578639828	-0.080009871	-0.0013155357	-0.012792054	0.30866013957687
-0.74893376	-2.5144912	1.1447478	2.86251904750868	-0.083878421	-0.0021086632	-0.013495066	0.453951902621184
-0.65216421	-2.6116814	2.1628491	3.45313106054226	-0.072906714	-0.0039062194	-0.010463938	2.00207778830931
-0.42007356	-2.4422526	1.099004	2.7108798110639	-0.07565693	-0.00046350941	-0.010531178	1.77837272115429
-0.57096997	-2.1372106	0.79648587	2.35118387126652	-0.071159278	0.00023061552	-0.012010516	1.0920120895119
-0.50008275	-2.2822213	1.0945058	2.58003096207291	-0.071400633	0.000223382	-0.010981485	0.577798823700613
-0.57882619	-2.2639812	1.1143253	2.58889387700683	-0.072656556	-0.00010155692	-0.012429439	0.268243825476942
-0.52582365	-2.4815387	1.2803649	2.84145369620007	-0.077026669	-0.00088826035	-0.011780823	0.726871086042346
-0.57481878	-2.350947	1.2360043	2.71754945792495	-0.076381194	-0.0010365722	-0.012680711	0.308631170414751
-0.57985111	-2.5067711	1.4972786	2.97690642506301	-0.075938039	-0.0029379893	-0.012570101	0.544889820494289
-0.5732325	-2.2862189	1.1736418	2.6330262878446	-0.069335613	-0.0035086041	-0.011815607	0.947183749107736
-0.47820228	-1.9859132	0.9772766	2.26442006073056	-0.059176283	-0.0047667216	-0.0085432197	1.32619059833935
-0.80114948	-1.9319521	2.1478315	2.99790919782286	-0.062582428	-0.015834186	-0.0025151413	2.57254422707901
-1.0452592	-1.8672528	2.1681296	3.04630690782932	-0.068806827	-0.012102803	-0.0087671085	1.13949346025703
-1.2022684	-2.2620585	2.8950128	3.86567679394238	-0.07332731	-0.012923449	-0.010517312	1.63326452023144
-1.1671399	-2.4047613	2.7603586	3.84248253824837	-0.078192791	-0.01304987	-0.011990275	0.635728503379525
-1.1242769	-2.2608582	1.9336622	3.18033455034053	-0.082563632	-0.0081635479	-0.014199476	1.58678026552026
-0.96427165	-2.4591557	2.580456	3.6926981652678	-0.072120002	-0.0038928917	-0.014311892	1.74642912464423
-0.71153911	-1.9642878	0.93335712	2.2882023467655	-0.054518279	0.0010187314	-0.012099951	3.63095204444443
-0.76867025	-2.1515628	1.0033185	2.49534054750472	-0.075669559	0.0038795024	-0.015060547	1.66298005354508
-0.60832762	-2.1436262	1.10764	2.4883854500823	-0.068836257	0.0060346918	-0.013600769	0.79501350792634
-0.61980638	-1.228291	0.70307791	1.54504927976414	-0.042030363	0.0072895068	-0.011053322	2.86174368360602
-0.63188503	-1.590957	0.91978988	1.94330550617691	-0.051644196	0.0070927223	-0.011653182	1.11197864335728
-0.60822999	-1.5801469	1.0025104	1.96769790578309	-0.052696036	0.0054782584	-0.0119918	0.267431743727838
-0.65967452	-1.8154576	1.1049185	2.22528687170379	-0.060020741	0.0048565883	-0.013720844	0.872933455022701
-0.50481499	-2.39103	1.1877715	2.71710577108087	-0.066812439	0.001475613	-0.01005074	1.50542295882389
-0.35721828	-1.9196679	0.7331308	2.08571582814275	-0.066919773	0.008449144	-0.010806967	1.46545340258906
-0.47265053	-1.9041397	0.93785416	2.17456132267055	-0.064942341	0.0074833611	-0.012782421	0.581617220953965
-0.45730429	-2.023957	1.1009088	2.34894217413261	-0.067765079	0.0065501949	-0.012050596	0.522604590633974
-0.4632883	-1.9594698	0.93649242	2.22062513692572	-0.068455593	0.0080569515	-0.012168136	0.350628112183999
-0.41293913	-1.8837388	0.87879625	2.11926247565625	-0.062667672	0.0088773641	-0.01157272	0.543963414460978
-0.3735085	-1.95259	0.91522302	2.18854963023692	-0.066007996	0.011104608	-0.012659844	0.477443091658651
-0.38226178	-1.9766662	0.91461704	2.21130225535307	-0.068040055	0.0089334641	-0.012222068	0.26548436602232
-0.4602475	-2.1629379	0.94668932	2.40548306772563	-0.073501763	0.0079826053	-0.013738757	0.692792141515232
-0.48258057	-2.0865953	1.0242557	2.37399740764519	-0.070446666	0.0068481611	-0.013199192	0.412697297224633
-0.47718223	-1.8404352	0.98934536	2.14329392463571	-0.062953372	0.0055777358	-0.01169067	0.800079957026311
-0.43833339	-2.2331463	1.0842101	2.52083123174373	-0.076321468	0.0060102871	-0.012701543	1.2669957156929
-0.45962226	-2.1685757	1.0664585	2.45994043032352	-0.074089668	0.0063405566	-0.012689005	0.232341421765691
-0.45434022	-2.0735187	1.1024258	2.39191293304438	-0.071738484	0.0064011977	-0.01254846	0.263924817915626
-0.47053671	-2.101433	0.9760134	2.36432392153152	-0.072189147	0.0065131866	-0.013347594	0.238612483743183
-0.52662148	-2.1683787	1.0341374	2.45939759532489	-0.07428115	0.0060847582	-0.013509756	0.315284120753116
-0.48355481	-2.2416924	1.2502206	2.61190765900256	-0.074361531	0.0050707817	-0.013018979	0.411720292580734
-0.54526657	-2.3021639	1.7103913	2.91936853684807	-0.074149235	0.0032969256	-0.01320385	0.690905103338666
-0.54957074	-2.235243	1.488846	2.74135033861583	-0.072451394	0.0042291754	-0.014369605	0.482562644815089
-0.69171007	-2.3131131	1.3307717	2.75679312822923	-0.075231384	0.003875221	-0.015430266	0.587813952661857
-0.64986264	-2.3373167	1.395675	2.79879965567235	-0.075863178	0.0045377307	-0.015302188	0.202073413864421
-0.73786459	-2.5280081	1.6325159	3.09844755814816	-0.08018128	0.0025190016	-0.015758636	0.85519801992231
-0.70692674	-2.4890483	1.2766871	2.88531398755254	-0.08195674	0.0042478784	-0.01637047	0.631534967097124
-0.84091625	-2.7930218	2.2478597	3.68252415411948	-0.081646445	0.00057779193	-0.016343986	1.60947878044949
-0.96013323	-2.0482577	2.6628924	3.49402509420543	-0.058555219	-0.0009353151	-0.012640306	2.69438866788101
