0	0	0	0	0	0	0	0	0	0	0	0
0	0	0	0	0	0	0	0	0	0	0	0
0	0	0	0	0	0	0	0	0	0	0	0
0	0	0	0	0	0	0	0	0	0	0	0
0	0	0	0	0	0	0	0	0	0	0	0
0	0	0	0	0	0	0	0	0	0	0	0
0	0	0	0	0	0	0	0	0	0	0	0
0	0	0	0	0	0	0	0	0	0	0	0
0.0865660809936357	0	0	0	0.0128145519434814	0.0569575174956959	0	0	0	0	0	0
0.461454317465326	0	0	0	0.0683100153412041	0.303621141893071	0	0	0	0	0	0
0.846377699210787	0	0	0	0.125291001577607	0.556887548303238	0	0	0	0	0	0
1.06249501485734	0	0	0	0.157283284645639	0.699085342702254	0	0	0	0	0	0
1.13936458011243	0	0	0	0.168662441765003	0.749662884825536	0	0	0	0	0	0
1.14098475731043	0	0.0865660809936357	0	0.182400464415684	0.72479752544664	0	0	0	0	0	0
1.02381086458275	0	0.461454317465326	0	0.236325571718779	0.592358649302949	0	0	0	0	0	0
0.61161654997806	0	0.846377699210787	0	0.290823893837347	0.452506456202369	0	0	0	0	0	0
0.195855796633726	0	1.06249501485734	0	0.31995798747905	0.367477303981068	0	0	0	0	0	0
-0.0407776523649521	0	1.13936458011243	0	0.328907156857087	0.330951658671722	0	0	0	0	0	0
-0.129291381369098	0	1.05441867631679	0.0865660809936357	0.334199249255144	0.317414947838218	0	0	0	0	0	0
-0.136732190038925	0	0.64892262811106	0.461454317465326	0.357853937113249	0.299412029908261	0	0	0	0	0	0
-0.108742920803066	0	0.226693168232599	0.846377699210787	0.381722199126365	0.284897657824509	0	0	0	0	0	0
-0.0725141664141523	0	-0.0202615190128316	1.06249501485734	0.393638920425714	0.279970089593532	0	0	0	0	0	0
-0.0420872383376366	0.0865660809936357	-0.117647217620037	1.05279849911879	0.372821581279657	0.270238077098145	0	0	0	0	0	0
-0.0217173624923926	0.461454317465326	-0.130911558567099	0.679530439845104	0.269066984569717	0.226664778617194	0	0	0	0	0	0
-0.0100731987433314	0.846377699210787	-0.10612437830488	0.263999246365598	0.160992666744164	0.182195390021834	0	0	0	0	0	0
-0.00425256727150553	1.06249501485734	-0.0714368426700668	0.0105758525860415	0.0988430191875692	0.158286070535229	0	0	0	0	0	0
-0.00163402477331933	1.05279849911879	-0.0416767948152793	-0.0105650032742808	0.079204544606097	0.138260075900706	0	0	0	0	0	0
-0.000556701029233766	0.679530439845104	-0.0215711049855161	0.342186922647288	0.0938238340401574	0.0846343461530461	0	0	0	0	0	0
-0.000146257506876445	0.263999246365598	-0.0100731987433314	0.746073952377733	0.118397616052461	0.0329383170810289	0	0	0	0	0	0
0	0.0105758525860415	-0.00425256727150553	0.993676714685464	0.137740464612867	0.00635937549311931	0	0	0	0	0	0
0	-0.0105650032742808	-0.00163402477331933	1.0121990280476	0.164688778496081	0.00306643345914432	0	0	0	0	0	0
0	0.342186922647288	-0.000556701029233766	0.658369778381946	0.236646774813769	0.0224827752700622	0	0	0	0	0	0
0	0.746073952377733	-0.000146257506876445	0.254072305129143	0.306580985567922	0.0459171720208317	0	0	0	0	0	0
0	0.993676714685464	0	0.00632328531453594	0.328747207075161	0.0659194958534625	0	0	0	0	0	0
0	1.09876510904124	0	-0.0987651090412358	0.272352185970953	0.0915577259973823	0	0	0	0	0	0
0	1.11982409584727	0	-0.119824095847272	0.200816743568049	0.112540664640595	0	0	0	0	0	0
0	1.10045000433993	0	-0.100450004339931	0.155013139308523	0.122884637812384	0	0	0	0	0	0
0	1.06881830017188	0	-0.0688183001718806	0.133968314237007	0.125609845832523	0	0	0	0	0	0
0	1.04059947107119	0	-0.0405994710711937	0.128091090057669	0.124667448436899	0	0	0	0	0	0
0.0865660809936357	1.02116066146316	0	-0.0211606614631588	0.143810188227149	0.137795718939397	0	0	0	0	0	0
0.461454317465326	0.923360860242819	0	-0.00992694123645497	0.20812761493272	0.20193105325579	0	0	0	0	0	0
0.846377699210787	0.54279824980618	0	-0.00425256727150553	0.273884172173008	0.268366324955904	0	0	0	0	0	0
1.06249501485734	0.155256325562532	0	-0.00163402477331933	0.311514563194753	0.30553637599292	0	0	0	0	0	0
1.05279849911879	-0.0619383138281109	0	-0.000556701029233766	0.299246618417637	0.293151129386216	0	0	0	0	0	0
0.679530439845104	-0.139218322605553	0	-0.000146257506876445	0.186045359627632	0.183157221689508	0	0	0	0	0	0
0.263999246365598	-0.14098475731043	0	0	0.0641198317618152	0.0646769339557774	0	0	0	0	0	0
0.0105758525860415	-0.110376945576385	0	0	-0.00758739772729483	-0.00538250736506147	0	0	0	0	0	0
-0.0971310842679164	-0.0730708674433861	0	0	-0.0358756813225312	-0.0334110488637945	0	0	0	0	0	0
-0.119267394818038	-0.042233495844513	0	0	-0.0395993450729538	-0.0375229598827752	0	0	0	0	0	0
-0.100303746833054	-0.0217173624923926	0	0	-0.032102047891146	-0.0306026819044744	0	0	0	0	0	0
-0.0688183001718806	-0.0100731987433314	0	0	-0.0216353784915187	-0.0206867941065392	0	0	0	0	0	0
-0.0405994710711937	-0.00425256727150553	0	0	-0.0126355687574222	-0.0121023150200779	0	0	0	0	0	0
-0.0211606614631588	-0.00163402477331933	0	0	-0.00654247944174634	-0.00627343461022584	0	0	0	0	0	0
-0.00992694123645497	-0.000556701029233766	0	0	-0.00305237706819032	-0.00292962518408301	0	0	0	0	0	0
-0.00425256727150553	-0.000146257506876445	0	0	-0.00129841072896495	-0.00124771383982493	0	0	0	0	0	0
-0.00163402477331933	0	0	0	-0.000498906933533639	-0.000479426942390385	0	0	0	0	0	0
-0.000556701029233766	0	0	0	-0.000169974169256834	-0.000163337469926453	0	0	0	0	0	0
-0.000146257506876445	0	0	0	-4.46559228803945e-05	-4.29123171621043e-05	0	0	0	0	0	0
0	0	0	0	0	0	0	0	0	0	0	0
0	0	0	0	0	0	0	0	0	0	0	0
0	0	0	0	0	0	0	0	0	0	0	0
0	0	0	0	0	0	0	0	0	0	0	0
0	0	0	0	0	0	0.0865660809936357	0	0	0	0.0150313711403651	0.0569575174956959
0	0	0	0	0	0	0.461454317465326	0	0	0	0.0801271240482186	0.303621141893071
0	0	0	0	0	0	0.846377699210787	0	0	0	0.146965383851684	0.556887548303238
0	0	0	0	0	0	1.06249501485734	0	0	0	0.184492086505368	0.699085342702254
0	0	0	0	0	0	1.13936458011243	0	0	0	0.197839750526714	0.749662884825536
0	0	0	0	0	0	1.14098475731043	0	0	0	0.198121078784812	0.750728905951155
0	0	0	0	0	0	1.11037694557639	0	0.0865660809936357	0	0.210066773056663	0.704658633257735
0	0	0	0	0	0	0.98650478644975	0	0.461454317465326	0	0.278338054771721	0.567812527154803
0	0	0	0	0	0	0.580779178379187	0	0.846377699210787	0	0.349733477328418	0.432216521481942
0	0	0	0	0	0	0.175339663281605	0	1.06249501485734	0	0.389262770734469	0.353978390654573
0	0	0	0	0	0	-0.0524218161140132	0	1.13936458011243	0	0.402567928512783	0.323290197590809
0	0	0	0	0	0	-0.135112012840924	0	1.14098475731043	0	0.401880279408098	0.318975087723168
0	0	0	0	0	0	-0.139350732537111	0	1.11037694557639	0	0.395322689968187	0.326420927074262
0	0	0	0	0	0	-0.109820244547152	0	1.07307086744339	0	0.387697148220963	0.336887340833507
0	0	0	0	0	0	-0.0729246099365097	0	1.04223349584451	0	0.381477201987699	0.345854799723565
0	0	0	0	0	0	-0.042233495844513	0	1.02171736249239	0	0.377361085212619	0.351904296130442
0	0	0	0	0	0	-0.0217173624923926	0	1.01007319874333	0.0865660809936357	0.355084760610072	0.350002457999259
0	0	0	0	0	0	-0.0100731987433314	0	0.91768648627787	0.461454317465326	0.267507644816132	0.328404170144401
0	0	0	0	0	0	-0.00425256727150553	0	0.540179707307993	0.846377699210787	0.17825576545554	0.305221853335142
0	0	0	0	0	0	-0.00163402477331933	0	0.154179001818447	1.06249501485734	0.12822314955105	0.292088329254032
0	0	0	0	0	0	-0.000556701029233766	0	-0.0623487573504682	1.13936458011243	0.110421892211703	0.287425103931178
0	0	0	0	0	0	-0.000146257506876445	0	-0.139364580112429	1.14098475731043	0.110019258280464	0.287368038160595
0	0	0	0	0	0	0	0	-0.14098475731043	1.11037694557639	0.117074750708567	0.289273790802578
0	0	0	0	0	0	0	0	-0.110376945576385	1.07307086744339	0.12567427928894	0.291596601645175
0	0	0	0	0	0	0	0.0865660809936357	-0.0730708674433861	0.955667414850877	0.141580656872372	0.282695140064908
0	0	0	0	0	0	0	0.461454317465326	-0.042233495844513	0.560263045027067	0.184410896406625	0.237108282491592
0	0	0	0	0	0	0	0.846377699210787	-0.0217173624923926	0.163695499532544	0.226215935079674	0.189714544331749
0	0	0	0	0	0	0	1.06249501485734	-0.0100731987433314	-0.0582424475858391	0.249522311689135	0.163060427629507
0	0	0	0	0	0	0	1.13936458011243	-0.00425256727150553	-0.13773055533911	0.257938402146072	0.153614108250831
0	0	0	0	0	0	0	1.14098475731043	-0.00163402477331933	-0.140428056281197	0.258351402495048	0.153478650172167
0	0	0	0	0	0	0	1.11037694557639	-0.000556701029233766	-0.110230688069509	0.255335251902475	0.157330446567813
0	0	0	0	0	0	0	0.98650478644975	-0.000146257506876445	0.0134952135502495	0.245972806392892	0.149343734998464
0	0	0	0	0	0	0	0.580779178379187	0	0.419220821620813	0.218566959114302	0.0983751198912885
0	0	0	0	0	0	0	0.175339663281605	0	0.824660336718395	0.191560374861924	0.0446487240106682
0	0	0	0	0	0	0	-0.0524218161140132	0	1.05242181611401	0.176384650462131	0.0144994080984029
0	0	0	0	0	0	0	-0.135112012840924	0	1.13511201284092	0.170816241395419	0.00398565316354141
0	0	0	0	0	0	0	-0.139350732537111	0	1.13935073253711	0.17044521441487	0.00407605931300092
0	0	0	0	0	0	0	-0.109820244547152	0	1.10982024454715	0.172317394088312	0.00868681206605162
0	0	0	0	0	0	0	-0.0729246099365097	0	1.07292460993651	0.174691023154851	0.0141937516733871
0	0	0	0	0	0	0	0.0443325851491226	0	1.04223349584451	0.186810387901245	0.0226521484059273
0	0	0	0	0	0	0	0.439736954972933	0	0.935151281498757	0.232041592645904	0.0426739263519155
0	0	0	0	0	0	0	0.836304500467456	0	0.548618881278006	0.277873599944012	0.0618539077429542
0	0	0	0	0	0	0	1.05824244758584	0	0.157874868060718	0.303559803967311	0.072517751288283
0	0	0	0	0	0	0	1.13773055533911	0	-0.0608609900840253	0.312731481804	0.07639088811226
0	0	0	0	0	0	0	1.1404280562812	0	-0.138807879083196	0.312990969881974	0.0766219985066437
0	0	0	0	0	0	0	1.11023068806951	0	-0.140838499803554	0.300210873417367	0.0792896196505571
0	0	0	0	0	0	0	1.07307086744339	0	-0.110376945576385	0.255913200048695	0.094928194381923
0	0	0	0	0	0	0	1.04223349584451	0	-0.0730708674433861	0.211294521505237	0.111302475184396
0	0	0	0	0	0	0.0865660809936357	0.935151281498757	0	-0.042233495844513	0.197569379334594	0.135666109183583
0	0	0	0	0	0	0.461454317465326	0.548618881278006	0	-0.0217173624923926	0.238690789878035	0.205013655734627
0	0	0	0	0	0	0.846377699210787	0.157874868060718	0	-0.0100731987433314	0.289867257480879	0.272926315855315
0	0	0	0	0	0	1.06249501485734	-0.0608609900840253	0	-0.00425256727150553	0.322034297055587	0.309630368170915
0	0	0	0	0	0	1.13936458011243	-0.138807879083196	0	-0.00163402477331933	0.336273073655403	0.321458847311107
0	0	0	0	0	0	1.14098475731043	-0.140838499803554	0	-0.000556701029233766	0.339729229995688	0.320302896524632
0	0	0	0	0	0	1.11037694557639	-0.110376945576385	0	-0.000146257506876445	0.337760454841255	0.313933639976226
0	0	0	0	0	0	0.98650478644975	-0.0730708674433861	0	0	0.305810898337778	0.281396913857706
0	0	0	0	0	0	0.580779178379187	-0.042233495844513	0	0	0.180366148908465	0.16567912749013
0	0	0	0	0	0	0.175339663281605	-0.0217173624923926	0	0	0.0527124373259318	0.0489909390677143
0	0	0	0	0	0	-0.0524218161140132	-0.0100731987433314	0	0	-0.0190182167647124	-0.0165282975302688
0	0	0	0	0	0	-0.135112012840924	-0.00425256727150553	0	0	-0.0447557411713914	-0.0401307810203926
0	0	0	0	0	0	-0.139350732537111	-0.00163402477331933	0	0	-0.0456209199805839	-0.0410761813376763
0	0	0	0	0	0	-0.109820244547152	-0.000556701029233766	0	0	-0.0358142833570764	-0.0322863773303166
0	0	0	0	0	0	-0.0729246099365097	-0.000146257506876445	0	0	-0.0237395336232979	-0.0214132982444591
0	0	0	0	0	0	-0.042233495844513	0	0	0	-0.013732400890847	-0.0123914129759861
0	0	0	0	0	0	-0.0217173624923926	0	0	0	-0.00706149282870992	-0.00637192830030408
0	0	0	0	0	0	-0.0100731987433314	0	0	0	-0.00327534343606971	-0.00295550162547154
0	0	0	0	0	0	-0.00425256727150553	0	0	0	-0.00138274034436097	-0.00124771383982493
0	0	0	0	0	0	-0.00163402477331933	0	0	0	-0.000531310108341688	-0.000479426942390385
0	0	0	0	0	0	-0.000556701029233766	0	0	0	-0.000181013708595909	-0.000163337469926453
0	0	0	0	0	0	-0.000146257506876445	0	0	0	-4.75562507332457e-05	-4.29123171621043e-05
0	0	0	0	0	0	0	0	0	0	0	0
0	0	0	0	0	0	0	0	0	0	0	0
0	0	0	0	0	0	0	0	0	0	0	0
0	0	0	0	0	0	0	0	0	0	0	0
0	0	0	0	0	0	0	0	0	0	0	0
0	0	0	0	0	0	0	0	0	0	0	0
0	0	0	0	0	0	0	0	0	0	0	0
0	0	0	0	0	0	0	0	0	0	0	0
0	0	0	0	0	0	0	0	0	0	0	0
0	0	0	0	0	0	0	0	0	0	0	0
0	0	0	0	0	0	0	0	0	0	0	0
0	0	0	0	0	0	0	0	0	0	0	0
0	0	0	0	0	0	0	0	0	0	0	0
0	0	0	0	0	0	0	0	0	0	0	0
0	0	0	0	0	0	0	0	0	0	0	0
0	0	0	0	0	0	0	0	0	0	0	0
0	0	0	0	0	0	0	0	0	0	0	0
0	0	0	0	0	0	0	0	0	0	0	0
0	0	0	0	0	0	0	0	0	0	0	0
0	0	0	0	0	0	0	0	0	0	0	0
0	0	0	0	0	0	0	0	0	0	0	0
0	0	0	0	0	0	0	0	0	0	0	0
0	0	0	0	0	0	0	0	0	0	0	0
0	0	0	0	0	0	0	0	0	0	0	0
0	0	0	0	0	0	0	0	0	0	0	0
0	0	0	0	0	0	0	0	0	0	0	0
0	0	0	0	0	0	0	0	0	0	0	0
0	0	0	0	0	0	0	0	0	0	0	0
0	0.0865660809936357	0	0	0.00915891835473748	0.00819405004637034	0	0	0	0	0	0
0	0.461454317465326	0	0	0.0488230767708747	0.0436796921845467	0	0	0	0	0	0
0	0.846377699210787	0	0	0.0895489798702113	0.0801152269556346	0	0	0	0	0	0
0	1.06249501485734	0	0	0.112414758548553	0.10057215511928	0	0	0	0	0	0
0	1.13936458011243	0	0	0.12054776011284	0.107848366049854	0	0	0	0	0	0
0	1.14098475731043	0	0	0.120719179108668	0.108001726498797	0	0	0	0	0	0
0	1.11037694557639	0	0	0.117480792370219	0.105104495409208	0	0	0	0	0	0
0	1.07307086744339	0	0	0.113533711483183	0.101573229262621	0	0	0	0	0	0
0	1.04223349584451	0	0	0.110271036709105	0.0986542688189999	0	0	0	0	0	0
0	1.02171736249239	0	0	0.108100376004933	0.0967122815935687	0	0	0	0	0	0
0	1.01007319874333	0	0	0.106868392948028	0.0956100847583561	0	0	0	0	0	0
0	1.00425256727151	0	0	0.106252554875985	0.0950591236309242	0	0	0	0	0	0
0	1.00163402477332	0	0	0.105975506213576	0.0948112613269779	0	0	0	0	0	0
0	1.00055670102923	0	0	0.105861522536592	0.0947092855349141	0	0	0	0	0	0
0	0.913580176513241	0.0865660809936357	0	0.114007942106625	0.091987457560237	0	0	0	0	0	0
0	0.538545682534674	0.461454317465326	0	0.149459901664792	0.0803545539191591	0	0	0	0	0	0
0	0.153622300789213	0.846377699210787	0	0.193658960351284	0.0737773757860647	0	0	0	0	0	0
0	-0.0624950148573446	1.06249501485734	0	0.247807535861999	0.0902607740065254	0	0	0	0	0	0
0	-0.139364580112429	1.13936458011243	0	0.289684308644951	0.111680466579094	0	0	0	0	0	0
0	-0.14098475731043	1.05441867631679	0.0865660809936357	0.293157008017013	0.119443773365769	0	0	0	0	0	0
0	-0.110376945576385	0.64892262811106	0.461454317465326	0.227407656187026	0.101109178700681	0	0	0	0	0	0
0	-0.0730708674433861	0.226693168232599	0.846377699210787	0.152392265148577	0.0776856421293448	0	0	0	0	0	0
0	-0.042233495844513	-0.0202615190128316	1.06249501485734	0.106505241855745	0.0628920314926052	0	0	0	0	0	0
0	-0.0217173624923926	-0.117647217620037	1.13936458011243	0.0924249220335694	0.0905380191346351	0	0	0	0	0	0
0	-0.0100731987433314	-0.130911558567099	1.14098475731043	0.11215197287859	0.23719419066389	0	0	0	0	0	0
0	-0.00425256727150553	-0.10612437830488	1.11037694557639	0.139995083373647	0.390344353360768	0	0	0	0	0	0
0	-0.00163402477331933	-0.0714368426700668	1.07307086744339	0.159422341669093	0.477593564500046	0	0	0	0	0	0
0	0.0860093799644019	-0.0416767948152793	0.955667414850877	0.173989784815282	0.488958345900616	0	0	0	0	0	0
0	0.461308059958449	-0.0215711049855161	0.560263045027067	0.19735381931646	0.401140268318538	0	0	0	0	0	0
0	0.846377699210787	-0.0100731987433314	0.163695499532544	0.21770336395436	0.297691931516159	0	0	0	0	0	0
0	1.06249501485734	-0.00425256727150553	-0.0582424475858391	0.227737634329597	0.231613863710052	0	0	0	0	0	0
0.0865660809936357	1.05279849911879	-0.00163402477331933	-0.13773055533911	0.231721212820667	0.213802564272771	0	0	0	0	0	0
0.461454317465326	0.679530439845104	-0.000556701029233766	-0.140428056281197	0.236903242413671	0.259962520724421	0	0	0	0	0	0
0.846377699210787	0.263999246365598	-0.000146257506876445	-0.110230688069509	0.26157136344309	0.321977003112081	0	0	0	0	0	0
1.06249501485734	0.0105758525860415	0	-0.0730708674433861	0.351938773870047	0.374025842318682	0	0	0	0	0	0
1.13936458011243	-0.0971310842679164	0	-0.042233495844513	0.442903760936359	0.405880553823412	0	0	0	0	0	0
1.14098475731043	-0.119267394818038	0	-0.0217173624923926	0.493145702646881	0.418637347075855	0	0	0	0	0	0
1.02381086458275	-0.100303746833054	0	-0.0100731987433314	0.469169503026658	0.384970343080113	0	0	0	0	0	0
0.61161654997806	-0.0688183001718806	0	-0.00425256727150553	0.290631492890612	0.230694228906252	0	0	0	0	0	0
0.195855796633726	-0.0405994710711937	0	-0.00163402477331933	0.0999544061018418	0.0714315914082253	0	0	0	0	0	0
-0.0407776523649521	-0.0211606614631588	0	-0.000556701029233766	-0.0119166442276196	-0.0192963055848709	0	0	0	0	0	0
-0.129291381369098	-0.00992694123645497	0	-0.000146257506876445	-0.0559560975303436	-0.0528470731490356	0	0	0	0	0	0
-0.136732190038925	-0.00425256727150553	0	0	-0.0617052558800571	-0.0550724976343043	0	0	0	0	0	0
-0.108742920803066	-0.00163402477331933	0	0	-0.0499839287724048	-0.0436209911459881	0	0	0	0	0	0
-0.0725141664141523	-0.000556701029233766	0	0	-0.0336728463040728	-0.0290439879745024	0	0	0	0	0	0
-0.0420872383376366	-0.000146257506876445	0	0	-0.0196609378358752	-0.0168430591794919	0	0	0	0	0	0
-0.0217173624923926	0	0	0	-0.0101787062848929	-0.0086825635672154	0	0	0	0	0	0
-0.0100731987433314	0	0	0	-0.0047478136602347	-0.00403141345968483	0	0	0	0	0	0
-0.00425256727150553	0	0	0	-0.00201904241616404	-0.00170422546629702	0	0	0	0	0	0
-0.00163402477331933	0	0	0	-0.000775805558327254	-0.000654838936919426	0	0	0	0	0	0
-0.000556701029233766	0	0	0	-0.000264311630923882	-0.000223099132961644	0	0	0	0	0	0
-0.000146257506876445	0	0	0	-6.94404323817788e-05	-5.86130099636744e-05	0	0	0	0	0	0
0	0	0	0	0	0	0	0	0	0	0	0
0	0	0	0	0	0	0	0	0	0	0	0
0	0	0	0	0	0	0	0	0	0	0	0
0	0	0	0	0	0	0	0	0	0	0	0
0	0	0	0	0	0	0	0.0865660809936357	0	0	0.0116316840216935	0.00819405004637034
0	0	0	0	0	0	0	0.461454317465326	0	0	0.0620045490057189	0.0436796921845467
0	0	0	0	0	0	0	0.846377699210787	0	0	0.113725813242621	0.0801152269556346
0	0	0	0	0	0	0	1.06249501485734	0	0	0.142764996931694	0.10057215511928
0	0	0	0	0	0	0	1.13936458011243	0.0865660809936357	0	0.156447405953769	0.105165389259438
0	0	0	0	0	0	0	1.05441867631679	0.461454317465326	0	0.171188506989809	0.0936996903041824
0	0	0	0	0	0	0	0.64892262811106	0.846377699210787	0	0.181987975435776	0.078872376583411
0	0	0	0	0	0	0	0.226693168232599	1.06249501485734	0	0.185347762174617	0.0686429009853701
0	0	0	0	0	0	0	-0.0202615190128316	1.13936458011243	0	0.183598185235784	0.068694396197271
0	0	0	0	0	0	0	-0.117647217620037	1.14098475731043	0	0.178375119418576	0.0898838018509768
0	0	0	0	0	0	0	-0.130911558567099	1.11037694557639	0	0.173027926857255	0.113532386447234
0	0	0	0	0	0	0	-0.10612437830488	0.98650478644975	0.0865660809936357	0.165793571834763	0.121951188935666
0	0	0	0	0	0	0	-0.0714368426700668	0.580779178379187	0.461454317465326	0.148359022601955	0.103375846806328
0	0	0	0	0	0	0	-0.0416767948152793	0.175339663281605	0.846377699210787	0.131627658026037	0.0793299570428838
0	0	0	0	0	0	0	-0.0215711049855161	-0.0524218161140132	1.06249501485734	0.122467642220738	0.0639026325389065
0	0	0	0	0	0	0	-0.0100731987433314	-0.135112012840924	1.13936458011243	0.119322720362076	0.0568337166636626
0	0	0	0	0	0	0	-0.00425256727150553	-0.139350732537111	1.14098475731043	0.119362893	0.0549041327480597
0	0	0	0	0	0	0	-0.00163402477331933	-0.109820244547152	1.11037694557639	0.130249538846833	0.089876949468599
0	0	0	0	0	0	0	-0.000556701029233766	-0.0729246099365097	1.07307086744339	0.173135056111825	0.239867599693224
0	0	0	0	0	0	0	-0.000146257506876445	-0.042233495844513	1.04223349584451	0.216831677245882	0.393765324649183
0	0	0	0	0	0	0	0	-0.0217173624923926	1.02171736249239	0.241495468329929	0.480414973490802
0	0	0	0	0	0	0	0	-0.0100731987433314	1.01007319874333	0.250447191041056	0.511504587883384
0	0	0	0	0	0	0	0.0865660809936357	-0.00425256727150553	1.00425256727151	0.248551953735413	0.491797831664366
0	0	0	0	0	0	0	0.461454317465326	-0.00163402477331933	0.915067943779684	0.23526298755963	0.390222964807513
0	0	0	0	0	0	0	0.846377699210787	-0.000556701029233766	0.539102383563908	0.22090366716665	0.283509364601792
0	0	0	0	0	0	0	1.06249501485734	-0.000146257506876445	0.153768558296089	0.211744024371366	0.219668818699651
0	0	0	0	0	0	0.0865660809936357	1.13936458011243	0	-0.0624950148573446	0.224922391381404	0.205791137139414
0	0	0	0	0	0	0.461454317465326	1.05441867631679	0	-0.139364580112429	0.299330922979824	0.255391776019476
0	0	0	0	0	0	0.846377699210787	0.64892262811106	0	-0.14098475731043	0.377270091557927	0.316462417939055
0	0	0	0	0	0	1.06249501485734	0.226693168232599	0	-0.110376945576385	0.421639113309839	0.355818199286586
0	0	0	0	0	0	1.13936458011243	-0.0202615190128316	0	-0.0730708674433861	0.437874245837801	0.373958758990413
0	0	0	0	0	0	1.14098475731043	-0.117647217620037	0	-0.042233495844513	0.43870501957328	0.378937162382244
0	0	0	0	0	0	1.11037694557639	-0.130911558567099	0	-0.0217173624923926	0.432816965987013	0.377205725155484
0	0	0	0	0	0	1.07307086744339	-0.10612437830488	0	-0.0100731987433314	0.425436104307184	0.373164445955561
0	0	0	0	0	0	1.04223349584451	-0.0714368426700668	0	-0.00425256727150553	0.41927640686049	0.369299665350204
0	0	0	0	0	0	1.02171736249239	-0.0416767948152793	0	-0.00163402477331933	0.394878881107693	0.369790806462436
0	0	0	0	0	0	1.01007319874333	-0.0215711049855161	0	-0.000556701029233766	0.304704404348684	0.382143638463896
0	0	0	0	0	0	1.00425256727151	-0.0100731987433314	0	-0.000146257506876445	0.213348176042103	0.395654813526296
0	0	0	0	0	0	1.00163402477332	-0.00425256727150553	0	0	0.162184738826451	0.403315687171017
0	0	0	0	0	0	1.00055670102923	-0.00163402477331933	0	0	0.143957216160459	0.406019286356619
0	0	0	0	0	0	0.913580176513241	-0.000556701029233766	0	0	0.128216078961986	0.371328261633974
0	0	0	0	0	0	0.538545682534674	-0.000146257506876445	0	0	0.0691911507307223	0.219930711496742
0	0	0	0	0	0	0.153622300789213	0	0	0	0.00999394604399939	0.0642835971483057
0	0	0	0	0	0	-0.0624950148573446	0	0	0	-0.0209251105026101	-0.0234734086854149
0	0	0	0	0	0	-0.139364580112429	0	0	0	-0.0296855789103671	-0.0550425031885484
0	0	0	0	0	0	-0.14098475731043	0	0	0	-0.0272434066260804	-0.0561250980245823
0	0	0	0	0	0	-0.110376945576385	0	0	0	-0.0204775050800251	-0.044075550442552
0	0	0	0	0	0	-0.0730708674433861	0	0	0	-0.0132796038449555	-0.0292225013330829
0	0	0	0	0	0	-0.042233495844513	0	0	0	-0.00758450226190382	-0.0169044480657647
0	0	0	0	0	0	-0.0217173624923926	0	0	0	-0.00386730934648685	-0.00869783708756013
0	0	0	0	0	0	-0.0100731987433314	0	0	0	-0.00177788617350293	-0.00403685602823608
0	0	0	0	0	0	-0.00425256727150553	0	0	0	-0.000750564021076819	-0.00170422546629702
0	0	0	0	0	0	-0.00163402477331933	0	0	0	-0.00028839995374547	-0.000654838936919426
0	0	0	0	0	0	-0.000556701029233766	0	0	0	-9.82558855303827e-05	-0.000223099132961644
0	0	0	0	0	0	-0.000146257506876445	0	0	0	-2.5813964945225e-05	-5.86130099636744e-05
0	0	0	0	0	0	0	0	0	0	0	0
0	0	0	0	0	0	0	0	0	0	0	0
0	0	0	0	0	0	0	0	0	0	0	0
0	0	0	0	0	0	0	0	0	0	0	0
0	0	0	0	0	0	0	0	0	0	0	0
0	0	0	0	0	0	0	0	0	0	0	0
0	0	0	0	0	0	0	0	0	0	0	0
0	0	0	0	0	0	0	0	0	0	0	0
0	0	0	0	0	0	0	0	0	0	0	0
0	0	0	0	0	0	0	0	0	0	0	0
0	0	0	0	0	0	0	0	0	0	0	0
0	0	0	0	0	0	0	0	0	0	0	0
0	0	0	0	0	0	0	0	0	0	0	0
0	0	0	0	0	0	0	0	0	0	0	0
0	0	0	0	0	0	0	0	0	0	0	0
0	0	0	0	0	0	0	0	0	0	0	0
0	0	0	0	0	0	0	0	0	0	0	0
0	0	0	0	0	0	0	0	0	0	0	0
0	0	0	0	0	0	0	0	0	0	0	0
0	0	0	0	0	0	0	0	0	0	0	0
0	0	0	0	0	0	0	0	0	0	0	0
0	0	0	0	0	0	0	0	0	0	0	0
0	0	0	0	0	0	0	0	0	0	0	0
0	0	0	0	0	0	0	0	0	0	0	0
0	0	0	0	0	0	0	0	0	0	0	0
0	0	0	0	0	0	0	0	0	0	0	0
0	0	0	0	0	0	0	0	0	0	0	0
0	0	0	0	0	0	0	0	0	0	0	0
0.0865660809936357	0	0	0	0.0260331625129365	0.00610551708417532	0	0	0	0	0	0
0.461454317465326	0	0	0	0.138773929707575	0.0325464337360743	0	0	0	0	0	0
0.846377699210787	0	0	0	0.254532582946658	0.059695130504711	0	0	0	0	0	0
0.975928933863709	0	0.0865660809936357	0	0.318528551941725	0.127335927974735	0	0	0	0	0	0
0.677910262647104	0	0.461454317465326	0	0.337326467403824	0.359675518263339	0	0	0	0	0	0
0.294607058099643	0	0.846377699210787	0	0.333378890512106	0.592781982424824	0	0	0	0	0	0
0.0478819307190409	0	1.06249501485734	0	0.311416196625989	0.66659373377783	0	0	0	0	0	0
-0.0662937126690434	0	1.13936458011243	0	0.254844208437032	0.472979714441424	0	0	0	0	0	0
-0.0987512614659173	0	1.14098475731043	0	0.199894220418805	0.227916059838187	0	0	0	0	0	0
-0.00209350209035727	0	1.02381086458275	0	0.175770895609534	0.0856565761103289	0	0	0	0	0	0
0.398456648765271	0	0.61161654997806	0	0.19531859173986	0.076936967853911	0	0	0	0	0	0
0.80839677063778	0	0.195855796633726	0	0.226318320601098	0.121914728032694	0	0	0	0	0	0
1.04241167713827	0	-0.0407776523649521	0	0.247693934145312	0.165243180248679	0	0	0	0	0	0
1.12984808239833	0	-0.129291381369098	0.0865660809936357	0.245607666740664	0.191757849069609	0	0	0	0	0	0
1.05031236655217	0	-0.136732190038925	0.461454317465326	0.193787524027978	0.195054197412777	0	0	0	0	0	0
0.64728860333774	0	-0.108742920803066	0.846377699210787	0.136570096988679	0.18797244028827	0	0	0	0	0	0
0.226136467203365	0	-0.0725141664141523	1.06249501485734	0.102776662014773	0.180917348331102	0	0	0	0	0	0
-0.020407776519708	0.0865660809936357	-0.0420872383376366	1.05279849911879	0.0905470643119588	0.167558185798802	0	0	0	0	0	0
-0.117647217620037	0.461454317465326	-0.0217173624923926	0.679530439845104	0.0935509596047759	0.126945449968944	0	0	0	0	0	0
-0.130911558567099	0.846377699210787	-0.0100731987433314	0.263999246365598	0.10202262788834	0.0870243440490073	0	0	0	0	0	0
-0.10612437830488	1.06249501485734	-0.00425256727150553	0.0105758525860415	0.109798703691567	0.0653042090310121	0	0	0	0	0	0
0.0151292383235689	1.13936458011243	-0.00163402477331933	-0.0971310842679164	0.11614866983255	0.0844309454995231	0	0	0	0	0	0
0.419777522650047	1.05441867631679	-0.000556701029233766	-0.119267394818038	0.123565307175329	0.198849064093563	0	0	0	0	0	0
0.824806594225271	0.64892262811106	-0.000146257506876445	-0.100303746833054	0.12944126842763	0.319449659066545	0	0	0	0	0	0
1.05242181611401	0.226693168232599	0	-0.0688183001718806	0.132390644481403	0.389225847630296	0	0	0	0	0	0
1.13511201284092	-0.0202615190128316	0	-0.0405994710711937	0.145307380397028	0.399837470906133	0	0	0	0	0	0
1.13935073253711	-0.117647217620037	0	-0.0211606614631588	0.197202223488166	0.332993242874214	0	0	0	0	0	0
1.10982024454715	-0.130911558567099	0	-0.00992694123645497	0.250117601893961	0.253545733818403	0	0	0	0	0	0
1.07292460993651	-0.10612437830488	0	-0.00425256727150553	0.279584990455606	0.202740881612605	0	0	0	0	0	0
0.955667414850877	-0.0714368426700668	0	-0.00163402477331933	0.26647017545659	0.162713333638061	0	0	0	0	0	0
0.560263045027067	-0.0416767948152793	0	-0.000556701029233766	0.165217636437143	0.0841041362456124	0	0	0	0	0	0
0.163695499532544	-0.0215711049855161	0	-0.000146257506876445	0.0569013173745803	0.0121671807511698	0	0	0	0	0	0
-0.0582424475858391	-0.0100731987433314	0	0	-0.00669334515369145	-0.0242830377553227	0	0	0	0	0	0
-0.13773055533911	-0.00425256727150553	0	0	-0.0317543420711879	-0.0341635023560653	0	0	0	0	0	0
-0.140428056281197	-0.00163402477331933	0	0	-0.0350487620071229	-0.0310002977430107	0	0	0	0	0	0
-0.110230688069509	-0.000556701029233766	0	0	-0.0284037305334192	-0.0230738001563873	0	0	0	0	0	0
-0.0730708674433861	-0.000146257506876445	0	0	-0.0191396965274444	-0.0148567551988398	0	0	0	0	0	0
-0.042233495844513	0	0	0	-0.0111765758865303	-0.00843419163804637	0	0	0	0	0	0
-0.0217173624923926	0	0	0	-0.00578654217915973	-0.00428448159820893	0	0	0	0	0	0
-0.0100731987433314	0	0	0	-0.00269950199993446	-0.00196652514459465	0	0	0	0	0	0
-0.00425256727150553	0	0	0	-0.00114819919636041	-0.000818755898699467	0	0	0	0	0	0
-0.00163402477331933	0	0	0	-0.000441189006962853	-0.000314602294651677	0	0	0	0	0	0
-0.000556701029233766	0	0	0	-0.000150310067676584	-0.000107182843302992	0	0	0	0	0	0
-0.000146257506876445	0	0	0	-3.9489734349989e-05	-2.8159271526767e-05	0	0	0	0	0	0
0	0	0	0	0	0	0	0	0	0	0	0
0	0	0	0	0	0	0	0	0	0	0	0
0	0	0	0	0	0	0	0	0	0	0	0
0	0	0	0	0	0	0.0865660809936357	0	0	0	0.020004501740229	0.00610551708417532
0	0	0	0	0	0	0.461454317465326	0	0	0	0.106637190812069	0.0325464337360743
0	0	0	0	0	0	0.846377699210787	0	0	0	0.19558889535496	0.059695130504711
0	0	0	0	0	0	1.06249501485734	0	0.0865660809936357	0	0.232528957055795	0.127335927974735
0	0	0	0	0	0	1.05279849911879	0	0.461454317465326	0	0.193983926103121	0.359675518263339
0	0	0	0	0	0	0.679530439845104	0	0.846377699210787	0	0.136542267181162	0.592781982424824
0	0	0	0	0	0	0.263999246365598	0	1.06249501485734	0	0.0970079846624815	0.721437936919905
0	0	0	0	0	0	0.0105758525860415	0	1.13936458011243	0	0.0768410232276309	0.765335496721977
0	0	0	0	0	0	-0.0971310842679164	0	1.14098475731043	0	0.073601474045784	0.709297014836879
0	0	0	0	0	0	-0.119267394818038	0	1.11037694557639	0	0.0913433458954272	0.451811675147279
0	0	0	0	0	0	-0.100303746833054	0	1.07307086744339	0	0.112620293354339	0.184539852855364
0	0	0	0	0	0	-0.0688183001718806	0	1.04223349584451	0	0.126217796526369	0.028541835804749
0	0	0	0	0	0	-0.0405994710711937	0	1.02171736249239	0	0.132361613388769	-0.0327621091756334
0	0	0	0	0	0	-0.0211606614631588	0	1.01007319874333	0	0.13393892328866	-0.0409127150683874
0	0	0	0	0	0	-0.00992694123645497	0	1.00425256727151	0	0.133258069437756	-0.0250731907992804
0	0	0	0	0	0	-0.00425256727150553	0	1.00163402477332	0	0.131837739144884	-0.0030331180653563
0	0	0	0	0	0	-0.00163402477331933	0	1.00055670102923	0	0.130528330451129	0.0158518935711912
0	0	0	0	0	0	-0.000556701029233766	0	1.00014625750688	0	0.129611172704172	0.0286015126696136
0	0	0	0	0	0	-0.000146257506876445	0	1	0	0.129077607819658	0.0358901789904995
0	0	0	0	0	0	0	0	1	0	0.128799910527285	0.0395778577116772
0	0	0	0	0	0	0.0865660809936357	0	0.913433919006364	0	0.130874946752096	0.0558729008217793
0	0	0	0	0	0	0.461454317465326	0	0.538545682534674	0	0.140350846651461	0.11993922691166
0	0	0	0	0	0	0.846377699210787	0	0.153622300789213	0	0.150113593025069	0.185279729310825
0	0	0	0	0	0	1.06249501485734	0	-0.0624950148573446	0	0.155598956354051	0.221912170256616
0	0	0	0	0	0	1.13936458011243	0	-0.139364580112429	0	0.157552496610763	0.234908800916961
0	0	0	0	0	0	1.14098475731043	0	-0.14098475731043	0.0865660809936357	0.154374251801496	0.232189527393822
0	0	0	0	0	0	1.02381086458275	0	-0.110376945576385	0.461454317465326	0.13965418372071	0.214052004078605
0	0	0	0	0	0	0.61161654997806	0	-0.0730708674433861	0.846377699210787	0.124390677713053	0.194434993200471
0	0	0	0	0	0	0.195855796633726	0	-0.042233495844513	1.06249501485734	0.115569515655893	0.181748493539442
0	0	0	0	0	0	-0.0407776523649521	0	-0.0217173624923926	1.13936458011243	0.112189321677573	0.175621826825065
0	0	0	0	0	0	-0.129291381369098	0.0865660809936357	-0.0100731987433314	1.05441867631679	0.1157424277531	0.164670398619509
0	0	0	0	0	0	-0.136732190038925	0.461454317465326	-0.00425256727150553	0.64892262811106	0.133662589159503	0.126086180784198
0	0	0	0	0	0	-0.108742920803066	0.846377699210787	-0.00163402477331933	0.226693168232599	0.152366420414801	0.0872401359088316
0	0	0	0	0	0	-0.0725141664141523	1.06249501485734	-0.000556701029233766	-0.0202615190128316	0.163245646363942	0.0658382632463038
0	0	0	0	0	0	-0.0420872383376366	1.13936458011243	-0.000146257506876445	-0.117647217620037	0.167469609191944	0.0585514757039092
0	0	0	0	0	0	-0.0217173624923926	1.14098475731043	0	-0.130911558567099	0.167972108740626	0.0587622961917922
0	0	0	0	0	0	-0.0100731987433314	1.11037694557639	0	-0.10612437830488	0.166806345887121	0.0621198305989697
0	0	0	0	0	0	0.0823135137221301	0.98650478644975	0	-0.0714368426700668	0.186864617800288	0.0923946859994886
0	0	0	0	0	0	0.459820292692007	0.580779178379187	0	-0.0416767948152793	0.279251861791697	0.209669832967386
0	0	0	0	0	0	0.845820998181553	0.175339663281605	0	-0.0215711049855161	0.374589667063291	0.328910741173565
0	0	0	0	0	0	1.06234875735047	-0.0524218161140132	0	-0.0100731987433314	0.428108805638288	0.395869201151826
0	0	0	0	0	0	1.13936458011243	-0.135112012840924	0	-0.00425256727150553	0.428736635708119	0.403810559576121
0	0	0	0	0	0	1.14098475731043	-0.139350732537111	0	-0.00163402477331933	0.349641050123133	0.335083483379073
0	0	0	0	0	0	1.11037694557639	-0.109820244547152	0	-0.000556701029233766	0.260431606155932	0.254532131092945
0	0	0	0	0	0	1.07307086744339	-0.0729246099365097	0	-0.000146257506876445	0.205322021059609	0.20316432378858
0	0	0	0	0	0	0.955667414850877	-0.042233495844513	0	0	0.163990269794372	0.162881834078912
0	0	0	0	0	0	0.560263045027067	-0.0217173624923926	0	0	0.0834354997759282	0.0841615431897297
0	0	0	0	0	0	0.163695499532544	-0.0100731987433314	0	0	0.00991359276782629	0.0121822628079347
0	0	0	0	0	0	-0.0582424475858391	-0.00425256727150553	0	0	-0.0269257361166882	-0.0242830377553227
0	0	0	0	0	0	-0.13773055533911	-0.00163402477331933	0	0	-0.0364459404248989	-0.0341635023560653
0	0	0	0	0	0	-0.140428056281197	-0.000556701029233766	0	0	-0.0326955232527202	-0.0310002977430107
0	0	0	0	0	0	-0.110230688069509	-0.000146257506876445	0	0	-0.0242024485503382	-0.0230738001563873
0	0	0	0	0	0	-0.0730708674433861	0	0	0	-0.0155349334631621	-0.0148567551988398
0	0	0	0	0	0	-0.042233495844513	0	0	0	-0.00880442497105163	-0.00843419163804637
0	0	0	0	0	0	-0.0217173624923926	0	0	0	-0.00446738125621257	-0.00428448159820893
0	0	0	0	0	0	-0.0100731987433314	0	0	0	-0.0020484054734825	-0.00196652514459465
0	0	0	0	0	0	-0.00425256727150553	0	0	0	-0.00085169372565352	-0.000818755898699467
0	0	0	0	0	0	-0.00163402477331933	0	0	0	-0.000327258467214274	-0.000314602294651677
0	0	0	0	0	0	-0.000556701029233766	0	0	0	-0.00011149471446113	-0.000107182843302992
0	0	0	0	0	0	-0.000146257506876445	0	0	0	-2.92920941594639e-05	-2.8159271526767e-05
0	0	0	0	0	0	0	0	0	0	0	0
0	0	0	0	0	0	0	0	0	0	0	0
0	0	0	0	0	0	0	0	0	0	0	0
0	0	0	0	0	0	0	0	0	0	0	0
0	0	0	0	0	0	0	0	0	0	0	0
0	0	0	0	0	0	0	0	0	0	0	0
0	0	0	0	0	0	0	0	0	0	0	0
0	0	0	0	0	0	0	0	0	0	0	0
0	0	0	0	0	0	0	0	0	0	0	0
0	0	0	0	0	0	0	0	0	0	0	0
0	0	0	0	0	0	0	0	0	0	0	0
0	0	0	0	0	0	0	0	0	0	0	0
0	0	0	0	0	0	0	0	0	0	0	0
0	0	0	0	0	0	0	0	0	0	0	0
0	0	0	0	0	0	0	0	0	0	0	0
0	0	0	0	0	0	0	0	0	0	0	0
0	0	0	0	0	0	0	0	0	0	0	0
0	0	0	0	0	0	0	0	0	0	0	0
0	0	0	0	0	0	0	0	0	0	0	0
0	0	0	0	0	0	0	0	0	0	0	0
