0	0	0	0	0	0	0	0	0	0	0	0
0	0	0	0	0	0	0	0	0	0	0	0
0	0	0	0	0	0	0	0	0	0	0	0
0	0	0	0	0	0	0	0	0	0	0	0
0	0	0	0	0	0	0	0	0	0	0	0
0	0	0	0	0	0	0	0	0	0	0	0
0.0865660809936357	0	0	0	0.0148700578008678	0.0102162519209055	0	0	0	0	0	0
0.461454317465326	0	0	0	0.0792672175337806	0.0544593621786096	0	0	0	0	0	0
0.846377699210787	0	0	0	0.145388183964978	0.0998867881752608	0	0	0	0	0	0
1.06249501485734	0	0	0	0.184364900154346	0.124857944713637	0	0	0	0	0	0
1.13936458011243	0	0	0	0.205592914133121	0.131615897130589	0	0	0	0	0	0
1.14098475731043	0	0	0	0.214109595863395	0.129431216922131	0	0	0	0	0	0
1.11037694557639	0	0	0	0.213477358055007	0.124485025543275	0	0	0	0	0	0
0.98650478644975	0	0	0.0865660809936357	0.201174847952175	0.125489610425094	0	0	0	0	0	0
0.580779178379187	0	0	0.461454317465326	0.163261814039131	0.147312339048937	0	0	0	0	0	0
0.175339663281605	0	0	0.846377699210787	0.125557965166092	0.171233915485594	0	0	0	0	0	0
0.0341442648796225	0	0	1.06249501485734	0.115708769625385	0.181054844594719	0	0	0	0	0	0
0.326342304624402	0	0	1.05279849911879	0.158334550897461	0.169673839115888	0	0	0	0	0	0
0.707026966673676	0	0	0.679530439845104	0.209649723129341	0.153062984445231	0	0	0	0	0	0
0.952674770310193	0	0	0.263999246365598	0.241270695519893	0.141642391199009	0	0	0	0	0	0
1.06643997017592	0	0	0.0105758525860415	0.251559795865621	0.126928510075693	0	0	0	0	0	0
1.09875126146592	0	0	-0.0971310842679164	0.240447167395924	0.0863763529028699	0	0	0	0	0	0
1.08865958308399	0	0	-0.119267394818038	0.223738005925556	0.0468903936998895	0	0	0	0	0	0
0.976431587706419	0	0	-0.0137376658394184	0.199304536727356	0.0272912821992132	0	0	0	0	0	0
0.576526611107682	0	0	0.392636017293445	0.139356284333338	0.0277807376471049	0	0	0	0	0	0
0.173705638508286	0	0	0.805778228139594	0.0819040113305129	0.0359473488262105	0	0	0	0	0	0
-0.052978517143247	0	0	1.04133435339419	0.0507676216329818	0.0437918021146942	0	0	0	0	0	0
-0.0486921893541647	0	0	1.12943763887597	0.0564651117724065	0.05144539144392	0	0	0	0	0	0
0.322103584928215	0	0	1.05016610904529	0.126397082620409	0.0637799455934814	0	0	0	0	0	0
0.736557454663636	0	0	0.64728860333774	0.202589519221703	0.0746046984201378	0	0	0	0	0	0
0.989570404920835	0	0	0.226136467203365	0.248265415872699	0.0802879992530318	0	0	0	0	0	0
1.09713108426792	0	0	-0.020407776519708	0.262647044167602	0.0815531952948458	0	0	0	0	0	0
1.11926739481804	0	0	-0.117647217620037	0.246784123436932	0.0789419778859605	0	0	0	0	0	0
1.10030374683305	0	0	-0.130911558567099	0.223124024505688	0.0755042087567268	0	0	0	0	0	0
1.06881830017188	0	0	-0.10612437830488	0.206007866877436	0.0730830348956708	0	0	0	0	0	0
0.954033390077558	0	0	-0.0714368426700668	0.179754935304806	0.0655830883314462	0	0	0	0	0	0
0.559706343997833	0	0	-0.0416767948152793	0.102440024602138	0.0381877986007497	0	0	0	0	0	0
0.163549242025668	0	0	-0.0215711049855161	0.0263507400053477	0.0105164315395213	0	0	0	0	0	0
-0.0582424475858391	0	0	-0.0100731987433314	-0.0152197612365996	-0.00486602900403838	0	0	0	0	0	0
-0.13773055533911	0	0	-0.00425256727150553	-0.0292156469764826	-0.0102318140184914	0	0	0	0	0	0
-0.140428056281197	0	0	-0.00163402477331933	-0.0286832262926267	-0.0102364563241998	0	0	0	0	0	0
-0.110230688069509	0	0	-0.000556701029233766	-0.0221551083579813	-0.00797467752208421	0	0	0	0	0	0
-0.0730708674433861	0	0	-0.000146257506876445	-0.0145612389745783	-0.00526548037450608	0	0	0	0	0	0
-0.042233495844513	0	0	0	-0.00837394776949402	-0.00303782198424412	0	0	0	0	0	0
-0.0217173624923926	0	0	0	-0.0042915534146134	-0.00156021290508389	0	0	0	0	0	0
-0.0100731987433314	0	0	0	-0.0019848293240549	-0.000722925896390458	0	0	0	0	0	0
-0.00425256727150553	0	0	0	-0.000834769096503554	-0.000304781410832507	0	0	0	0	0	0
-0.00163402477331933	0	0	0	-0.000320755274779062	-0.000117110522644647	0	0	0	0	0	0
-0.000556701029233766	0	0	0	-0.000109279121416825	-3.98987515702973e-05	0	0	0	0	0	0
-0.000146257506876445	0	0	0	-2.87100095253492e-05	-1.04822725766938e-05	0	0	0	0	0	0
0	0	0	0	0	0	0	0	0	0	0	0
0	0	0	0	0	0	0	0	0	0	0	0
0	0	0	0	0	0	0	0	0	0	0	0
0	0	0	0	0	0	0.0865660809936357	0	0	0	0.0142573736323293	0.0102162519209055
0	0	0	0	0	0	0.461454317465326	0	0	0	0.0760012067409907	0.0544593621786096
0	0	0	0	0	0	0.846377699210787	0	0	0	0.139397821331505	0.0998867881752608
0	0	0	0	0	0	1.06249501485734	0	0	0	0.174992193656337	0.125392262326013
0	0	0	0	0	0	1.13936458011243	0	0	0	0.187619548922228	0.133929844869937
0	0	0	0	0	0	1.14098475731043	0	0	0	0.18774344052302	0.131807105259932
0	0	0	0	0	0	1.11037694557639	0	0	0	0.182555578099607	0.125818980907361
0	0	0	0	0	0	0.98650478644975	0	0	0.0865660809936357	0.167158600664387	0.125964077584748
0	0	0	0	0	0	0.580779178379187	0	0	0.461454317465326	0.122337018678405	0.147322339377035
0	0	0	0	0	0	0.261905744275241	0	0	0.846377699210787	0.0830804594395502	0.167325612175251
0	0	0	0	0	0	0.409032501351313	0	0	0.975928933863709	0.0794982182584599	0.164717205912177
0	0	0	0	0	0	0.711265686369863	0	0	0.677910262647104	0.0921966934850882	0.152944959648297
0	0	0	0	0	0	0.923144282320234	0	0	0.294607058099643	0.103837414551065	0.143650698622033
0	0	0	0	0	0	1.02954433556528	0	0	0.0478819307190409	0.117514078987082	0.129403939093638
0	0	0	0	0	0	1.06806014737392	0	0	-0.0662937126690434	0.148575018727905	0.0884367919563074
0	0	0	0	0	0	1.06814344973187	0	0	-0.0987512614659173	0.177892843946433	0.0482615652238578
0	0	0	0	0	0	0.964787423957358	0	0	-0.00209350209035727	0.186309142901047	0.0280732704218359
0	0	0	0	0	0	0.570705979635856	0	0	0.398456648765271	0.159918363923152	0.0281727885694458
0	0	0	0	0	0	0.257653177003735	0	0	0.721830689644144	0.135802983526158	0.038212342772809
0	0	0	0	0	0	0.407398476577993	0	0	0.580957359672945	0.152271148979269	0.0549953013019974
0	0	0	0	0	0	0.710708985340629	0	0	0.283470383187545	0.181092089104975	0.0697999709568011
0	0	0	0	0	0	0.922998024813357	0	0	0.0743834326884566	0.200456877478016	0.0777070083694386
0	0	0	0	0	0	1.02954433556528	0	0	-0.0306216593093633	0.210846214792042	0.0785797494743568
0	0	0	0	0	0	1.06806014737392	0	0	-0.068470590896278	0.215043384085544	0.07651033076518
0	0	0	0	0	0	1.06814344973187	0	0	-0.0682897072387489	0.215159969065119	0.0743151567231546
0	0	0	0	0	0	1.05135350495099	0	0	-0.0513535049509936	0.213345067155238	0.0727618015120545
0	0	0	0	0	0	0.945594216107546	0	0	-0.0321602971011816	0.193259658564727	0.0656824892691282
0	0	0	0	0	0	0.556010477755561	0	0	-0.017464795220887	0.113880850089537	0.0384511489173814
0	0	0	0	0	0	0.162061474759225	0	0	-0.00843917397001208	0.0330228365798928	0.0107958738845527
0	0	0	0	0	0	-0.0587991486150729	0	0	-0.00369586624227177	-0.0123767859128472	-0.00464838099911303
0	0	0	0	0	0	-0.137876812845987	0	0	-0.00148776726644289	-0.0286207896576179	-0.0100914544283999
0	0	0	0	0	0	-0.140428056281197	0	0	-0.000556701029233766	-0.029104641282081	-0.0101584388566814
0	0	0	0	0	0	-0.110230688069509	0	0	-0.000146257506876445	-0.022831476775217	-0.00793567850621875
0	0	0	0	0	0	-0.0730708674433861	0	0	0	-0.015129756223567	-0.00524793578661635
0	0	0	0	0	0	-0.042233495844513	0	0	0	-0.00874648153954809	-0.00303060376986459
0	0	0	0	0	0	-0.0217173624923926	0	0	0	-0.00449827185843096	-0.0015574628781293
0	0	0	0	0	0	-0.0100731987433314	0	0	0	-0.00208675304650725	-0.000721945951369247
0	0	0	0	0	0	-0.00425256727150553	0	0	0	-0.000880957274387736	-0.000304781410832507
0	0	0	0	0	0	-0.00163402477331933	0	0	0	-0.000338502819280695	-0.000117110522644647
0	0	0	0	0	0	-0.000556701029233766	0	0	0	-0.000115325588062714	-3.98987515702973e-05
0	0	0	0	0	0	-0.000146257506876445	0	0	0	-3.02985482393093e-05	-1.04822725766938e-05
0	0	0	0	0	0	0	0	0	0	0	0
0	0	0	0	0	0	0	0	0	0	0	0
0	0	0	0	0	0	0	0	0	0	0	0
0	0	0	0	0	0	0	0	0	0	0	0
0	0	0	0	0	0	0	0	0	0	0	0
0	0	0	0	0	0	0	0	0	0	0	0
0	0	0	0	0	0	0	0	0	0	0	0
0	0	0	0	0	0	0	0	0	0	0	0
0	0	0	0	0	0	0	0	0	0	0	0
0	0	0	0	0	0	0	0	0	0	0	0
0	0	0	0	0	0	0	0	0	0	0	0
0	0	0	0	0	0	0	0	0	0	0	0
0	0	0	0	0	0	0	0	0	0	0	0
0	0	0	0	0	0	0	0	0	0	0	0
0	0	0	0	0	0	0	0	0	0	0	0
0	0	0	0	0	0	0	0	0	0	0	0
0	0	0	0	0	0	0	0	0	0	0	0
0	0	0	0	0	0	0	0	0	0	0	0
0	0	0	0	0	0	0	0	0	0	0	0
0	0	0	0	0	0	0	0	0	0	0	0
0	0	0.0865660809936357	0	0.0217245346643065	0.0172750316841033	0	0	0	0	0	0
0	0	0.461454317465326	0	0.115806100965878	0.0920873148406228	0	0	0	0	0	0
0	0	0.846377699210787	0	0.212406077005525	0.168902200524242	0	0	0	0	0	0
0	0	1.06249501485734	0	0.266642656291882	0.212030333765622	0	0	0	0	0	0
0.0865660809936357	0	1.13936458011243	0	0.285833975976516	0.231357860739529	0	0	0	0	0	0
0.461454317465326	0	1.05441867631679	0	0.285808428877044	0.248949779139606	0	0	0	0	0	0
0.846377699210787	0	0.735488709104695	0	0.270031257993216	0.253703253731955	0	0	0	0	0	0
0.975928933863709	0	0.688147485697925	0	0.227280967492165	0.226464914304532	0	0	0	0	0	0
0.677910262647104	0	0.826116180197956	0	0.185427498667424	0.193306925799894	0	0	0	0	0	0
0.294607058099643	0	0.944847797237308	0	0.161172872999758	0.172137732934243	0	0	0	0	0	0
0.0478819307190409	0	0.921886940551695	0.0865660809936357	0.146105358130044	0.151695619862909	0	0	0	0	0	0
-0.0662937126690434	0	0.573406061540224	0.461454317465326	0.12122130403789	0.102744570676448	0	0	0	0	0	0
-0.0987512614659173	0	0.192562403695532	0.846377699210787	0.09935791175991	0.0560580927323317	0	0	0	0	0	0
-0.0886595830839929	0	0.0554651387643979	0.975928933863709	0.0988084787645052	0.0404580900313582	0	0	0	0	0	0
-0.0629976687000547	0	0.342752128211893	0.677910262647104	0.13929765666702	0.0722096876025275	0	0	0	0	0	0
-0.0379809285730075	0	0.717037105649418	0.294607058099643	0.184756857921634	0.113738182216319	0	0	0	0	0	0
0.0664827432745624	0	0.957938700752785	0.0478819307190409	0.218562793319369	0.131745828118554	0	0	0	0	0	0
0.451937819751228	0	0.982346174173594	-0.0662937126690434	0.257385342725017	0.104836151438093	0	0	0	0	0	0
0.842271389446158	0	0.638374267744677	-0.0987512614659173	0.298675478766376	0.0709708025680693	0	0	0	0	0	0
1.06086099008403	0	0.242692327395563	-0.0886595830839929	0.359833400661983	0.0604248857175202	0	0	0	0	0	0
1.1388078790832	0	0.0872149923432222	-0.0629976687000547	0.394603748753885	0.0713082357810536	0	0	0	0	0	0
1.05427241880992	0	0.360070665925904	-0.0379809285730075	0.348987540859994	0.111137783496474	0	0	0	0	0	0
0.64892262811106	0	0.72547627961943	-0.0200833377190732	0.282450446672021	0.151147909262119	0	0	0	0	0	0
0.226693168232599	0	0.961634566995057	-0.00951649771409765	0.238321962440067	0.174242678840871	0	0	0	0	0	0
-0.0202615190128316	0	0.983833941440037	-0.00410630976462909	0.197667079027455	0.168325487318323	0	0	0	0	0	0
-0.117647217620037	0	0.638930968773911	-0.00163402477331933	0.106244490079196	0.105264071212869	0	0	0	0	0	0
-0.130911558567099	0	0.242838584902439	-0.000556701029233766	0.020208136380593	0.036913112554597	0	0	0	0	0	0
-0.10612437830488	0	0.000648911349586501	-0.000146257506876445	-0.0246713278931877	-0.00350708186324608	0	0	0	0	0	0
-0.0714368426700668	0	-0.101383651539422	0	-0.0379442815611002	-0.0196156340563523	0	0	0	0	0	0
-0.0416767948152793	0	-0.120901419591357	0	-0.0352947417879074	-0.0218932326293022	0	0	0	0	0	0
-0.0215711049855161	0	-0.100860447862288	0	-0.0265741373940283	-0.0178147393618532	0	0	0	0	0	0
-0.0100731987433314	0	-0.068964557678757	0	-0.0172147918459739	-0.012026889071737	0	0	0	0	0	0
-0.00425256727150553	0	-0.0405994710711937	0	-0.00981818988482619	-0.00703425887510853	0	0	0	0	0	0
-0.00163402477331933	0	-0.0211606614631588	0	-0.00500530340181047	-0.00364623480341492	0	0	0	0	0	0
-0.000556701029233766	0	-0.00992694123645497	0	-0.00230070666303427	-0.00170167820979672	0	0	0	0	0	0
-0.000146257506876445	0	-0.00425256727150553	0	-0.00095974878788365	-0.000724148876501933	0	0	0	0	0	0
0	0	-0.00163402477331933	0	-0.000368778009950182	-0.000278250084767408	0	0	0	0	0	0
0	0	-0.000556701029233766	0	-0.00012564013780587	-9.47978948077593e-05	0	0	0	0	0	0
0	0	-0.000146257506876445	0	-3.30084055069768e-05	-2.49054753335049e-05	0	0	0	0	0	0
0	0	0	0	0	0	0	0	0	0	0	0
0	0	0	0	0	0	0	0	0	0	0	0
0	0	0	0	0	0	0	0	0	0	0	0
0	0	0	0	0	0	0	0	0.0865660809936357	0	0.00843924128393238	0.0172750316841033
0	0	0	0	0	0	0	0	0.461454317465326	0	0.0449867232281028	0.0920873148406228
0	0	0	0	0	0	0.0865660809936357	0	0.846377699210787	0	0.0883093393220792	0.172889721804436
0	0	0	0	0	0	0.461454317465326	0	0.975928933863709	0	0.134482446953584	0.233286452670502
0	0	0	0	0	0	0.846377699210787	0	0.764476343640739	0	0.161558936996579	0.25948799412114
0	0	0	0	0	0	0.975928933863709	0	0.756061375564969	0	0.149367099201185	0.240017735291428
0	0	0	0	0	0	0.677910262647104	0	0.894259629929828	0	0.123990811552565	0.206905557500326
0	0	0	0	0	0	0.294607058099643	0	0.996201302188301	0.0865660809936357	0.106643004635447	0.171777125044918
0	0	0	0	0	0	0.0478819307190409	0	0.954047237652876	0.461454317465326	0.10320277127873	0.112171011396243
0	0	0	0	0	0	-0.0662937126690434	0	0.590870856761112	0.846377699210787	0.1058944893061	0.059057538916426
0	0	0	0	0	0	-0.0987512614659173	0	0.201001577665544	1.06249501485734	0.108986129627277	0.0312570691603109
0	0	0	0	0	0	-0.0886595830839929	0	0.0591610050066696	1.05279849911879	0.107094026909592	0.0317752824587229
0	0	0	0	0	0	0.023568412293581	0	0.344239895478336	0.679530439845104	0.108247971371373	0.063080575360958
0	0	0	0	0	0	0.423473388892318	0	0.631027725685016	0.263999246365598	0.166793137040251	0.0684118252268258
0	0	0	0	0	0	0.826294361491714	0	0.496630640794336	0.0105758525860415	0.234852015247903	0.0553552256705052
0	0	0	0	0	0	1.05297851714325	0	0.222534555956442	-0.0971310842679164	0.288693595455684	0.0475749973820166
0	0	0	0	0	0	1.1352582703478	0	0.0373335703526582	-0.119267394818038	0.363528276538807	0.0553644503926468
0	0	0	0	0	0	1.05278465154348	0	0.0362715274875565	-0.100303746833054	0.396743928417429	0.0750181028272763
0	0	0	0	0	0	0.648365927081826	0	0.383613486361827	-0.0688183001718806	0.298768515162767	0.117625069324444
0	0	0	0	0	0	0.226546910725722	0	0.687415601213774	-0.0405994710711937	0.166179513716621	0.14253670729895
0	0	0	0	0	0	-0.0202615190128316	0	0.548053167667706	-0.0211606614631588	0.0551315486549726	0.100172984040227
0	0	0	0	0	0	-0.117647217620037	0	0.260269882771227	-0.00992694123645497	-0.0127609670258871	0.0417386426742216
0	0	0	0	0	0	-0.130911558567099	0	0.0608786897253222	-0.00425256727150553	-0.0399786035028135	0.00443180018180099
0	0	0	0	0	0	-0.10612437830488	0	-0.0374268085060561	-0.00163402477331933	-0.0421382657829951	-0.0122446822473807
0	0	0	0	0	0	-0.0714368426700668	0	-0.071609756109316	-0.000556701029233766	-0.0333062121740737	-0.0165505196562435
0	0	0	0	0	0	-0.0416767948152793	0	-0.0696312169983153	-0.000146257506876445	-0.0222070967994041	-0.0145492857349639
0	0	0	0	0	0	-0.0215711049855161	0	-0.0519102059802273	0	-0.0129989503469591	-0.0102847575987718
0	0	0	0	0	0	-0.0100731987433314	0	-0.0323065546080581	0	-0.00681650523035126	-0.00619533444736235
0	0	0	0	0	0	-0.00425256727150553	0	-0.017464795220887	0	-0.00323427113939604	-0.00328215194226819
0	0	0	0	0	0	-0.00163402477331933	0	-0.00843917397001208	0	-0.00140261714408954	-0.00155783921448689
0	0	0	0	0	0	-0.000556701029233766	0	-0.00369586624227177	0	-0.000556580735887566	-0.000672240265507416
0	0	0	0	0	0	-0.000146257506876445	0	-0.00148776726644289	0	-0.000190814342762499	-0.000264612560080366
0	0	0	0	0	0	0	0	-0.000556701029233766	0	-4.80326385903993e-05	-9.47978948077593e-05
0	0	0	0	0	0	0	0	-0.000146257506876445	0	-1.26192221677736e-05	-2.49054753335049e-05
0	0	0	0	0	0	0	0	0	0	0	0
0	0	0	0	0	0	0	0	0	0	0	0
0	0	0	0	0	0	0	0	0	0	0	0
0	0	0	0	0	0	0	0	0	0	0	0
0	0	0	0	0	0	0	0	0	0	0	0
0	0	0	0	0	0	0	0	0	0	0	0
0	0	0	0	0	0	0	0	0	0	0	0
0	0	0	0	0	0	0	0	0	0	0	0
0	0	0	0	0	0	0	0	0	0	0	0
0	0	0	0	0	0	0	0	0	0	0	0
0	0	0	0	0	0	0	0	0	0	0	0
0	0	0	0	0	0	0	0	0	0	0	0
0	0	0	0	0	0	0	0	0	0	0	0
0	0	0	0	0	0	0	0	0	0	0	0
0	0	0	0	0	0	0	0	0	0	0	0
0.0865660809936357	0	0	0	0.0137584657586648	0.00408944635452139	0	0	0	0	0	0
0.461454317465326	0	0	0	0.0733416986556375	0.0217994467888118	0	0	0	0	0	0
0.846377699210787	0	0	0	0.134519877298653	0.0399835149848151	0	0	0	0	0	0
1.06249501485734	0	0	0	0.168868696755968	0.0501930584743112	0	0	0	0	0	0
1.13936458011243	0.0865660809936357	0	0	0.17914960514012	0.0572056240563871	0	0	0	0	0	0
1.05441867631679	0.461454317465326	0	0	0.171021081413014	0.0719249451029869	0	0	0	0	0	0
0.64892262811106	0.846377699210787	0	0	0.157545890101999	0.0855137552252762	0	0	0	0	0	0
0.226693168232599	1.06249501485734	0	0	0.146782195081896	0.0921927277286435	0	0	0	0	0	0
-0.0202615190128316	1.13936458011243	0.0865660809936357	0	0.143602023451101	0.0962067711007923	0	0	0	0	0	0
-0.117647217620037	1.05441867631679	0.461454317465326	0	0.155204764480995	0.105990530028081	0	0	0	0	0	0
-0.130911558567099	0.64892262811106	0.846377699210787	0	0.169337343398255	0.115220757522618	0	0	0	0	0	0
-0.0195582973112443	0.226693168232599	1.06249501485734	0	0.176868014405319	0.113887367676179	0	0	0	0	0	0
0.390017474795259	-0.0202615190128316	1.05279849911879	0	0.176003821982277	0.0897903959820173	0	0	0	0	0	0
0.804700904395508	-0.117647217620037	0.679530439845104	0	0.172050718574424	0.0633555308371514	0	0	0	0	0	0
1.04092390987183	-0.130911558567099	0.263999246365598	0	0.16861228553182	0.0476191262427713	0	0	0	0	0	0
1.1292913813691	-0.10612437830488	0.0105758525860415	0	0.166376780137315	0.0412030105186754	0	0	0	0	0	0
1.13673219003892	-0.0714368426700668	-0.0971310842679164	0	0.170711664573905	0.0441171588837709	0	0	0	0	0	0
1.10874292080307	-0.0416767948152793	-0.119267394818038	0	0.194168133612886	0.0628662504401284	0	0	0	0	0	0
1.07251416641415	-0.0215711049855161	-0.100303746833054	0	0.21867712344397	0.0828044659753096	0	0	0	0	0	0
1.04208723833764	-0.0100731987433314	-0.0688183001718806	0	0.232575077994546	0.0946812231159431	0	0	0	0	0	0
1.02171736249239	-0.00425256727150553	-0.0405994710711937	0	0.236675650183176	0.115000070042518	0	0	0	0	0	0
1.01007319874333	-0.00163402477331933	-0.0211606614631588	0	0.23285381452085	0.182825114723207	0	0	0	0	0	0
1.00425256727151	-0.000556701029233766	-0.00992694123645497	0	0.226830863123447	0.250584547080032	0	0	0	0	0	0
1.00163402477332	-0.000146257506876445	-0.00425256727150553	0	0.222162263764523	0.287657017970255	0	0	0	0	0	0
1.00055670102923	0	-0.00163402477331933	0	0.218495440345642	0.295721791212973	0	0	0	0	0	0
1.00014625750688	0	-0.000556701029233766	0	0.213321418408229	0.276381331305139	0	0	0	0	0	0
1	0	-0.000146257506876445	0	0.208951988016221	0.251172545327308	0	0	0	0	0	0
1	0	0	0	0.203629045999275	0.222056033843369	0	0	0	0	0	0
1	0	0	0	0.189447677323547	0.163242490274918	0	0	0	0	0	0
1	0	0	0	0.175664683316015	0.108779380112077	0	0	0	0	0	0
1	0	0	0	0.168263815368821	0.0797602298418613	0	0	0	0	0	0
1	0	0	0	0.165920928024949	0.0704569028108591	0	0	0	0	0	0
1	0	0	0	0.166207316350916	0.0713145386688557	0	0	0	0	0	0
0.913433919006364	0	0	0	0.152668090007803	0.0682375720937015	0	0	0	0	0	0
0.538545682534674	0	0	0	0.0897515770431091	0.0392832551142279	0	0	0	0	0	0
0.153622300789213	0	0	0	0.0248149023016059	0.00831400126454334	0	0	0	0	0	0
-0.0624950148573446	0	0	0	-0.0115359165135818	-0.00867008319362161	0	0	0	0	0	0
-0.139364580112429	0	0	0	-0.0243066712116353	-0.0141316148328714	0	0	0	0	0	0
-0.14098475731043	0	0	0	-0.0243702784541003	-0.0134935416903161	0	0	0	0	0	0
-0.110376945576385	0	0	0	-0.0190170151517525	-0.0103352326265243	0	0	0	0	0	0
-0.0730708674433861	0	0	0	-0.0125705097035096	-0.00677293976729561	0	0	0	0	0	0
-0.042233495844513	0	0	0	-0.00725915697243588	-0.0038915225867759	0	0	0	0	0	0
-0.0217173624923926	0	0	0	-0.00373009378837204	-0.00199120440662591	0	0	0	0	0	0
-0.0100731987433314	0	0	0	-0.00173013532719267	-0.000923583502995183	0	0	0	0	0	0
-0.00425256727150553	0	0	0	-0.000730405212402451	-0.000389906034559267	0	0	0	0	0	0
-0.00163402477331933	0	0	0	-0.000280654046233263	-0.000149819174879505	0	0	0	0	0	0
-0.000556701029233766	0	0	0	-9.56169079856079e-05	-5.10423649728073e-05	0	0	0	0	0	0
-0.000146257506876445	0	0	0	-2.51206479651344e-05	-1.34099429567707e-05	0	0	0	0	0	0
0	0	0	0	0	0	0	0	0	0	0	0
0	0	0	0	0	0	0	0	0	0	0	0
0	0	0	0	0	0	0.0865660809936357	0	0	0	0.0100028553065078	0.00408944635452139
0	0	0	0	0	0	0.461454317465326	0	0	0	0.053321817450744	0.0217994467888118
0	0	0	0	0	0	0.846377699210787	0	0	0	0.097800357399602	0.0399835149848151
0	0	0	0	0	0	1.06249501485734	0.0865660809936357	0	0	0.128682511201095	0.0535742483512866
0	0	0	0	0	0	1.05279849911879	0.461454317465326	0	0	0.163156677830193	0.0718484067214408
0	0	0	0	0	0	0.679530439845104	0.846377699210787	0	0	0.189620701510317	0.0869596911239438
0	0	0	0	0	0	0.263999246365598	1.06249501485734	0	0	0.200837174606474	0.0939550947374226
0	0	0	0	0	0	0.0105758525860415	1.13936458011243	0.0865660809936357	0	0.201483112407564	0.097663551579018
0	0	0	0	0	0	-0.0971310842679164	1.05441867631679	0.461454317465326	0	0.196771107241735	0.106959727498761
0	0	0	0	0	0	-0.0327013138244021	0.64892262811106	0.759811618217151	0	0.185612989460172	0.110007125141091
0	0	0	0	0	0	0.361150570632272	0.226693168232599	0.601040697392019	0	0.157587628050056	0.0892016661924901
0	0	0	0	0	0	0.777559399038907	-0.0202615190128316	0.292986880901642	0	0.140473161056669	0.0682888751636118
0	0	0	0	0	0	1.02189554378615	-0.117647217620037	0.0784897424530857	0	0.168383348740117	0.0703588415857141
0	0	0	0	0	0	1.11820391864927	-0.130911558567099	-0.028987634536044	0	0.207033906338425	0.0816646486805136
0	0	0	0	0	0	1.13105781607398	-0.10612437830488	-0.0679138898670442	0	0.248773855959448	0.105713882769985
0	0	0	0	0	0	1.10612437830488	-0.0714368426700668	-0.0681434497318725	0	0.334382822836625	0.177324003174824
0	0	0	0	0	0	1.07143684267007	-0.0416767948152793	-0.0513535049509936	0	0.403622184642353	0.243734910420353
0	0	0	0	0	0	1.04167679481528	-0.0215711049855161	-0.0321602971011816	0	0.400953164881987	0.263943623462677
0	0	0	0	0	0	1.02157110498552	-0.0100731987433314	-0.017464795220887	0	0.367842995081131	0.257942511045621
0	0	0	0	0	0	1.01007319874333	-0.00425256727150553	-0.00843917397001208	0	0.330356934742887	0.235327092030636
0	0	0	0	0	0	1.00425256727151	-0.00163402477331933	-0.00369586624227177	0	0.272172542545627	0.176083658776181
0	0	0	0	0	0	1.00163402477332	-0.000556701029233766	-0.00148776726644289	0	0.221260571104056	0.118293538665049
0	0	0	0	0	0	0.913990620035598	-0.000146257506876445	-0.000556701029233766	0	0.176694080514391	0.0777242362142496
0	0	0	0	0	0	0.538691940041551	0	-0.000146257506876445	0	0.0912965361121454	0.0313348427118311
0	0	0	0	0	0	0.153622300789213	0	0	0	0.0132352538128337	-0.0047533520428762
0	0	0	0	0	0	-0.0624950148573446	0	0	0	-0.0266075835206895	-0.0205752865036226
0	0	0	0	0	0	-0.139364580112429	0	0	0	-0.0374863955143628	-0.0226065308022795
0	0	0	0	0	0	-0.14098475731043	0	0	0	-0.0339751613890692	-0.0185981965579363
0	0	0	0	0	0	-0.110376945576385	0	0	0	-0.0252160261066368	-0.0130341026045631
0	0	0	0	0	0	-0.0730708674433861	0	0	0	-0.016180038230632	-0.00805332918264887
0	0	0	0	0	0	-0.042233495844513	0	0	0	-0.00915938682064652	-0.00443931390092949
0	0	0	0	0	0	-0.0217173624923926	0	0	0	-0.00464062910241888	-0.00220628268666378
0	0	0	0	0	0	-0.0100731987433314	0	0	0	-0.00213046974106701	-0.000996859197353038
0	0	0	0	0	0	-0.00425256727150553	0	0	0	-0.000889707567403095	-0.000409157158247993
0	0	0	0	0	0	-0.00163402477331933	0	0	0	-0.000335720261036342	-0.000149819174879505
0	0	0	0	0	0	-0.000556701029233766	0	0	0	-0.000114377589559981	-5.10423649728073e-05
0	0	0	0	0	0	-0.000146257506876445	0	0	0	-3.00494883485398e-05	-1.34099429567707e-05
0	0	0	0	0	0	0	0	0	0	0	0
0	0	0	0	0	0	0	0	0	0	0	0
0	0	0	0	0	0	0	0	0	0	0	0
0	0	0	0	0	0	0	0	0	0	0	0
0	0	0	0	0	0	0	0	0	0	0	0
0	0	0	0	0	0	0	0	0	0	0	0
0	0	0	0	0	0	0	0	0	0	0	0
0	0	0	0	0	0	0	0	0	0	0	0
0	0	0	0	0	0	0	0	0	0	0	0
0	0	0	0	0	0	0	0	0	0	0	0
0	0	0	0	0	0	0	0	0	0	0	0
0	0	0	0	0	0	0	0	0	0	0	0
0	0	0	0	0	0	0	0	0	0	0	0
0	0	0	0	0	0	0	0	0	0	0	0
0	0	0	0	0	0	0	0	0	0	0	0
0	0	0	0	0	0	0	0	0	0	0	0
0	0	0	0	0	0	0	0	0	0	0	0
0	0	0	0	0	0	0	0	0	0	0	0
0	0	0	0	0	0	0	0	0	0	0	0
0	0	0	0	0	0	0	0	0	0	0	0
0	0	0	0	0	0	0	0	0	0	0	0
0	0	0	0	0	0	0	0	0	0	0	0
0	0	0	0	0	0	0	0	0	0	0	0
0	0	0	0	0	0	0	0	0	0	0	0
0	0	0	0	0	0	0	0	0	0	0	0
0	0	0	0	0	0	0	0	0	0	0	0
0	0	0	0	0	0	0	0	0	0	0	0
0	0	0	0	0	0	0	0	0	0	0	0
0	0	0	0	0	0	0	0	0	0	0	0
0	0	0	0	0	0	0	0	0	0	0	0
0	0	0	0	0	0	0	0	0	0	0	0
0	0	0	0	0	0	0	0	0	0	0	0
0	0	0	0	0	0	0	0	0	0	0	0
0	0	0	0	0	0	0	0	0	0	0	0
0	0	0	0	0	0	0	0	0	0	0	0
0	0	0	0	0	0	0	0	0	0	0	0
0	0	0	0	0	0	0	0	0	0	0	0
0	0	0	0	0	0	0	0	0	0	0	0
0	0	0	0	0	0	0	0	0	0	0	0
0	0	0	0	0	0	0	0	0	0	0	0
0	0	0	0	0	0	0	0	0	0	0	0
0	0	0	0	0	0	0	0	0	0	0	0
0	0	0	0	0	0	0	0	0	0	0	0
0	0	0	0	0	0	0	0	0	0	0	0
0	0	0	0	0	0	0	0	0	0	0	0
0	0	0	0	0	0	0	0	0	0	0	0
0	0	0	0	0	0	0	0	0	0	0	0
0	0	0	0	0	0	0	0	0	0	0	0
0	0	0	0	0	0	0	0	0	0	0	0
0	0	0	0	0	0	0	0	0	0	0	0
0	0	0	0	0	0	0	0	0	0	0	0
0	0	0	0	0	0	0	0	0	0	0	0
0	0	0	0	0	0	0	0	0	0	0	0
0	0	0	0	0	0	0	0	0	0	0	0
0	0	0	0	0	0	0	0	0	0	0	0
0	0	0	0	0	0	0	0	0	0	0	0
0	0	0	0	0	0	0	0	0	0	0	0
0	0	0	0	0	0	0	0	0	0	0	0
0	0	0	0	0	0	0	0	0	0	0	0
0	0	0	0	0	0	0	0	0	0	0	0
0	0	0	0	0	0	0	0	0	0	0	0
0	0	0	0	0	0	0	0	0	0	0	0
0	0	0	0	0	0	0	0	0	0	0	0
0	0	0	0	0	0	0	0	0	0	0	0
0	0	0	0	0	0	0	0	0	0	0	0
0	0	0	0	0	0	0	0	0	0	0	0
0	0	0	0	0	0	0	0	0	0	0	0
0	0	0	0	0	0	0	0	0	0	0	0
0	0	0	0	0	0	0	0	0	0	0	0
0	0	0	0	0	0	0	0	0	0	0	0
0	0	0	0	0	0	0	0	0	0	0	0
0	0	0	0	0	0	0	0	0	0	0	0
0	0	0	0	0	0	0	0	0	0	0	0
0	0	0	0	0	0	0	0	0	0	0	0
0	0	0	0	0	0	0	0	0	0	0	0
0	0	0	0	0	0	0	0	0	0	0	0
0	0	0	0	0	0	0	0	0	0	0	0
0	0	0	0	0	0	0	0	0	0	0	0
0	0	0	0	0	0	0	0	0	0	0	0
0	0	0	0	0	0	0	0	0	0	0	0
0	0	0	0	0	0	0	0	0	0	0	0
0	0	0	0	0	0	0	0	0	0	0	0
0	0	0	0	0	0	0	0	0	0	0	0
0	0	0	0	0	0	0	0	0	0	0	0
0	0	0	0	0	0	0	0	0	0	0	0
0	0	0	0	0	0	0	0	0	0	0	0
0	0	0	0	0	0	0	0	0	0	0	0
0	0	0	0	0	0	0	0	0	0	0	0
0	0	0	0	0	0	0	0	0	0	0	0
0	0	0	0	0	0	0	0	0	0	0	0
