0	0	0	0	0	0	0	0	0	0	0	0
0	0	0	0	0	0	0	0	0	0	0	0
0	0	0	0	0	0	0	0	0	0	0	0
0	0	0	0	0	0	0	0	0	0	0	0
0	0	0	0	0	0	0	0	0	0	0	0
0	0	0	0	0	0	0	0	0	0	0	0
0	0	0	0	0	0	0	0	0	0	0	0
0.0865660809936357	0	0	0	0.0198303552325559	0.00428603899323487	0	0	0	0	0	0
0.461454317465326	0	0	0	0.10570887504549	0.0228474152410616	0	0	0	0	0	0
0.846377699210787	0	0	0	0.19388622245123	0.0419056491894158	0	0	0	0	0	0
1.06249501485734	0	0.0865660809936357	0	0.238169516233519	0.0537127302912673	0	0	0	0	0	0
1.05279849911879	0	0.461454317465326	0	0.233153712446321	0.0623115596283176	0	0	0	0	0	0
0.679530439845104	0	0.846377699210787	0	0.210294323265637	0.0673129569661923	0	0	0	0	0	0
0.263999246365598	0	1.06249501485734	0	0.190239847477599	0.0685605332176233	0	0	0	0	0	0
0.0105758525860415	0	1.13936458011243	0	0.177054698371711	0.0676962078719681	0	0	0	0	0	0
-0.0971310842679164	0	1.05441867631679	0.0865660809936357	0.159911635507971	0.0898273653199147	0	0	0	0	0	0
-0.119267394818038	0	0.64892262811106	0.461454317465326	0.113834182152433	0.190785172546931	0	0	0	0	0	0
-0.100303746833054	0	0.226693168232599	0.846377699210787	0.0690362869651824	0.294836751792732	0	0	0	0	0	0
-0.0688183001718806	0	-0.0202615190128316	1.06249501485734	0.0446454987433375	0.353166112960538	0	0	0	0	0	0
-0.0405994710711937	0	-0.117647217620037	1.13936458011243	0.0364207042384975	0.373763748282939	0	0	0	0	0	0
-0.0211606614631588	0	-0.130911558567099	1.14098475731043	0.0366898435262711	0.374003936092732	0	0	0	0	0	0
-0.00992694123645497	0	-0.10612437830488	1.11037694557639	0.0404762037868711	0.365551598397545	0	0	0	0	0	0
0.0823135137221301	0	-0.0714368426700668	1.07307086744339	0.0540946068320485	0.329091858147665	0	0	0	0	0	0
0.459820292692007	0	-0.0416767948152793	0.955667414850877	0.0975246037006665	0.207054078099917	0	0	0	0	0	0
0.845820998181553	0	-0.0215711049855161	0.560263045027067	0.140789940336913	0.0848020983591996	0	0	0	0	0	0
1.06234875735047	0	-0.0100731987433314	0.163695499532544	0.165090860547562	0.0161299336729082	0	0	0	0	0	0
1.13936458011243	0	-0.00425256727150553	-0.0582424475858391	0.17392476807055	-0.00875347533452068	0	0	0	0	0	0
1.14098475731043	0	-0.00163402477331933	-0.13773055533911	0.174398734609276	-0.0099594481920088	0	0	0	0	0	0
1.11037694557639	0	-0.000556701029233766	-0.140428056281197	0.198133846923191	0.00853124291443909	0	0	0	0	0	0
1.07307086744339	0	-0.000146257506876445	-0.110230688069509	0.310546100068087	0.0609072841859624	0	0	0	0	0	0
1.04223349584451	0	0	-0.0730708674433861	0.426728674064782	0.11249763214835	0	0	0	0	0	0
1.02171736249239	0	0	-0.042233495844513	0.491610485753273	0.142456146383399	0	0	0	0	0	0
1.01007319874333	0	0	-0.0217173624923926	0.514226339238733	0.154429178570671	0	0	0	0	0	0
1.00425256727151	0	0.0865660809936357	-0.0100731987433314	0.495014632555263	0.163732840505994	0	0	0	0	0	0
0.915067943779684	0	0.461454317465326	-0.00425256727150553	0.402539289448228	0.193045531277346	0	0	0	0	0	0
0.539102383563908	0	0.846377699210787	-0.00163402477331933	0.30593542253274	0.22200876498269	0	0	0	0	0	0
0.153768558296089	0	1.06249501485734	-0.000556701029233766	0.248647954683513	0.237124768096837	0	0	0	0	0	0
-0.0624950148573446	0	1.13936458011243	-0.000146257506876445	0.225309030007928	0.241452513251523	0	0	0	0	0	0
-0.0527984991187938	0	1.14098475731043	0	0.214786409415854	0.221165473904151	0	0	0	0	0	0
0.320469560154896	0	1.02381086458275	0	0.191357540755925	0.135009730814308	0	0	0	0	0	0
0.736000753634402	0	0.61161654997806	0	0.169640349690725	0.0464166565185801	0	0	0	0	0	0
0.989424147413958	0	0.195855796633726	0	0.159751109876976	-0.00412246243621214	0	0	0	0	0	0
1.09713108426792	0	-0.0407776523649521	0	0.158331425387051	-0.0229134039424301	0	0	0	0	0	0
1.11926739481804	0	-0.129291381369098	0	0.160732098363456	-0.0242780561784712	0	0	0	0	0	0
1.10030374683305	0.0865660809936357	-0.136732190038925	0	0.183401208326268	-0.00671081217663846	0	0	0	0	0	0
0.982252219178245	0.461454317465326	-0.108742920803066	0	0.269381353615134	0.0502225766476163	0	0	0	0	0	0
0.579145153605868	0.846377699210787	-0.0725141664141523	0	0.356742401538847	0.107165474442206	0	0	0	0	0	0
0.174782962252372	1.06249501485734	-0.0420872383376366	0	0.405991224217294	0.139861159247306	0	0	0	0	0	0
-0.0525680736208897	1.13936458011243	-0.0217173624923926	0	0.423837333828143	0.152451877202266	0	0	0	0	0	0
-0.135112012840924	1.14098475731043	-0.0100731987433314	0	0.424634775606911	0.153950571983815	0	0	0	0	0	0
-0.139350732537111	1.02381086458275	-0.00425256727150553	0	0.383992331145694	0.138720633444545	0	0	0	0	0	0
-0.109820244547152	0.61161654997806	-0.00163402477331933	0	0.228187353114369	0.0829202559204893	0	0	0	0	0	0
-0.0729246099365097	0.195855796633726	-0.000556701029233766	0	0.0698039453586731	0.0264464555600266	0	0	0	0	0	0
-0.042233495844513	-0.0407776523649521	-0.000146257506876445	0	-0.0198330430063897	-0.00569743665747	0	0	0	0	0	0
-0.0217173624923926	-0.129291381369098	0	0	-0.0526769781679503	-0.017709088155832	0	0	0	0	0	0
-0.0100731987433314	-0.136732190038925	0	0	-0.0545973127112848	-0.0186895579077191	0	0	0	0	0	0
-0.00425256727150553	-0.108742920803066	0	0	-0.0431176638854063	-0.0148532097151766	0	0	0	0	0	0
-0.00163402477331933	-0.0725141664141523	0	0	-0.0286600671795957	-0.00990149698852535	0	0	0	0	0	0
-0.000556701029233766	-0.0420872383376366	0	0	-0.0166036034328717	-0.00574576169952085	0	0	0	0	0	0
-0.000146257506876445	-0.0217173624923926	0	0	-0.00855449295944978	-0.00296440413949178	0	0	0	0	0	0
0	-0.0100731987433314	0	0	-0.00396784405837275	-0.00137498428103851	0	0	0	0	0	0
0	-0.00425256727150553	0	0	-0.00167509092305402	-0.000580472330723133	0	0	0	0	0	0
0	-0.00163402477331933	0	0	-0.000643644154478852	-0.00022304318969473	0	0	0	0	0	0
0	-0.000556701029233766	0	0	-0.000219285147391489	-7.59892844307403e-05	0	0	0	0	0	0
0	-0.000146257506876445	0	0	-5.76109927381605e-05	-1.99640430079e-05	0	0	0	0	0	0
0	0	0	0	0	0	0	0	0	0	0	0
0	0	0	0	0	0	0	0	0	0	0	0
0	0	0	0	0	0	0	0	0	0	0	0
0	0	0	0	0	0	0.0865660809936357	0	0	0	0.0184030586006835	0.00428603899323487
0	0	0	0	0	0	0.461454317465326	0	0	0	0.0981004424409274	0.0228474152410616
0	0	0	0	0	0	0.846377699210787	0	0	0	0.179931194968073	0.0419056491894158
0	0	0	0	0	0	1.06249501485734	0	0	0	0.225875513791497	0.0526059977710097
0	0	0	0	0	0	1.13936458011243	0	0	0	0.242217192862107	0.0564119452078646
0	0	0	0	0	0	1.14098475731043	0	0.0865660809936357	0	0.236259338901942	0.0575988955520883
0	0	0	0	0	0	1.02381086458275	0	0.461454317465326	0	0.202459372821511	0.0608763308352726
0	0	0	0	0	0	0.61161654997806	0	0.846377699210787	0	0.166504833584554	0.0639504207763674
0	0	0	0	0	0	0.195855796633726	0	1.06249501485734	0	0.144215095189357	0.0651866311149531
0	0	0	0	0	0	-0.0407776523649521	0	1.13936458011243	0.0865660809936357	0.154758898662182	0.0887908617690863
0	0	0	0	0	0	-0.129291381369098	0	1.05441867631679	0.461454317465326	0.240951279916148	0.190599965141582
0	0	0	0	0	0	-0.136732190038925	0	0.64892262811106	0.846377699210787	0.33310463448295	0.295025513906391
0	0	0	0	0	0	-0.108742920803066	0	0.226693168232599	1.06249501485734	0.386447591807078	0.353430714828523
0	0	0	0	0	0	-0.0725141664141523	0	-0.0202615190128316	1.13936458011243	0.406668843781312	0.373972703340019
0	0	0	0	0	0	-0.0420872383376366	0	-0.117647217620037	1.14098475731043	0.408458938511719	0.374132482951077
0	0	0	0	0	0	-0.0217173624923926	0	-0.130911558567099	1.11037694557639	0.402026649581635	0.365618772707552
0	0	0	0	0	0	-0.0100731987433314	0	-0.10612437830488	1.07307086744339	0.393615113749646	0.355357765140391
0	0	0	0	0	0	-0.00425256727150553	0	-0.0714368426700668	1.04223349584451	0.386502456364042	0.346904005035686
0	0	0	0	0	0	0.0849320562203163	0	-0.0416767948152793	0.935151281498757	0.363602030174914	0.315055780122858
0	0	0	0	0	0	0.460897616436092	0	-0.0215711049855161	0.548618881278006	0.282402774373444	0.198267317426455
0	0	0	0	0	0	0.846231441703911	0	-0.0100731987433314	0.157874868060718	0.200462935791008	0.0800313878928856
0	0	0	0	0	0	1.06249501485734	0	-0.00425256727150553	-0.0608609900840253	0.154605210280957	0.0138255794071997
0	0	0	0	0	0	1.13936458011243	0	-0.00163402477331933	-0.138807879083196	0.138259765634627	-0.00976264817194888
0	0	0	0	0	0	1.14098475731043	0	-0.000556701029233766	-0.140838499803554	0.152247141689573	-0.000856025274785329
0	0	0	0	0	0	1.11037694557639	0	-0.000146257506876445	-0.110376945576385	0.221083525405867	0.0495623535295631
0	0	0	0	0	0	1.07307086744339	0	0	-0.0730708674433861	0.29302869027048	0.103152873054451
0	0	0	0	0	0	1.04223349584451	0	0	-0.042233495844513	0.335493212310617	0.13623906905892
0	0	0	0	0	0	1.02171736249239	0	0	-0.0217173624923926	0.352595714268148	0.150900605951049
0	0	0	0	0	0	1.01007319874333	0	0	-0.0100731987433314	0.355303020204369	0.154607162156184
0	0	0	0	0	0	1.00425256727151	0	0	-0.00425256727150553	0.351421491168665	0.153008606311867
0	0	0	0	0	0	1.00163402477332	0	0	-0.00163402477331933	0.345753631373115	0.14970387598312
0	0	0	0	0	0	1.00055670102923	0	0	-0.000556701029233766	0.340840986050486	0.146642720460008
0	0	0	0	0	0	1.00014625750688	0	0	-0.000146257506876445	0.337508483557628	0.144513311217213
0	0	0	0	0	0	1	0	0	0	0.335598937219648	0.143278469591727
0	0	0	0	0	0	1	0	0	0	0.334629098443678	0.142639047644186
0	0	0	0	0	0	1	0	0	0	0.334192794571228	0.142351389242857
0	0	0	0	0	0	1	0	0	0	0.334013289933914	0.142233040494975
0	0	0	0	0	0	1	0	0	0	0.33394490147035	0.142187951470237
0	0	0	0	0	0	1	0	0.0865660809936357	0	0.328883435845025	0.14953371600106
0	0	0	0	0	0	0.913433919006364	0	0.461454317465326	0	0.307069486999283	0.181415303099866
0	0	0	0	0	0	0.538545682534674	0	0.846377699210787	0	0.284671614401433	0.2141503081696
0	0	0	0	0	0	0.153622300789213	0	1.06249501485734	0	0.272096207628036	0.232529553907458
0	0	0	0	0	0	-0.0624950148573446	0	1.13936458011243	0	0.267623331178109	0.23906676553883
0	0	0	0	0	0	-0.139364580112429	0	1.14098475731043	0	0.267529056514143	0.239204550124817
0	0	0	0	0	0	-0.14098475731043	0	1.11037694557639	0	0.269310059955943	0.236601572701767
0	0	0	0	0	0	-0.110376945576385	0	1.07307086744339	0	0.271480821267868	0.233428955202467
0	0	0	0	0	0	-0.0730708674433861	0	1.04223349584451	0	0.273275182309778	0.230806455340159
0	0	0	0	0	0	-0.042233495844513	0	1.02171736249239	0	0.27446897245819	0.229061703628149
0	0	0	0	0	0	-0.0217173624923926	0	1.01007319874333	0	0.275146521571931	0.228071450041501
0	0	0	0	0	0	-0.0100731987433314	0	1.00425256727151	0	0.275485211732955	0.227576446594645
0	0	0	0	0	0	-0.00425256727150553	0	1.00163402477332	0	0.275637579149557	0.227353758116838
0	0	0	0	0	0	-0.00163402477331933	0	1.00055670102923	0	0.275700266326047	0.227262139369064
0	0	0	0	0	0	-0.000556701029233766	0	1.00014625750688	0	0.275724149161329	0.227227234056936
0	0	0	0	0	0	0.0864198234867592	0	0.913433919006364	0	0.267224438630748	0.208069134520674
0	0	0	0	0	0	0.461454317465326	0	0.538545682534674	0	0.23037822925531	0.125155790801422
0	0	0	0	0	0	0.846377699210787	0	0.153622300789213	0	0.19254570708609	0.0400229924063238
0	0	0	0	0	0	1.06249501485734	0	-0.0624950148573446	0	0.171304432788137	-0.00777527793827862
0	0	0	0	0	0	1.13936458011243	0	-0.139364580112429	0	0.163749242146135	-0.0247763787077492
0	0	0	0	0	0	1.14098475731043	0	-0.14098475731043	0	0.163590001651355	-0.0251347103272427
0	0	0	0	0	0	1.11037694557639	0	-0.110376945576385	0	0.166598316476837	-0.0183652367404376
0	0	0	0	0	0	1.07307086744339	0.0865660809936357	-0.0730708674433861	0	0.190925668899833	0.00117845400315527
0	0	0	0	0	0	0.955667414850877	0.461454317465326	-0.042233495844513	0	0.283430975377698	0.0569038593446066
0	0	0	0	0	0	0.560263045027067	0.846377699210787	-0.0217173624923926	0	0.377316934378521	0.111655646552981
0	0	0	0	0	0	0.163695499532544	1.06249501485734	-0.0100731987433314	0	0.430042026346807	0.142424039424202
0	0	0	0	0	0	-0.0582424475858391	1.13936458011243	-0.00425256727150553	0	0.448960541219594	0.153739215589911
0	0	0	0	0	0	-0.13773055533911	1.05441867631679	-0.00163402477331933	0	0.413583026376003	0.142713503311728
0	0	0	0	0	0	-0.140428056281197	0.64892262811106	-0.000556701029233766	0	0.250386607293934	0.0877869323276225
0	0	0	0	0	0	-0.110230688069509	0.226693168232599	-0.000146257506876445	0	0.0813501819832305	0.030469272117779
0	0	0	0	0	0	-0.0730708674433861	-0.0202615190128316	0	0	-0.0159253497736238	-0.00302105288444497
0	0	0	0	0	0	-0.042233495844513	-0.117647217620037	0	0	-0.0528086154989914	-0.0161900762458606
0	0	0	0	0	0	-0.0217173624923926	-0.130911558567099	0	0	-0.0562619058517999	-0.0179302411615963
0	0	0	0	0	0	-0.0100731987433314	-0.10612437830488	0	0	-0.0449147006996736	-0.0145116139314664
0	0	0	0	0	0	-0.00425256727150553	-0.0714368426700668	0	0	-0.0300159955975625	-0.00976095726120548
0	0	0	0	0	0	-0.00163402477331933	-0.0416767948152793	0	0	-0.0174411834115131	-0.00569221825816538
0	0	0	0	0	0	-0.000556701029233766	-0.0215711049855161	0	0	-0.00900204387617602	-0.0029453244614955
0	0	0	0	0	0	-0.000146257506876445	-0.0100731987433314	0	0	-0.00419162338330652	-0.00137498428103851
0	0	0	0	0	0	0	-0.00425256727150553	0	0	-0.00176956306219284	-0.000580472330723133
0	0	0	0	0	0	0	-0.00163402477331933	0	0	-0.000679944536315409	-0.00022304318969473
0	0	0	0	0	0	0	-0.000556701029233766	0	0	-0.000231652438426459	-7.59892844307403e-05
0	0	0	0	0	0	0	-0.000146257506876445	0	0	-6.08601499313484e-05	-1.99640430079e-05
0	0	0	0	0	0	0	0	0	0	0	0
0	0	0	0	0	0	0	0	0	0	0	0
0	0	0	0	0	0	0	0	0	0	0	0
0	0	0	0	0	0	0	0	0	0	0	0
0	0	0	0	0	0	0	0	0	0	0	0
0	0	0	0	0	0	0	0	0	0	0	0
0	0	0	0	0	0	0	0	0	0	0	0
0	0	0	0	0	0	0	0	0	0	0	0
0	0	0	0	0	0	0	0	0	0	0	0
0	0	0	0	0	0	0	0	0	0	0	0
0	0	0	0	0	0	0	0	0	0	0	0
0	0	0	0	0	0	0	0	0	0	0	0
0	0	0	0	0	0	0	0	0	0	0	0
0	0	0	0	0	0	0	0	0	0	0	0
0	0	0	0	0	0	0	0	0	0	0	0
0	0	0	0	0	0	0	0	0	0	0	0
0	0	0	0	0	0	0	0	0	0	0	0
0	0	0	0	0	0	0	0	0	0	0	0
0	0	0	0	0	0	0	0	0	0	0	0
0	0	0	0	0	0	0	0	0	0	0	0
0	0	0	0	0	0	0	0	0	0	0	0
0	0	0	0	0	0	0	0	0	0	0	0
0	0	0	0	0	0	0	0	0	0	0	0
0	0	0	0	0	0	0	0	0	0	0	0
0	0	0	0	0	0	0	0	0	0	0	0
0	0	0	0	0	0	0	0	0	0	0	0
0	0	0	0	0	0	0	0	0	0	0	0
0	0	0	0	0	0	0	0	0	0	0	0
0	0	0	0	0	0	0	0	0	0	0	0
0	0	0	0	0	0	0	0	0	0	0	0
0	0	0	0	0	0	0	0	0	0	0	0
0	0	0	0	0	0	0	0	0	0	0	0
0	0	0	0	0	0	0	0	0	0	0	0
0	0	0	0	0	0	0	0	0	0	0	0
0	0	0	0	0	0	0	0	0	0	0	0
0	0	0	0	0	0	0	0	0	0	0	0
0	0	0	0	0	0	0	0	0	0	0	0
0	0	0	0	0	0	0	0	0	0	0	0
0	0	0	0	0	0	0	0	0	0	0	0
0	0	0	0	0	0	0	0	0	0	0	0
0	0	0	0	0	0	0	0	0	0	0	0
0	0	0	0	0	0	0	0	0	0	0	0
0	0	0	0	0	0	0	0	0	0	0	0
0	0	0	0	0	0	0	0	0	0	0	0
0	0	0	0	0	0	0	0	0	0	0	0
0.0865660809936357	0	0	0	0.022581705767519	0.00562773965881355	0	0	0	0	0	0
0.461454317465326	0	0	0	0.120375388403218	0.0299995648794738	0	0	0	0	0	0
0.846377699210787	0	0	0	0.220786848063191	0.0550237840215281	0	0	0	0	0	0
1.06249501485734	0	0	0	0.277163405453555	0.0690737672743206	0	0	0	0	0	0
1.13936458011243	0	0	0	0.297215669402007	0.0740711276258144	0	0	0	0	0	0
1.05441867631679	0	0	0.0865660809936357	0.28447754018927	0.0872034837172884	0	0	0	0	0	0
0.64892262811106	0	0	0.461454317465326	0.219498342500911	0.141629262155103	0	0	0	0	0	0
0.226693168232599	0	0	0.846377699210787	0.151246170946442	0.197129734132036	0	0	0	0	0	0
-0.0202615190128316	0	0	1.06249501485734	0.110345269391814	0.227647707854091	0	0	0	0	0	0
-0.117647217620037	0	0	1.13936458011243	0.0933068180090266	0.237881767508343	0	0	0	0	0	0
-0.130911558567099	0	0	1.14098475731043	0.0900229930276719	0.237368584634911	0	0	0	0	0	0
-0.10612437830488	0	0	1.11037694557639	0.0931579690243387	0.232384117504407	0	0	0	0	0	0
-0.0714368426700668	0	0	1.07307086744339	0.098146592238353	0.226599822396846	0	0	0	0	0	0
0.0448892861783564	0	0	1.04223349584451	0.115547081304556	0.207384909141206	0	0	0	0	0	0
0.43988321247981	0	0	0.935151281498757	0.174828538020585	0.14145777946588	0	0	0	0	0	0
0.836304500467456	0	0	0.548618881278006	0.234336332380934	0.0752015339120255	0	0	0	0	0	0
1.05824244758584	0	0	0.157874868060718	0.267659712911819	0.0381148507514196	0	0	0	0	0	0
1.13773055533911	0	0	-0.0608609900840253	0.279595669584052	0.0248411929239614	0	0	0	0	0	0
1.1404280562812	0	0	-0.138807879083196	0.280002639707075	0.0244076072981147	0	0	0	0	0	0
1.11023068806951	0	0	-0.140838499803554	0.265155381694565	0.0310004893192904	0	0	0	0	0	0
1.07307086744339	0	0	-0.110376945576385	0.214905046919399	0.0438389069913726	0	0	0	0	0	0
1.04223349584451	0	0	-0.0730708674433861	0.164407582147622	0.055792425665852	0	0	0	0	0	0
1.02171736249239	0	0	-0.042233495844513	0.135574849509678	0.0630403472813701	0	0	0	0	0	0
1.01007319874333	0	0	-0.0217173624923926	0.124667041482638	0.0663466483931115	0	0	0	0	0	0
1.00425256727151	0	0	-0.0100731987433314	0.123600318581878	0.0673504690111607	0	0	0	0	0	0
1.00163402477332	0	0	-0.00425256727150553	0.140749198411125	0.0646302287893007	0	0	0	0	0	0
1.00055670102923	0	0	-0.00163402477331933	0.205205700159629	0.052809569136107	0	0	0	0	0	0
1.00014625750688	0	0	-0.000556701029233766	0.270602187678499	0.0406875793879785	0	0	0	0	0	0
1	0	0	-0.000146257506876445	0.307713636539669	0.0338110558652445	0	0	0	0	0	0
1	0	0	0	0.321439401387318	0.0312798260922051	0	0	0	0	0	0
1	0	0	0	0.322393061077567	0.0311281776553031	0	0	0	0	0	0
1	0	0	0	0.309659120371026	0.0350510875527745	0	0	0	0	0	0
1	0	0	0	0.268577580723105	0.0493388558496091	0	0	0	0	0	0
1	0	0	0	0.227512019414083	0.0637954033512569	0	0	0	0	0	0
1	0	0	0	0.203931505990603	0.0720104908392099	0	0	0	0	0	0
1	0	0	0	0.194840372668804	0.0750649156615274	0	0	0	0	0	0
1	0	0	0	0.193753892006558	0.0752979889960581	0	0	0	0	0	0
1	0	0	0	0.196209298716245	0.0743013052073589	0	0	0	0	0	0
1	0	0	0	0.199541407981718	0.0730225317214024	0	0	0	0	0	0
1	0.0865660809936357	0	0	0.217579402979857	0.0790293158237063	0	0	0	0	0	0
0.913433919006364	0.461454317465326	0	0	0.285338104431059	0.108966490730086	0	0	0	0	0	0
0.538545682534674	0.846377699210787	0	0	0.354049551214355	0.140031660274858	0	0	0	0	0	0
0.153622300789213	1.06249501485734	0	0	0.392560595885725	0.157498573236746	0	0	0	0	0	0
-0.0624950148573446	1.13936458011243	0	0	0.406309883473088	0.163692010937858	0	0	0	0	0	0
-0.0527984991187938	1.05441867631679	0	0	0.392513576444471	0.154409515622954	0	0	0	0	0	0
0.320469560154896	0.64892262811106	0	0	0.325757436106933	0.111283294636908	0	0	0	0	0	0
0.736000753634402	0.226693168232599	0	0	0.256155766620541	0.066531617388031	0	0	0	0	0	0
0.989424147413958	-0.0202615190128316	0	0	0.21533220014067	0.0405996086269999	0	0	0	0	0	0
1.09713108426792	-0.117647217620037	0	0	0.199134688804301	0.030595293841218	0	0	0	0	0	0
1.11926739481804	-0.130911558567099	0	0	0.196823786752394	0.0294676692679848	0	0	0	0	0	0
1.01373766583942	-0.10612437830488	0	0	0.18193124014785	0.0285056314863502	0	0	0	0	0	0
0.607363982706555	-0.0714368426700668	0	0	0.105800558387075	0.0158690710261406	0	0	0	0	0	0
0.194221771860407	-0.0416767948152793	0	0	0.0266916598802743	0.00221712050231325	0	0	0	0	0	0
-0.0413343533941859	-0.0215711049855161	0	0	-0.0171656683274889	-0.00508505753949465	0	0	0	0	0	0
-0.129437638875975	-0.0100731987433314	0	0	-0.0320529322779628	-0.00721148162021768	0	0	0	0	0	0
-0.136732190038925	-0.00425256727150553	0	0	-0.0314527820453129	-0.00665212444089781	0	0	0	0	0	0
-0.108742920803066	-0.00163402477331933	0	0	-0.0243466356036521	-0.0050243060898984	0	0	0	0	0	0
-0.0725141664141523	-0.000556701029233766	0	0	-0.0160317481448431	-0.00326927686795582	0	0	0	0	0	0
-0.0420872383376366	-0.000146257506876445	0	0	-0.00923727595850716	-0.0018705652693698	0	0	0	0	0	0
-0.0217173624923926	0	0	0	-0.00473768245540443	-0.000953737635494967	0	0	0	0	0	0
-0.0100731987433314	0	0	0	-0.002197486779198	-0.000442373642503831	0	0	0	0	0	0
-0.00425256727150553	0	0	0	-0.000927705349104724	-0.00018675534175615	0	0	0	0	0	0
-0.00163402477331933	0	0	0	-0.000356465500954041	-7.17596772716616e-05	0	0	0	0	0	0
-0.000556701029233766	0	0	0	-0.00012144535046695	-2.44480297036537e-05	0	0	0	0	0	0
-0.000146257506876445	0	0	0	-3.19063433482059e-05	-6.42303082755064e-06	0	0	0	0	0	0
0	0	0	0	0	0	0	0	0	0	0	0
0	0	0	0	0	0	0	0	0	0	0	0
0	0	0	0	0	0	0	0	0	0	0	0
0	0	0	0	0	0	0.0865660809936357	0	0	0	0.01923893708007	0.00562773965881355
0	0	0	0	0	0	0.461454317465326	0	0	0	0.102556226146991	0.0299995648794738
0	0	0	0	0	0	0.846377699210787	0	0	0	0.1881037828464	0.0550237840215281
0	0	0	0	0	0	1.06249501485734	0	0	0	0.236134921485372	0.0690737672743206
0	0	0	0	0	0	1.13936458011243	0	0	0	0.253218849882496	0.0740711276258144
0	0	0	0	0	0	1.14098475731043	0	0	0	0.253578927257065	0.0741764568190369
0	0	0	0	0	0	1.11037694557639	0	0	0	0.246776473485902	0.0721866151398479
0	0	0	0	0	0	1.07307086744339	0	0	0	0.238485358979312	0.0697613130698684
0	0	0	0	0	0	1.04223349584451	0	0	0	0.231631886521098	0.0677565474950782
0	0	0	0	0	0	1.02171736249239	0	0	0.0865660809936357	0.235649834294167	0.0794498019043137
0	0	0	0	0	0	0.923507117749696	0	0	0.461454317465326	0.270208504385945	0.135108424345414
0	0	0	0	0	0	0.54279824980618	0	0	0.846377699210787	0.307055781361108	0.192655793846373
0	0	0	0	0	0	0.155256325562532	0	0	1.06249501485734	0.327888229098503	0.225008299313799
0	0	0	0	0	0	-0.0619383138281109	0	0	1.13936458011243	0.3352655699767	0.236506093660618
0	0	0	0	0	0	-0.139218322605553	0	0	1.14098475731043	0.335334889109875	0.236723225156397
0	0	0	0	0	0	-0.14098475731043	0	0	1.11037694557639	0.332269549041195	0.232107654238299
0	0	0	0	0	0	-0.110376945576385	0	0	1.07307086744339	0.328573003226271	0.226493592960158
0	0	0	0	0	0	-0.0730708674433861	0	0	1.04223349584451	0.325517421867098	0.221852984714078
0	0	0	0	0	0	-0.042233495844513	0	0	1.02171736249239	0.323484540613518	0.218765583529244
0	0	0	0	0	0	-0.0217173624923926	0	0	1.01007319874333	0.322330755843609	0.217013294034033
0	0	0	0	0	0	-0.0100731987433314	0	0	1.00425256727151	0.321754007174648	0.216137367552461
0	0	0	0	0	0	-0.00425256727150553	0	0	1.00163402477332	0.321494543762858	0.215743312246196
0	0	0	0	0	0	0.0849320562203163	0	0	1.00055670102923	0.315058786799009	0.201076922349104
0	0	0	0	0	0	0.460897616436092	0	0	0.913580176513241	0.287609336449906	0.138202110954516
0	0	0	0	0	0	0.846231441703911	0	0	0.538545682534674	0.259452375233069	0.0736856534485162
0	0	0	0	0	0	1.06249501485734	0	0	0.153622300789213	0.243651633720516	0.0374748967694829
0	0	0	0	0	0	1.13936458011243	0	0	-0.0624950148573446	0.238031555907019	0.0245952942482895
0	0	0	0	0	0	1.14098475731043	0	0	-0.139364580112429	0.237913101719146	0.0243238313064229
0	0	0	0	0	0	1.11037694557639	0	0	-0.14098475731043	0.240150896131998	0.0294522127128982
0	0	0	0	0	0	1.07307086744339	0	0	-0.110376945576385	0.238908504847344	0.0372291647918202
0	0	0	0	0	0	1.04223349584451	0	0	-0.0730708674433861	0.223970760174697	0.04900575147233
0	0	0	0	0	0	1.02171736249239	0	0	-0.042233495844513	0.20781820007945	0.0592299323301639
0	0	0	0	0	0	1.01007319874333	0	0	-0.0217173624923926	0.198758416505576	0.0649913431050349
0	0	0	0	0	0	1.00425256727151	0	0	-0.0100731987433314	0.19565874614533	0.0673219032879543
0	0	0	0	0	0	1.00163402477332	0	0	-0.00425256727150553	0.195775891587158	0.0677892094469831
0	0	0	0	0	0	1.00055670102923	0	0	-0.00163402477331933	0.197258326752556	0.0674300630488277
0	0	0	0	0	0	1.00014625750688	0	0	-0.000556701029233766	0.198999186626523	0.066841081240547
0	0	0	0	0	0	1	0	0	-0.000146257506876445	0.200424077380016	0.0663218859763148
0	0	0	0	0	0	1	0	0	0	0.201364944415941	0.0659601612295864
0	0	0	0	0	0	1	0	0	0	0.201898944153824	0.0657548602544611
0	0	0	0	0	0	1	0	0	0	0.202165877507499	0.0656522353392878
0	0	0	0	0	0	1	0	0	0	0.202285963504037	0.0656060672039137
0	0	0	0	0	0	1	0	0	0	0.202335369421831	0.0655870726569498
0	0	0	0	0	0	1	0	0	0	0.213585287634536	0.0629605088626578
0	0	0	0	0	0	1	0	0	0	0.26223004667104	0.0516145156091896
0	0	0	0	0	0	1	0	0	0	0.312170059495289	0.0399674563911328
0	0	0	0	0	0	1	0	0	0	0.340209149939705	0.0334281519665254
0	0	0	0	0	0	1	0	0	0	0.350182217975286	0.0311022231686113
0	0	0	0	0	0	1	0	0	0	0.3503924199892	0.0310531996468827
0	0	0	0	0	0	1	0	0	0	0.34642135825845	0.0319793345940117
0	0	0	0	0	0	1	0	0	0	0.341581262518004	0.033108146512992
0	0	0	0	0	0	1	0	0	0	0.337580417658617	0.0340412275108588
0	0	0	0	0	0	1	0	0	0	0.33491865167791	0.034662007207312
0	0	0	0	0	0	1	0	0	0	0.333407936261458	0.0350143377519391
0	0	0	0	0	0	1	0	0	0	0.332652766728679	0.0351904591377884
0	0	0	0	0	0	1	0	0	0	0.332313036662537	0.0352696913200557
0	0	0	0	0	0	1	0	0	0	0.332173264530869	0.0353022891149402
0	0	0	0	0	0	1	0	0	0	0.332120013531469	0.0353147083657243
0	0	0	0	0	0	1	0	0	0	0.315492092346713	0.0383620769291447
0	0	0	0	0	0	1	0	0	0	0.243564400836431	0.0515400278539629
0	0	0	0	0	0	1	0	0	0	0.169711322602079	0.0650707309835068
0	0	0	0	0	0	1	0	0	0	0.128246112180547	0.0726676174753262
0	0	0	0	0	0	1	0	0	0	0.113497582250041	0.0753697117530166
0	0	0	0	0	0	1	0	0	0	0.113186727989085	0.0754266637016979
0	0	0	0	0	0	0.913433919006364	0.0865660809936357	0	0	0.144851984493359	0.0814290979678824
0	0	0	0	0	0	0.538545682534674	0.461454317465326	0	0	0.263709133119833	0.110771652648291
0	0	0	0	0	0	0.153622300789213	0.846377699210787	0	0	0.384315178974563	0.141162148713001
0	0	0	0	0	0	-0.0624950148573446	1.06249501485734	0	0	0.452644507946292	0.158112490111009
0	0	0	0	0	0	-0.139364580112429	1.13936458011243	0	0	0.477782200820235	0.163988662071725
0	0	0	0	0	0	-0.14098475731043	1.14098475731043	0	0	0.479381710794783	0.163916536031521
0	0	0	0	0	0	-0.110376945576385	1.11037694557639	0	0	0.470764396473019	0.161321745038819
0	0	0	0	0	0	0.0134952135502495	0.98650478644975	0	0	0.438648236182409	0.148856320966013
0	0	0	0	0	0	0.419220821620813	0.580779178379187	0	0	0.337696983738166	0.105711329289356
0	0	0	0	0	0	0.824660336718395	0.175339663281605	0	0	0.237311840306088	0.0623325351403881
0	0	0	0	0	0	1.05242181611401	-0.0524218161140132	0	0	0.180896978372392	0.0379699199082773
0	0	0	0	0	0	1.13511201284092	-0.135112012840924	0	0	0.160330830228358	0.0291672294541673
0	0	0	0	0	0	1.13935073253711	-0.139350732537111	0	0	0.159153706436888	0.0287776134356504
0	0	0	0	0	0	1.10982024454715	-0.109820244547152	0	0	0.166331159295777	0.0320050550769283
0	0	0	0	0	0	1.07292460993651	-0.0729246099365097	0	0	0.175348284594074	0.0360126031412535
0	0	0	0	0	0	1.04223349584451	-0.042233495844513	0	0	0.182859390999242	0.0393410429987294
0	0	0	0	0	0	1.02171736249239	-0.0217173624923926	0	0	0.187885529894354	0.0415634137503426
0	0	0	0	0	0	1.01007319874333	-0.0100731987433314	0	0	0.190738171925664	0.0428247454300879
0	0	0	0	0	0	1.00425256727151	-0.00425256727150553	0	0	0.192164137614839	0.0434552541578726
0	0	0	0	0	0	1.00163402477332	-0.00163402477331933	0	0	0.192805640478597	0.0437389027460323
0	0	0	0	0	0	1.00055670102923	-0.000556701029233766	0	0	0.193069568319182	0.0438556017720028
0	0	0	0	0	0	1.00014625750688	-0.000146257506876445	0	0	0.193170120704788	0.043900062278455
0	0	0	0	0	0	0.913433919006364	0	0	0	0.17648086950615	0.0401142775233042
0	0	0	0	0	0	0.538545682534674	0	0	0	0.104050231051076	0.0236507212165642
0	0	0	0	0	0	0.153622300789213	0	0	0	0.0296807428043699	0.00674646241988749
0	0	0	0	0	0	-0.0624950148573446	0	0	0	-0.012074408813088	-0.00274452515682535
0	0	0	0	0	0	-0.139364580112429	0	0	0	-0.0269260663139767	-0.00612032170825244
0	0	0	0	0	0	-0.14098475731043	0	0	0	-0.0272390941912076	-0.0061914732567172
0	0	0	0	0	0	-0.110376945576385	0	0	0	-0.0213254828000511	-0.0048473034938775
0	0	0	0	0	0	-0.0730708674433861	0	0	0	-0.0141177264755016	-0.00320897329790546
0	0	0	0	0	0	-0.042233495844513	0	0	0	-0.00815976275222169	-0.00185472220577163
0	0	0	0	0	0	-0.0217173624923926	0	0	0	-0.00419592368565303	-0.000953737635494967
0	0	0	0	0	0	-0.0100731987433314	0	0	0	-0.00194620194842906	-0.000442373642503831
0	0	0	0	0	0	-0.00425256727150553	0	0	0	-0.000821621306251779	-0.00018675534175615
0	0	0	0	0	0	-0.00163402477331933	0	0	0	-0.000315703311197025	-7.17596772716616e-05
0	0	0	0	0	0	-0.000556701029233766	0	0	0	-0.000107557952085923	-2.44480297036537e-05
0	0	0	0	0	0	-0.000146257506876445	0	0	0	-2.82578207884317e-05	-6.42303082755064e-06
0	0	0	0	0	0	0	0	0	0	0	0
0	0	0	0	0	0	0	0	0	0	0	0
0	0	0	0	0	0	0	0	0	0	0	0
0	0	0	0	0	0	0	0	0	0	0	0
0	0	0	0	0	0	0	0	0	0	0	0
0	0	0	0	0	0	0	0	0	0	0	0
0	0	0	0	0	0	0	0	0	0	0	0
0	0	0	0	0	0	0	0	0	0	0	0
0	0	0	0	0	0	0	0	0	0	0	0
0	0	0	0	0	0	0	0	0	0	0	0
0	0	0	0	0	0	0	0	0	0	0	0
0	0	0	0	0	0	0	0	0	0	0	0
0	0	0	0	0	0	0	0	0	0	0	0
0	0	0	0	0	0	0	0	0	0	0	0
0	0	0	0	0	0	0	0	0	0	0	0
0	0	0	0	0	0	0	0	0	0	0	0
0	0	0	0	0	0	0	0	0	0	0	0
0	0	0	0	0	0	0	0	0	0	0	0
0	0	0	0	0	0	0	0	0	0	0	0
0	0	0	0	0	0	0	0	0	0	0	0
0	0	0	0	0	0	0	0	0	0	0	0
0	0	0	0	0	0	0	0	0	0	0	0
0	0	0	0	0	0	0	0	0	0	0	0
0	0	0	0	0	0	0	0	0	0	0	0
0	0	0	0	0	0	0	0	0	0	0	0
0	0	0	0	0	0	0	0	0	0	0	0
0	0	0	0	0	0	0	0	0	0	0	0
0	0	0	0	0	0	0	0	0	0	0	0
0	0	0	0	0	0	0	0	0	0	0	0
0	0	0	0	0	0	0	0	0	0	0	0
0.0865660809936357	0	0	0	0.0140167397782052	0.00511565733067884	0	0	0	0	0	0
0.461454317465326	0	0	0	0.0747184695575662	0.0272698282608918	0	0	0	0	0	0
0.846377699210787	0	0	0	0.137045085416144	0.0500170301322648	0	0	0	0	0	0
1.06249501485734	0	0	0	0.172038701162764	0.0627885697166342	0	0	0	0	0	0
1.13936458011243	0	0	0	0.184485385599402	0.0673312075545673	0	0	0	0	0	0
1.14098475731043	0	0	0	0.184747723941606	0.0674269525769227	0	0	0	0	0	0
1.11037694557639	0	0	0	0.182642851880698	0.0650416104351759	0	0	0	0	0	0
1.07307086744339	0	0	0	0.188949545524476	0.0603401023692727	0	0	0	0	0	0
1.04223349584451	0	0	0	0.196634165546684	0.055954027440313	0	0	0	0	0	0
1.02171736249239	0	0	0	0.200430218190624	0.0533021993020208	0	0	0	0	0	0
1.01007319874333	0	0	0	0.201076567890904	0.0521021038356285	0	0	0	0	0	0
1.00425256727151	0	0	0	0.200187455909272	0.0517473403181597	0	0	0	0	0	0
1.00163402477332	0	0	0	0.198755367294424	0.0517964555241559	0	0	0	0	0	0
1.00055670102923	0	0	0	0.197352218762609	0.0519812625331695	0	0	0	0	0	0
1.00014625750688	0	0	0	0.197129097418398	0.0526129838524747	0	0	0	0	0	0
1	0	0	0	0.200149707647514	0.0546923316959862	0	0	0	0	0	0
1	0	0	0	0.203585784577771	0.0567734665265299	0	0	0	0	0	0
1	0	0	0	0.20553860515215	0.0579371551463735	0	0	0	0	0	0
1	0	0	0	0.206215136445384	0.0583547125140436	0	0	0	0	0	0
1	0	0	0	0.206195730821587	0.0583703211283011	0	0	0	0	0	0
1	0	0	0	0.205878491735106	0.0582137368508142	0	0	0	0	0	0
1	0	0	0	0.204279767588129	0.0710734370425934	0	0	0	0	0	0
1	0	0	0	0.198674256276498	0.127440632876644	0	0	0	0	0	0
1	0	0	0	0.193029303136131	0.185374706570269	0	0	0	0	0	0
1	0	0	0	0.18985867059994	0.217901453702429	0	0	0	0	0	0
1	0	0	0	0.188714265433759	0.229461972023423	0	0	0	0	0	0
1	0	0	0	0.188665378458961	0.229692641362752	0	0	0	0	0	0
0.913433919006364	0	0.0865660809936357	0	0.202132095083304	0.257796356759489	0	0	0	0	0	0
0.538545682534674	0	0.461454317465326	0	0.259147664755396	0.393887838133534	0	0	0	0	0	0
0.153622300789213	0	0.846377699210787	0	0.317586618552883	0.534749663261037	0	0	0	0	0	0
-0.0624950148573446	0	1.06249501485734	0	0.350443569089007	0.613354860623917	0	0	0	0	0	0
-0.139364580112429	0	1.13936458011243	0	0.362191723740769	0.640658057179566	0	0	0	0	0	0
-0.14098475731043	0	1.14098475731043	0	0.362518151708368	0.640392865241216	0	0	0	0	0	0
-0.0238108645827498	0	1.02381086458275	0	0.350878522953957	0.622891368833791	0	0	0	0	0	0
0.38838345002194	0	0.61161654997806	0	0.31467887951746	0.58465158880913	0	0	0	0	0	0
0.804144203366274	0	0.195855796633726	0	0.278625655094384	0.548315967788952	0	0	0	0	0	0
1.04077765236495	0	-0.0407776523649521	0	0.25789962567764	0.526717257914229	0	0	0	0	0	0
1.1292913813691	0	-0.129291381369098	0	0.249871926459271	0.517399522514453	0	0	0	0	0	0
1.13673219003892	0	-0.136732190038925	0	0.248862593403158	0.51509553958763	0	0	0	0	0	0
1.10874292080307	0	-0.108742920803066	0	0.250965788166782	0.516063057994171	0	0	0	0	0	0
1.07251416641415	0	-0.0725141664141523	0	0.25384785038205	0.518041564502583	0	0	0	0	0	0
1.04208723833764	0	-0.0420872383376366	0	0.256302519232729	0.519858490200945	0	0	0	0	0	0
0.935151281498757	0.0865660809936357	-0.0217173624923926	0	0.248891558270753	0.528575603263174	0	0	0	0	0	0
0.548618881278006	0.461454317465326	-0.0100731987433314	0	0.210592315515827	0.561628594608566	0	0	0	0	0	0
0.157874868060718	0.846377699210787	-0.00425256727150553	0	0.170767192379657	0.595174005626504	0	0	0	0	0	0
-0.0608609900840253	1.06249501485734	-0.00163402477331933	0	0.148354159720494	0.613966723011913	0	0	0	0	0	0
-0.138807879083196	1.13936458011243	-0.000556701029233766	0	0.140394103197984	0.620660333675303	0	0	0	0	0	0
-0.140838499803554	1.14098475731043	-0.000146257506876445	0	0.140257971064549	0.620826210894327	0	0	0	0	0	0
-0.110376945576385	1.11037694557639	0	0	0.143474436668115	0.61819774501568	0	0	0	0	0	0
-0.0730708674433861	1.07307086744339	0	0	0.147380251662195	0.614982660886605	0	0	0	0	0	0
-0.042233495844513	1.04223349584451	0	0	0.150608815863972	0.612325057917555	0	0	0	0	0	0
-0.0217173624923926	1.02171736249239	0	0	0.152756782771177	0.610556952074447	0	0	0	0	0	0
0.0764928822503042	0.923507117749696	0	0	0.159006694644457	0.570521090383996	0	0	0	0	0	0
0.45720175019382	0.54279824980618	0	0	0.181402815676395	0.4009836229732	0	0	0	0	0	0
0.844743674437468	0.155256325562532	0	0	0.204046884188401	0.227197302494816	0	0	0	0	0	0
1.06193831382811	-0.0619383138281109	0	0	0.216719386768326	0.12965789055905	0	0	0	0	0	0
1.13921832260555	-0.139218322605553	0	0	0.221229652317169	0.0949622909827811	0	0	0	0	0	0
1.14098475731043	-0.14098475731043	0	0	0.221339121956576	0.0942191539092076	0	0	0	0	0	0
1.02381086458275	-0.110376945576385	0	0	0.201109148521549	0.0943609629697712	0	0	0	0	0	0
0.61161654997806	-0.0730708674433861	0	0	0.119035259219075	0.0520290183805708	0	0	0	0	0	0
0.195855796633726	-0.042233495844513	0	0	0.0351983517270159	0.00519692331895155	0	0	0	0	0	0
-0.0407776523649521	-0.0217173624923926	0	0	-0.012058437510189	-0.0196532927283225	0	0	0	0	0	0
-0.129291381369098	-0.0100731987433314	0	0	-0.0291195627108515	-0.0265321277656917	0	0	0	0	0	0
-0.136732190038925	-0.00425256727150553	0	0	-0.0298031640278646	-0.0241632703778696	0	0	0	0	0	0
-0.108742920803066	-0.00163402477331933	0	0	-0.0234314160210039	-0.0181530114664474	0	0	0	0	0	0
-0.0725141664141523	-0.000556701029233766	0	0	-0.0155423926385912	-0.0117807721039069	0	0	0	0	0	0
-0.0420872383376366	-0.000146257506876445	0	0	-0.00899339070902062	-0.00672991560052001	0	0	0	0	0	0
-0.0217173624923926	0	0	0	-0.00462896369790614	-0.00342675448739006	0	0	0	0	0	0
-0.0100731987433314	0	0	0	-0.00214705958520555	-0.00158943697735738	0	0	0	0	0	0
-0.00425256727150553	0	0	0	-0.000906416676039661	-0.000671007079504445	0	0	0	0	0	0
-0.00163402477331933	0	0	0	-0.000348285449479607	-0.000257830651693546	0	0	0	0	0	0
-0.000556701029233766	0	0	0	-0.000118658463052904	-8.7841134057127e-05	0	0	0	0	0	0
-0.000146257506876445	0	0	0	-3.11741672182557e-05	-2.30777824967882e-05	0	0	0	0	0	0
0	0	0	0	0	0	0	0	0	0	0	0
0	0	0	0	0	0	0	0	0	0	0	0
0	0	0	0	0	0	0.0865660809936357	0	0	0	0.0160396711475228	0.00511565733067884
0	0	0	0	0	0	0.461454317465326	0	0	0	0.0855020282400515	0.0272698282608918
0	0	0	0	0	0	0.846377699210787	0	0	0	0.156823779084282	0.0500170301322648
0	0	0	0	0	0	1.06249501485734	0	0	0	0.196867762044664	0.0627885697166342
0	0	0	0	0	0	1.13936458011243	0	0	0	0.211110783489001	0.0673312075545673
0	0	0	0	0	0	1.14098475731043	0	0	0	0.211410983164883	0.0674269525769227
0	0	0	0	0	0	1.11037694557639	0	0	0	0.208155541027365	0.0650416104351759
0	0	0	0	0	0	1.07307086744339	0	0	0	0.21170527503446	0.0603401023692727
0	0	0	0	0	0	1.04223349584451	0	0	0	0.216733637428092	0.055954027440313
0	0	0	0	0	0	1.02171736249239	0	0	0	0.218963485899076	0.0533021993020208
0	0	0	0	0	0	1.01007319874333	0	0	0	0.218951180152501	0.0521021038356285
0	0	0	0	0	0	1.00425256727151	0	0	0	0.217917900701579	0.0517473403181597
0	0	0	0	0	0	1.00163402477332	0	0	0	0.216578535120257	0.0517964555241559
0	0	0	0	0	0	1.00055670102923	0	0	0	0.20991533840211	0.0524318511992837
0	0	0	0	0	0	1.00014625750688	0	0	0	0.185495827210922	0.0545643300203358
0	0	0	0	0	0	1	0	0	0	0.160784706052806	0.0566959122109642
0	0	0	0	0	0	1	0	0	0	0.146922232744363	0.057898387648794
0	0	0	0	0	0	1	0	0	0	0.141944710902311	0.0583372720798825
0	0	0	0	0	0	1	0	0	0	0.142331914291628	0.0714160552297842
0	0	0	0	0	0	1	0	0	0	0.146651934492634	0.127791621318656
0	0	0	0	0	0	1	0	0	0	0.151475265347555	0.185641034681998
0	0	0	0	0	0	1	0	0	0	0.154805311059015	0.218068852586684
0	0	0	0	0	0	1	0	0	0	0.156589276776697	0.229552878746844
0	0	0	0	0	0	1	0	0	0	0.157329177377942	0.22973656845404
0	0	0	0	0	0	1	0	0	0	0.157495151613482	0.225091057170226
0	0	0	0	0	0	1	0	0	0	0.157417079932922	0.219452211789612
0	0	0	0	0	0	1	0	0	0	0.157284445237968	0.214796775793711
0	0	0	0	0	0	1	0	0	0	0.157177016653135	0.211701104032478
0	0	0	0	0	0	1	0	0	0	0.157110613837809	0.209944571734382
0	0	0	0	0	0	1	0	0	0	0.1570728410818	0.209066904930505
0	0	0	0	0	0	1	0	0	0	0.157055848154596	0.208672066700956
0	0	0	0	0	0	1	0	0	0	0.157048856905085	0.208509621905784
0	0	0	0	0	0	1	0	0	0	0.157046193348201	0.208447732975659
