0	0	0	0	0	0	0	0	0	0	0	0
0	0	0	0	0	0	0	0	0	0	0	0
0	0	0	0	0	0	0	0	0	0	0	0
0	0	0	0	0	0	0	0	0	0	0	0
0	0	0	0	0	0	0	0	0	0	0	0
0	0	0	0	0	0	0	0	0	0	0	0
0	0	0	0.0865660809936357	0.0322330090587236	0.0107589237603652	0	0	0	0	0	0
0	0	0	0.461454317465326	0.171823201701143	0.0573521610717923	0	0	0	0	0	0
0	0	0	0.846377699210787	0.315149995617436	0.105192623181725	0	0	0	0	0	0
0	0	0	1.06249501485734	0.395621599657068	0.132052909516127	0	0	0	0	0	0
0	0	0	1.13936458011243	0.4242440966532	0.141606695278158	0	0	0	0	0	0
0	0	0.0865660809936357	1.05441867631679	0.400453925066422	0.147037297686068	0	0	0	0	0	0
0	0	0.461454317465326	0.64892262811106	0.283417343586592	0.165879233550173	0	0	0	0	0	0
0	0	0.846377699210787	0.226693168232599	0.161058850101847	0.184494868553942	0	0	0	0	0	0
0	0	1.06249501485734	0.0663045619808041	0.0886729988940529	0.186723925679154	0	0	0	0	0	0
0	0	1.05279849911879	0.343807099845289	0.0593561152545058	0.158531529923153	0	0	0	0	0	0
0	0	0.679530439845104	0.715466140643688	0.0545467954832351	0.126085460530495	0	0	0	0	0	0
0	0	0.263999246365598	0.956370636552465	0.0609948748075066	0.106053667560824	0	0	0	0	0	0
0	0	0.0105758525860415	1.06792773744236	0.070528927893118	0.0972646065652615	0	0	0	0	0	0
0	0.0865660809936357	-0.0971310842679164	1.01274188150152	0.102333033702182	0.11862847555438	0	0	0	0	0	0
0	0.461454317465326	-0.119267394818038	0.627351523125544	0.209801123751612	0.22154436799541	0	0	0	0	0	0
0	0.846377699210787	-0.100303746833054	0.216619969489267	0.317593894611563	0.328293399991907	0	0	0	0	0	0
0	1.06249501485734	-0.0688183001718806	0.0620519947092985	0.370586738270431	0.366682517211844	0	0	0	0	0	0
0	1.05279849911879	-0.0405994710711937	0.34217307507197	0.360346688809831	0.292042288643167	0	0	0	0	0	0
0	0.679530439845104	-0.0211606614631588	0.714909439614455	0.328377611358458	0.193761455034765	0	0	0	0	0	0
0	0.263999246365598	-0.00992694123645497	0.956224379045588	0.295753872670598	0.162291289657523	0	0	0	0	0	0
0	0.0105758525860415	-0.00425256727150553	1.06792773744236	0.252893030296867	0.272401068939297	0	0	0	0	0	0
0	-0.0971310842679164	-0.00163402477331933	1.09930796249515	0.217441040368312	0.407366255145136	0	0	0	0	0	0
0	-0.119267394818038	-0.000556701029233766	1.08880584059087	0.199344968895821	0.490413381923056	0	0	0	0	0	0
0	-0.100303746833054	0.0864198234867592	1.06299766870005	0.21722085368125	0.512229585447532	0	0	0	0	0	0
0	-0.0688183001718806	0.461454317465326	0.951414847579372	0.318825889026788	0.461295581750148	0	0	0	0	0	0
0	-0.0405994710711937	0.846377699210787	0.558629020253747	0.425373964496426	0.394980560912111	0	0	0	0	0	0
0	-0.0211606614631588	1.06249501485734	0.16313879850331	0.486721429155458	0.350376801067876	0	0	0	0	0	0
0	0.0766391397571807	1.13936458011243	-0.0583887050927156	0.486347042387858	0.314614375564154	0	0	0	0	0	0
0	0.45720175019382	1.05441867631679	-0.13773055533911	0.386372730653428	0.247721820928732	0	0	0	0	0	0
0	0.844743674437468	0.64892262811106	-0.140428056281197	0.274300124847243	0.187166237569595	0	0	0	0	0	0
0	0.975372232834475	0.226693168232599	-0.110230688069509	0.188281060649786	0.14124303513759	0	0	0	0	0	0
0	0.677764005140227	-0.0202615190128316	-0.0730708674433861	0.0829471541652007	0.0667973338423926	0	0	0	0	0	0
0	0.294607058099643	-0.117647217620037	-0.042233495844513	-0.00129881046182134	0.00149370044743068	0	0	0	0	0	0
0	0.0478819307190409	-0.130911558567099	-0.0217173624923926	-0.0400687522266054	-0.0300668718176686	0	0	0	0	0	0
0	-0.0662937126690434	-0.10612437830488	-0.0100731987433314	-0.0471193223480037	-0.0368313241593521	0	0	0	0	0	0
0	-0.0987512614659173	-0.0714368426700668	-0.00425256727150553	-0.0397598525142844	-0.0318076557514968	0	0	0	0	0	0
0	-0.0886595830839929	-0.0416767948152793	-0.00163402477331933	-0.0282338207849452	-0.0229858570947699	0	0	0	0	0	0
0	-0.0629976687000547	-0.0215711049855161	-0.000556701029233766	-0.0175794792632534	-0.0144980535871977	0	0	0	0	0	0
0	-0.0379809285730075	-0.0100731987433314	-0.000146257506876445	-0.00975612944357916	-0.00811689802206208	0	0	0	0	0	0
0	-0.0200833377190732	-0.00425256727150553	0	-0.00486637920403377	-0.00408597388932656	0	0	0	0	0	0
0	-0.00951649771409765	-0.00163402477331933	0	-0.00220241959871692	-0.00186320285143712	0	0	0	0	0	0
0	-0.00410630976462909	-0.000556701029233766	0	-0.000905630454962289	-0.000772464876214291	0	0	0	0	0	0
0	-0.00163402477331933	-0.000146257506876445	0	-0.000332688574660808	-0.000287877330499694	0	0	0	0	0	0
0	-0.000556701029233766	0	0	-0.000113344714812223	-9.80778313762626e-05	0	0	0	0	0	0
0	-0.000146257506876445	0	0	-2.97781296163119e-05	-2.57671862340262e-05	0	0	0	0	0	0
0	0	0	0	0	0	0	0	0	0	0	0
0	0	0	0	0	0	0	0	0	0	0	0
0	0	0	0	0	0	0	0	0	0	0	0
0	0	0	0	0	0	0	0	0	0	0	0
0	0	0	0	0	0	0	0	0	0.0865660809936357	0.0237848544786856	0.0107589237603652
0	0	0	0	0	0	0	0	0	0.461454317465326	0.126788964724889	0.0573521610717923
0	0	0	0	0	0	0	0	0	0.846377699210787	0.232550326625198	0.105192623181725
0	0	0	0	0	0	0	0	0	1.06249501485734	0.291930615578736	0.132052909516127
0	0	0	0	0	0	0	0	0.0865660809936357	1.05279849911879	0.307172494627405	0.146835932870294
0	0	0	0	0	0	0	0	0.461454317465326	0.679530439845104	0.282158721180538	0.169683346074829
0	0	0	0	0	0	0	0	0.846377699210787	0.263999246365598	0.24760850709936	0.189131479635604
0	0	0	0	0	0	0	0	1.06249501485734	0.0105758525860415	0.222681623197863	0.197549967945279
0	0	0	0	0	0	0	0	1.13936458011243	-0.0105650032742808	0.202335668901172	0.191367421326746
0	0	0	0	0	0	0	0	1.05441867631679	0.342186922647288	0.167777517734862	0.158629400722114
0	0	0	0	0	0	0	0	0.64892262811106	0.746073952377733	0.137074424175668	0.124236520184629
0	0	0	0	0	0	0	0	0.226693168232599	0.993676714685464	0.121399464078971	0.103800101915378
0	0	0	0	0	0	0	0.0865660809936357	-0.0202615190128316	1.0121990280476	0.11713727820018	0.118893260432452
0	0	0	0	0	0	0	0.461454317465326	-0.117647217620037	0.658369778381946	0.11928241237886	0.219122672349628
0	0	0	0	0	0	0	0.846377699210787	-0.130911558567099	0.254072305129143	0.123516462732856	0.325297738141168
0	0	0	0	0	0	0	1.06249501485734	-0.10612437830488	0.00632328531453594	0.127414491938194	0.386589606117783
0	0	0	0	0	0	0	1.13936458011243	-0.0714368426700668	-0.0987651090412358	0.130202644301328	0.409782795093896
0	0	0	0	0	0	0	1.05441867631679	-0.0416767948152793	-0.0332580148536359	0.13613979566725	0.389416475668474
0	0	0	0	0	0	0	0.64892262811106	-0.0215711049855161	0.361004313125395	0.155511607252042	0.285026728996806
0	0	0	0	0	0	0	0.226693168232599	-0.0100731987433314	0.777559399038907	0.174893390198521	0.175768245388144
0	0	0	0	0	0	0	-0.0202615190128316	-0.00425256727150553	1.02189554378615	0.185688971853378	0.111692663571374
0	0	0	0	0	0	0	-0.117647217620037	-0.00163402477331933	1.11820391864927	0.189510150040898	0.0863227888784863
0	0	0	0	0	0	0	-0.130911558567099	-0.000556701029233766	1.13105781607398	0.18958542494467	0.0827768583341741
0	0	0	0	0	0	0	-0.10612437830488	-0.000146257506876445	1.10612437830488	0.205423686092477	0.121437903704754
0	0	0	0	0	0	0	-0.0714368426700668	0	1.07143684267007	0.278747344679104	0.270300255593536
0	0	0	0	0	0	0	-0.0416767948152793	0	1.04167679481528	0.354408186723384	0.42165255472313
0	0	0	0	0	0	0	-0.0215711049855161	0.0865660809936357	1.02157110498552	0.380519810346671	0.4941328751844
0	0	0	0	0	0	0	-0.0100731987433314	0.461454317465326	0.923507117749696	0.325154897250855	0.46785810184519
0	0	0	0	0	0	0	-0.00425256727150553	0.846377699210787	0.54279824980618	0.253109339628221	0.410479837093486
0	0	0	0	0	0	0	-0.00163402477331933	1.06249501485734	0.155256325562532	0.206370822027957	0.366333124296479
0	0	0	0	0	0	0	0.0860093799644019	1.05279849911879	-0.0619383138281109	0.179600259382076	0.327040456668445
0	0	0	0	0	0	0	0.461308059958449	0.679530439845104	-0.139218322605553	0.152126897089333	0.255764046497086
0	0	0	0	0	0	0	0.846377699210787	0.263999246365598	-0.14098475731043	0.132210289765673	0.191656253945508
0	0	0	0	0	0	0	1.06249501485734	0.0105758525860415	-0.110376945576385	0.124774924675412	0.158704262987898
0	0	0	0	0	0	0	1.05279849911879	-0.0971310842679164	-0.0730708674433861	0.11296998826384	0.133821284611948
0	0	0	0	0	0	0	0.679530439845104	-0.119267394818038	-0.042233495844513	0.0637367748359022	0.0697103793638669
0	0	0	0	0	0	0	0.263999246365598	-0.100303746833054	-0.0217173624923926	0.0135493283870194	0.0081611858125001
0	0	0	0	0	0	0	0.0105758525860415	-0.0688183001718806	-0.0100731987433314	-0.0135986909027037	-0.0232340986399913
0	0	0	0	0	0	0	-0.0971310842679164	-0.0405994710711937	-0.00425256727150553	-0.022169700990837	-0.0315222180431385
0	0	0	0	0	0	0	-0.119267394818038	-0.0211606614631588	-0.00163402477331933	-0.021047301346568	-0.0283782448224877
0	0	0	0	0	0	0	-0.100303746833054	-0.00992694123645497	-0.000556701029233766	-0.0160361755328247	-0.0210705207613181
0	0	0	0	0	0	0	-0.0688183001718806	-0.00425256727150553	-0.000146257506876445	-0.0104628932766453	-0.0135497288826844
0	0	0	0	0	0	0	-0.0405994710711937	-0.00163402477331933	0	-0.00600126702341115	-0.0077004415510295
0	0	0	0	0	0	0	-0.0211606614631588	-0.000556701029233766	0	-0.00307012164186252	-0.00391463489256319
0	0	0	0	0	0	0	-0.00992694123645497	-0.000146257506876445	0	-0.00141775810538471	-0.00179792536940369
0	0	0	0	0	0	0	-0.00425256727150553	0	0	-0.000595076894510384	-0.00074920388838691
0	0	0	0	0	0	0	-0.00163402477331933	0	0	-0.000228654910217482	-0.000287877330499694
0	0	0	0	0	0	0	-0.000556701029233766	0	0	-7.79011591108543e-05	-9.80778313762626e-05
0	0	0	0	0	0	0	-0.000146257506876445	0	0	-2.04663342009998e-05	-2.57671862340262e-05
0	0	0	0	0	0	0	0	0	0	0	0
0	0	0	0	0	0	0	0	0	0	0	0
0	0	0	0	0	0	0	0	0	0	0	0
0	0	0	0	0	0	0	0	0	0	0	0
0	0	0	0	0	0	0	0	0	0	0	0
0	0	0	0	0	0	0	0	0	0	0	0
0	0	0	0	0	0	0	0	0	0	0	0
0	0	0	0	0	0	0	0	0	0	0	0
0	0	0	0	0	0	0	0	0	0	0	0
0	0	0	0	0	0	0	0	0	0	0	0
0	0	0	0	0	0	0	0	0	0	0	0
0	0	0	0	0	0	0	0	0	0	0	0
0	0	0	0	0	0	0	0	0	0	0	0
0	0	0	0	0	0	0	0	0	0	0	0
0	0	0	0	0	0	0	0	0	0	0	0
0	0	0	0	0	0	0	0	0	0	0	0
0	0	0	0	0	0	0	0	0	0	0	0
0	0	0	0	0	0	0	0	0	0	0	0
0	0	0	0	0	0	0	0	0	0	0	0
0	0	0	0	0	0	0	0	0	0	0	0
0	0	0	0	0	0	0	0	0	0	0	0
0	0	0	0	0	0	0	0	0	0	0	0
0	0	0	0	0	0	0	0	0	0	0	0
0	0	0	0	0	0	0	0	0	0	0	0
0	0	0	0.0865660809936357	0.0255000713107753	0.00426898777192644	0	0	0	0	0	0
0	0	0	0.461454317465326	0.135932201931332	0.0227565209831662	0	0	0	0	0	0
0	0	0	0.846377699210787	0.249320420169093	0.0417389352375525	0	0	0	0	0	0
0	0	0.0865660809936357	1.06249501485734	0.304468169252207	0.0577350502081625	0	0	0	0	0	0
0	0	0.461454317465326	1.05279849911879	0.290237724464592	0.084644371833444	0	0	0	0	0	0
0	0	0.846377699210787	0.679530439845104	0.252853744416778	0.10846163084654	0	0	0	0	0	0
0	0	1.06249501485734	0.263999246365598	0.222580096151162	0.120279682560462	0	0	0	0	0	0
0	0	1.13936458011243	0.0105758525860415	0.204029789195474	0.1231803147169	0	0	0	0	0	0
0	0.0865660809936357	1.05441867631679	-0.0971310842679164	0.188801647397563	0.121847241271016	0	0	0	0	0	0
0	0.461454317465326	0.64892262811106	-0.119267394818038	0.15985013436532	0.119328002681948	0	0	0	0	0	0
0	0.846377699210787	0.226693168232599	-0.100303746833054	0.133477114192691	0.116843388985379	0	0	0	0	0	0
0	1.06249501485734	-0.0202615190128316	-0.0688183001718806	0.119854011843425	0.1148737530107	0	0	0	0	0	0
0.0865660809936357	1.13936458011243	-0.117647217620037	-0.0405994710711937	0.146143281405904	0.106468554106226	0	0	0	0	0	0
0.461454317465326	1.05441867631679	-0.130911558567099	-0.0211606614631588	0.278325806244065	0.0749997968696597	0	0	0	0	0	0
0.846377699210787	0.64892262811106	-0.10612437830488	-0.00992694123645497	0.415879258600833	0.0430686137905963	0	0	0	0	0	0
1.06249501485734	0.226693168232599	0.0151292383235689	-0.00425256727150553	0.471926822255426	0.029463672035742	0	0	0	0	0	0
1.05279849911879	-0.0202615190128316	0.419777522650047	-0.00163402477331933	0.403531893091325	0.0416895232514022	0	0	0	0	0	0
0.679530439845104	-0.117647217620037	0.824806594225271	-0.000556701029233766	0.305356867650201	0.0606274369964538	0	0	0	0	0	0
0.263999246365598	-0.130911558567099	1.05242181611401	-0.000146257506876445	0.239183738583671	0.0738462281482682	0	0	0	0	0	0
0.0105758525860415	-0.10612437830488	1.04854593184729	0.0865660809936357	0.21800828994657	0.111742617604969	0	0	0	0	0	0
-0.0971310842679164	-0.0714368426700668	0.677896415071785	0.461454317465326	0.256821581905461	0.248724789291854	0	0	0	0	0	0
-0.119267394818038	-0.0416767948152793	0.263442545336365	0.846377699210787	0.308872163485613	0.386859878165715	0	0	0	0	0	0
-0.100303746833054	-0.0215711049855161	0.0969956760728007	0.975928933863709	0.323580226958875	0.481741237281693	0	0	0	0	0	0
-0.0688183001718806	-0.0100731987433314	0.364323233197409	0.677910262647104	0.254503002570901	0.587549761419961	0	0	0	0	0	0
-0.0405994710711937	-0.00425256727150553	0.727110304392749	0.294607058099643	0.171558705778132	0.668758564839602	0	0	0	0	0	0
-0.0211606614631588	-0.00163402477331933	0.962191268024291	0.0478819307190409	0.120967069043011	0.703017820574936	0	0	0	0	0	0
-0.00992694123645497	-0.000556701029233766	1.07054627994055	0.0202723683245923	0.110439578548046	0.68762664836828	0	0	0	0	0	0
-0.00425256727150553	-0.000146257506876445	1.0138192052456	0.362703055999409	0.152305032154513	0.598735532826691	0	0	0	0	0	0
-0.00163402477331933	0	0.627761966647901	0.757718116126794	0.20374986960117	0.504701050475289	0	0	0	0	0	0
-0.000556701029233766	0	0.216766226996144	0.99949734615729	0.23714477504603	0.447612899958173	0	0	0	0	0	0
-0.000146257506876445	0	-0.0245140862843371	1.01481757054579	0.23160120363185	0.384765832306101	0	0	0	0	0	0
0	0	-0.119281242393356	0.659447102126031	0.144327267715047	0.213617817170711	0	0	0	0	0	0
0	0	-0.131468259596333	0.254482748651501	0.0488534088036291	0.0471789102673186	0	0	0	0	0	0
0	0	-0.106270635811756	0.00646954282141239	-0.00734133266481255	-0.0418579455526392	0	0	0	0	0	0
0	0	-0.0714368426700668	-0.0987651090412358	-0.02934610653676	-0.069984865997183	0	0	0	0	0	0
0	0	-0.0416767948152793	-0.119824095847272	-0.0319989744984323	-0.0666561408694785	0	0	0	0	0	0
0	0	-0.0215711049855161	-0.100450004339931	-0.0258309144859901	-0.0508034691785377	0	0	0	0	0	0
0	0	-0.0100731987433314	-0.0688183001718806	-0.0173729021434313	-0.0331499116615049	0	0	0	0	0	0
0	0	-0.00425256727150553	-0.0405994710711937	-0.0101416343532543	-0.0189884307310618	0	0	0	0	0	0
0	0	-0.00163402477331933	-0.0211606614631588	-0.00524961411332193	-0.00970521243245556	0	0	0	0	0	0
0	0	-0.000556701029233766	-0.00992694123645497	-0.00244858659196922	-0.00447827134050573	0	0	0	0	0	0
0	0	-0.000146257506876445	-0.00425256727150553	-0.00104123913602478	-0.00187771920965088	0	0	0	0	0	0
0	0	0	-0.00163402477331933	-0.000400090212473406	-0.000721502920474879	0	0	0	0	0	0
0	0	0	-0.000556701029233766	-0.000136307990372661	-0.000245811094777716	0	0	0	0	0	0
0	0	0	-0.000146257506876445	-3.58110831350241e-05	-6.45799378784004e-05	0	0	0	0	0	0
0	0	0	0	0	0	0	0	0	0	0	0
0	0	0	0	0	0	0	0	0	0	0	0
0	0	0	0	0	0	0	0	0	0	0	0
0	0	0	0	0	0	0	0	0	0.0865660809936357	0.0212914678909611	0.00426898777192644
0	0	0	0	0	0	0	0	0	0.461454317465326	0.113497569379174	0.0227565209831662
0	0	0	0	0	0	0	0	0	0.846377699210787	0.208171877478165	0.0417389352375525
0	0	0	0	0	0	0	0	0	1.06249501485734	0.261327280078725	0.0523967144416792
0	0	0	0	0	0	0	0	0.0865660809936357	1.05279849911879	0.282781309544773	0.0615258563800554
0	0	0	0	0	0	0	0	0.461454317465326	0.679530439845104	0.294212071754454	0.0847242705254863
0	0	0	0	0	0	0	0	0.846377699210787	0.263999246365598	0.298011474767961	0.106952213156398
0	0	0	0	0	0	0	0.0865660809936357	1.06249501485734	0.0105758525860415	0.289555057290555	0.118527693546699
0	0	0	0	0	0	0	0.461454317465326	1.05279849911879	-0.0971310842679164	0.259804639242557	0.122127353719391
0	0	0	0	0	0	0	0.846377699210787	0.679530439845104	-0.119267394818038	0.229724448376778	0.121605715467591
0	0	0	0	0	0	0	1.06249501485734	0.263999246365598	-0.100303746833054	0.211877450590691	0.119363049685248
0	0	0	0	0	0	0.0865660809936357	1.05279849911879	0.0105758525860415	-0.0688183001718806	0.225961751027078	0.109764542267457
0	0	0	0	0	0	0.461454317465326	0.679530439845104	-0.0971310842679164	-0.0405994710711937	0.317944894024845	0.0770361781421217
0	0	0	0	0	0	0.846377699210787	0.263999246365598	-0.0327013138244021	-0.0211606614631588	0.399656074383972	0.0484650562053913
0	0	0	0	0	0	0.975928933863709	0.0105758525860415	0.361150570632272	-0.00992694123645497	0.388234559518148	0.0486096244731891
0	0	0	0	0	0	0.677910262647104	-0.0971310842679164	0.690993318045271	0.0823135137221301	0.336702354286843	0.0920638477049781
0	0	0	0	0	0	0.294607058099643	-0.119267394818038	0.560441226320825	0.459820292692007	0.285052383827984	0.236861191424004
0	0	0	0	0	0	0.0478819307190409	-0.100303746833054	0.271826219438483	0.845820998181553	0.249464069572266	0.381083247318271
0	0	0	0	0	0	-0.0662937126690434	-0.0688183001718806	0.0685628012166307	1.06234875735047	0.231883021943074	0.461654957080156
0	0	0	0	0	0	-0.0987512614659173	-0.0405994710711937	0.0533258791860862	1.13936458011243	0.237625124260622	0.50851591297239
0	0	0	0	0	0	-0.0886595830839929	-0.0211606614631588	0.391906402824962	1.05441867631679	0.285735163916107	0.588232402644701
0	0	0	0	0	0	-0.0629976687000547	-0.00992694123645497	0.777677548449681	0.64892262811106	0.337343732170627	0.658115138382211
0	0	0	0	0	0	-0.0379809285730075	-0.00425256727150553	1.01099525239947	0.226693168232599	0.367845270193028	0.689921054661034
0	0	0	0	0	0	-0.0200833377190732	-0.00163402477331933	1.02063820201761	0.0663045619808041	0.377219506684374	0.67674019887856
0	0	0	0	0	0	-0.00951649771409765	-0.000556701029233766	0.662065644624217	0.343807099845289	0.366891195941546	0.591465959769687
0	0	0	0	0	0	-0.00410630976462909	-0.000146257506876445	0.255560072395586	0.715466140643688	0.351488442114325	0.500568713445627
0	0	0	0	0	0	-0.00163402477331933	0	0.00687998634376971	0.956370636552465	0.340266344915876	0.445546871988226
0	0	0	0	0	0	-0.000556701029233766	0	-0.0986188515343593	0.981361656448727	0.305265755728504	0.383834476396413
0	0	0	0	0	0	-0.000146257506876445	0	-0.119824095847272	0.637853645029825	0.177717789861673	0.213231649227395
0	0	0	0	0	0	0	0	-0.100450004339931	0.242428141380082	0.0489122688135359	0.0470317863115475
0	0	0	0	0	0	0	0	-0.0688183001718806	0.00050265384271006	-0.0226712174180634	-0.0419103717253055
0	0	0	0	0	0	0	0	-0.0405994710711937	-0.101383651539422	-0.0476354372852411	-0.069984865997183
0	0	0	0	0	0	0	0	-0.0211606614631588	-0.120901419591357	-0.047647335538197	-0.0666561408694785
0	0	0	0	0	0	0	0	-0.00992694123645497	-0.100860447862288	-0.0371154076952066	-0.0508034691785377
0	0	0	0	0	0	0	0	-0.00425256727150553	-0.068964557678757	-0.0245048938566894	-0.0331499116615049
0	0	0	0	0	0	0	0	-0.00163402477331933	-0.0405994710711937	-0.0141367495635228	-0.0189884307310618
0	0	0	0	0	0	0	0	-0.000556701029233766	-0.0211606614631588	-0.00726026697484904	-0.00970521243245556
0	0	0	0	0	0	0	0	-0.000146257506876445	-0.00992694123645497	-0.00336392811608318	-0.00447827134050573
0	0	0	0	0	0	0	0	0	-0.00425256727150553	-0.00141814522890012	-0.00187771920965088
0	0	0	0	0	0	0	0	0	-0.00163402477331933	-0.000544914233741685	-0.000721502920474879
0	0	0	0	0	0	0	0	0	-0.000556701029233766	-0.000185648540781849	-0.000245811094777716
0	0	0	0	0	0	0	0	0	-0.000146257506876445	-4.87739222745384e-05	-6.45799378784004e-05
0	0	0	0	0	0	0	0	0	0	0	0
0	0	0	0	0	0	0	0	0	0	0	0
0	0	0	0	0	0	0	0	0	0	0	0
0	0	0	0	0	0	0	0	0	0	0	0
0	0	0	0	0	0	0	0	0	0	0	0
0	0	0	0	0	0	0	0	0	0	0	0
0	0	0	0	0	0	0	0	0	0	0	0
0	0	0	0	0	0	0	0	0	0	0	0
0	0	0	0	0	0	0	0	0	0	0	0
0	0	0	0	0	0	0	0	0	0	0	0
0	0	0	0	0	0	0	0	0	0	0	0
0	0	0	0	0	0	0	0	0	0	0	0
0	0	0	0	0	0	0	0	0	0	0	0
0	0	0	0	0	0	0	0	0	0	0	0
0	0	0	0	0	0	0	0	0	0	0	0
0	0	0	0	0	0	0	0	0	0	0	0
0	0	0	0	0	0	0	0	0	0	0	0
0	0	0	0	0	0	0	0	0	0	0	0
0	0	0	0	0	0	0	0	0	0	0	0
0	0	0	0	0	0	0	0	0	0	0	0
0	0	0	0	0	0	0	0	0	0	0	0
0	0	0	0	0	0	0	0	0	0	0	0
0	0	0	0	0	0	0	0	0	0	0	0
0	0	0	0	0	0	0	0	0	0	0	0
0	0	0	0	0	0	0	0	0	0	0	0
0	0	0	0	0	0	0	0	0	0	0	0
0	0	0	0	0	0	0	0	0	0	0	0
0	0	0	0	0	0	0	0	0	0	0	0
0	0	0	0	0	0	0	0	0	0	0	0
0	0	0	0	0	0	0	0	0	0	0	0
0	0	0	0	0	0	0	0	0	0	0	0
0	0	0	0	0	0	0	0	0	0	0	0
0	0	0	0	0	0	0	0	0	0	0	0
0	0	0	0.0865660809936357	0.034626817382853	0.00520517901236466	0	0	0	0	0	0
0	0	0	0.461454317465326	0.184583779212272	0.0277470378797923	0	0	0	0	0	0
0	0	0	0.846377699210787	0.338554843780509	0.0508923054607194	0	0	0	0	0	0
0	0.0865660809936357	0	1.06249501485734	0.405036669610196	0.066242435400905	0	0	0	0	0	0
0	0.461454317465326	0	1.05279849911879	0.349318619807922	0.0810636788695239	0	0	0	0	0	0
0	0.846377699210787	0	0.679530439845104	0.261185920819823	0.0916332244599252	0	0	0	0	0	0
0	1.06249501485734	0	0.263999246365598	0.199096212290322	0.0956724219758604	0	0	0	0	0	0
0.0865660809936357	1.05279849911879	0	0.0105758525860415	0.162549880012654	0.0920537782277652	0	0	0	0	0	0
0.461454317465326	0.679530439845104	0	-0.0971310842679164	0.132976958185114	0.0752303498472015	0	0	0	0	0	0
0.846377699210787	0.263999246365598	0	-0.119267394818038	0.114514386699498	0.0577488658836459	0	0	0	0	0	0
1.06249501485734	0.0105758525860415	0	-0.100303746833054	0.108739218241373	0.0473788487702057	0	0	0	0	0	0
1.05279849911879	-0.0971310842679164	0	0.0177477808217551	0.132249868053623	0.0444446778587202	0	0	0	0	0	0
0.679530439845104	-0.119267394818038	0	0.420854846394132	0.231934462061929	0.0494377979292779	0	0	0	0	0	0
0.263999246365598	-0.100303746833054	0	0.825217037747628	0.334210747210691	0.0562101540357457	0	0	0	0	0	0
0.0971419335796771	-0.0688183001718806	0	1.05256807362089	0.372200741606702	0.0584890165866356	0	0	0	0	0	0
0.364323233197409	-0.0405994710711937	0	1.04854593184729	0.30613217954418	0.0506052294693579	0	0	0	0	0	0
0.727110304392749	-0.0211606614631588	0	0.677896415071785	0.217670517406501	0.0409262799148043	0	0	0	0	0	0
0.962191268024291	-0.00992694123645497	0	0.263442545336365	0.159887019360237	0.0350168904752374	0	0	0	0	0	0
1.07054627994055	-0.00425256727150553	0	0.010429595079165	0.132639405999357	0.0325753625368321	0	0	0	0	0	0
1.0138192052456	0.0849320562203163	0	-0.0971310842679164	0.118089683944905	0.0977735476842339	0	0	0	0	0	0
0.627761966647901	0.460897616436092	0	-0.119267394818038	0.092386183401077	0.38248041829194	0	0	0	0	0	0
0.216766226996144	0.846231441703911	0	-0.100303746833054	0.0697530226586468	0.675085967778023	0	0	0	0	0	0
-0.0245140862843371	1.06249501485734	0	-0.0688183001718806	0.0595395225100058	0.839648337730246	0	0	0	0	0	0
-0.119281242393356	1.13936458011243	0	-0.0405994710711937	0.0746381368154841	0.838598320978552	0	0	0	0	0	0
-0.131468259596333	1.14098475731043	0	-0.0211606614631588	0.14903153463329	0.581014725279966	0	0	0	0	0	0
-0.106270635811756	1.11037694557639	0	-0.00992694123645497	0.226539931854176	0.291919505513223	0	0	0	0	0	0
-0.0714368426700668	1.07307086744339	0	-0.00425256727150553	0.271411366788303	0.114338264433655	0	0	0	0	0	0
-0.0416767948152793	1.04223349584451	0	-0.00163402477331933	0.288714875040679	0.0378644286125554	0	0	0	0	0	0
-0.0215711049855161	1.02171736249239	0	-0.000556701029233766	0.280092979843105	0.0189760174998639	0	0	0	0	0	0
-0.0100731987433314	1.01007319874333	0	-0.000146257506876445	0.229445175505524	0.0216537523070555	0	0	0	0	0	0
-0.00425256727150553	0.91768648627787	0	0	0.163411808733585	0.0264957421985319	0	0	0	0	0	0
-0.00163402477331933	0.540179707307993	0	0	0.0776043436221216	0.0116031074767085	0	0	0	0	0	0
-0.000556701029233766	0.154179001818447	0	0	0.00918721920673709	-0.00643561834329844	0	0	0	0	0	0
-0.000146257506876445	-0.0623487573504682	0	0	-0.0242054214884006	-0.0152597119908995	0	0	0	0	0	0
0	-0.139364580112429	0	0	-0.0326075211250111	-0.0164348414079054	0	0	0	0	0	0
0	-0.14098475731043	0	0	-0.0287997225855765	-0.0137879359233714	0	0	0	0	0	0
0	-0.110376945576385	0	0	-0.0208625725100166	-0.00990947494557479	0	0	0	0	0	0
0	-0.0730708674433861	0	0	-0.0130938320843273	-0.00624578802311676	0	0	0	0	0	0
0	-0.042233495844513	0	0	-0.00728230751587709	-0.00348766174749803	0	0	0	0	0	0
0	-0.0217173624923926	0	0	-0.00363178439859181	-0.00176954606380164	0	0	0	0	0	0
0	-0.0100731987433314	0	0	-0.00164331684378043	-0.00081205399435296	0	0	0	0	0	0
0	-0.00425256727150553	0	0	-0.000677539657592109	-0.000339393030445381	0	0	0	0	0	0
0	-0.00163402477331933	0	0	-0.000252101532434879	-0.000128667354969852	0	0	0	0	0	0
0	-0.000556701029233766	0	0	-7.9820652236364e-05	-4.25526554516387e-05	0	0	0	0	0	0
0	-0.000146257506876445	0	0	-2.09706269259296e-05	-1.11795110310738e-05	0	0	0	0	0	0
0	0	0	0	0	0	0	0	0	0	0	0
0	0	0	0	0	0	0	0	0	0	0	0
0	0	0	0	0	0	0	0	0	0	0	0
0	0	0	0	0	0	0	0	0	0	0	0
0	0	0	0	0	0	0	0	0	0.0865660809936357	0.0342477002297343	0.00520517901236466
0	0	0	0	0	0	0	0	0	0.461454317465326	0.182562834690772	0.0277470378797923
0	0	0	0	0	0	0	0	0	0.846377699210787	0.334848122855814	0.0508923054607194
0	0	0	0	0	0	0	0	0	1.06249501485734	0.420349521969196	0.0638873411918015
0	0	0	0	0	0	0	0.0865660809936357	0	1.05279849911879	0.426948045111161	0.0708645673394501
0	0	0	0	0	0	0	0.461454317465326	0	0.679530439845104	0.324463056095472	0.0811610993863192
0	0	0	0	0	0	0	0.846377699210787	0	0.263999246365598	0.206467357348666	0.0897927906846666
0	0	0	0	0	0	0	1.06249501485734	0	0.0105758525860415	0.132257602479526	0.0934292244936294
0	0	0	0	0	0	0	1.13936458011243	0	-0.0971310842679164	0.0989119375697058	0.0936662807206188
0	0	0	0	0	0	0	1.14098475731043	0	-0.119267394818038	0.0903495578735004	0.0924767330869426
0	0	0	0	0	0	0.0865660809936357	1.11037694557639	0	-0.100303746833054	0.0904697844003937	0.0874771270887816
0	0	0	0	0	0	0.461454317465326	0.98650478644975	0	-0.0688183001718806	0.0824371123702535	0.0710989263506451
0	0	0	0	0	0	0.846377699210787	0.580779178379187	0	-0.0405994710711937	0.0734637398245322	0.0546873710255743
0	0	0	0	0	0	1.06249501485734	0.175339663281605	0	-0.0211606614631588	0.069461930851598	0.0454095160437718
0	0	0	0	0	0	1.05279849911879	-0.0524218161140132	0	0.0766391397571807	0.098248271356281	0.0433228226729888
0	0	0	0	0	0	0.679530439845104	-0.135112012840924	0	0.45720175019382	0.22541873647546	0.0488644021029461
0	0	0	0	0	0	0.263999246365598	-0.139350732537111	0	0.844743674437468	0.356505704552898	0.0559470858917506
0	0	0	0	0	0	0.0971419335796771	-0.109820244547152	0	1.06193831382811	0.409921042177972	0.0583796734168705
0	0	0	0	0	0	0.364323233197409	-0.0729246099365097	0	1.05265224161192	0.346463185850696	0.0505647536613569
0	0	0	0	0	0	0.727110304392749	-0.042233495844513	0	0.679530439845104	0.254835183316005	0.0409111344518805
0	0	0	0	0	0	0.962191268024291	-0.0217173624923926	0	0.263999246365598	0.192805407972527	0.0350129114316729
0	0	0	0	0	0	0.983980198946913	0.0764928822503042	0	0.0105758525860415	0.15871543978296	0.0981877845015614
0	0	0	0	0	0	0.638930968773911	0.45720175019382	0	-0.0971310842679164	0.134062715032077	0.3819186178856
0	0	0	0	0	0	0.242838584902439	0.844743674437468	0	-0.119267394818038	0.120222954948194	0.674231587540674
0	0	0	0	0	0	0.000648911349586501	1.06193831382811	0	-0.100303746833054	0.117268183567729	0.838891240528317
0	0	0	0	0	0	-0.101383651539422	1.13921832260555	0	-0.0688183001718806	0.119902824367823	0.89791132357724
0	0	0	0	0	0	-0.120901419591357	1.14098475731043	0	-0.0405994710711937	0.12773914738017	0.839826327938699
0	0	0	0	0	0	-0.100860447862288	1.11037694557639	0	-0.0211606614631588	0.147854533182298	0.557815654282877
0	0	0	0	0	0	-0.068964557678757	1.07307086744339	0	-0.00992694123645497	0.167478016247427	0.263643509739642
0	0	0	0	0	0	-0.0405994710711937	1.04223349584451	0	-0.00425256727150553	0.17873716306783	0.0909651994363243
0	0	0	0	0	0	-0.0211606614631588	1.02171736249239	0	-0.00163402477331933	0.18315200410853	0.0223143057106887
0	0	0	0	0	0	-0.00992694123645497	1.01007319874333	0	-0.000556701029233766	0.183758510810197	0.0123800272085271
0	0	0	0	0	0	-0.00425256727150553	1.00425256727151	0	-0.000146257506876445	0.182663399055262	0.0291275755145909
0	0	0	0	0	0	-0.00163402477331933	1.00163402477332	0	0	0.181117975677882	0.0529278055229145
0	0	0	0	0	0	-0.000556701029233766	1.00055670102923	0	0	0.179799825651728	0.0734252026642871
0	0	0	0	0	0	-0.000146257506876445	1.00014625750688	0	0	0.18076570118375	0.0850646425887609
0	0	0	0	0	0	0	1	0	0	0.188288592057984	0.0833460257606381
0	0	0	0	0	0	0	1	0	0	0.196277511936788	0.0774547251166071
0	0	0	0	0	0	0	0.913433919006364	0	0	0.18353192496934	0.0670812509586668
0	0	0	0	0	0	0	0.538545682534674	0	0	0.110385522838029	0.037190561439568
0	0	0	0	0	0	0	0.153622300789213	0	0	0.0336557866599521	0.00801006146673588
0	0	0	0	0	0	0	-0.0624950148573446	0	0	-0.0100959570622022	-0.00761989024539892
0	0	0	0	0	0	0	-0.139364580112429	0	0	-0.0262214012158404	-0.0125347007803005
0	0	0	0	0	0	0	-0.14098475731043	0	0	-0.0272049922578846	-0.0118642731149128
0	0	0	0	0	0	0	-0.110376945576385	0	0	-0.0215418503458209	-0.00899627014262923
0	0	0	0	0	0	0	-0.0730708674433861	0	0	-0.0143531582497166	-0.00584478339767191
0	0	0	0	0	0	0	-0.042233495844513	0	0	-0.00832945826314483	-0.00333774139287129
0	0	0	0	0	0	0	-0.0217173624923926	0	0	-0.00429502472868336	-0.00170210100705248
0	0	0	0	0	0	0	-0.0100731987433314	0	0	-0.00199647823302721	-0.000784305672105984
0	0	0	0	0	0	0	-0.00425256727150553	0	0	-0.000844747638416997	-0.000328821353003869
0	0	0	0	0	0	0	-0.00163402477331933	0	0	-0.000325793287500868	-0.000124900241830345
0	0	0	0	0	0	0	-0.000556701029233766	0	0	-0.000110995537785363	-4.25526554516387e-05
0	0	0	0	0	0	0	-0.000146257506876445	0	0	-2.91609495553503e-05	-1.11795110310738e-05
0	0	0	0	0	0	0	0	0	0	0	0
0	0	0	0	0	0	0	0	0	0	0	0
0	0	0	0	0	0	0	0	0	0	0	0
0	0	0	0	0	0	0	0	0	0	0	0
0	0	0	0	0	0	0	0	0	0	0	0
0	0	0	0	0	0	0	0	0	0	0	0
0	0	0	0	0	0	0	0	0	0	0	0
0	0	0	0	0	0	0	0	0	0	0	0
0	0	0	0	0	0	0	0	0	0	0	0
0	0	0	0	0	0	0	0	0	0	0	0
0	0	0	0	0	0	0	0	0	0	0	0
0	0	0	0	0	0	0	0	0	0	0	0
0	0	0	0	0	0	0	0	0	0	0	0
0	0	0	0	0	0	0	0	0	0	0	0
0	0	0	0	0	0	0	0	0	0	0	0
0	0	0	0	0	0	0	0	0	0	0	0
0	0	0	0	0	0	0	0	0	0	0	0
0	0	0	0	0	0	0	0	0	0	0	0
0	0	0	0	0	0	0	0	0	0	0	0
0	0	0	0	0	0	0	0	0	0	0	0
