0	0	0	0	0	0	0	0	0	0	0	0
0	0	0	0	0	0	0	0	0	0	0	0
0	0	0	0	0	0	0	0	0	0	0	0
0	0	0	0	0	0	0	0	0	0	0	0
0	0	0	0	0	0	0	0	0	0	0	0
0	0	0	0	0	0	0	0	0	0	0	0
0	0	0	0	0	0	0	0	0	0	0	0
0.0865660809936357	0	0	0	0.0129398488292479	0.00662465213324982	0	0	0	0	0	0
0.461454317465326	0	0	0	0.0689779303979821	0.0353137660097927	0	0	0	0	0	0
0.846377699210787	0	0	0	0.126516059806836	0.0647708405677282	0	0	0	0	0	0
1.06249501485734	0	0.0865660809936357	0	0.164866225810224	0.0762907229249752	0	0	0	0	0	0
1.05279849911879	0	0.461454317465326	0	0.202535794021352	0.0604379575830973	0	0	0	0	0	0
0.679530439845104	0	0.846377699210787	0	0.22965789928969	0.0382447535750472	0	0	0	0	0	0
0.263999246365598	0	1.06249501485734	0	0.240174538620814	0.0233723182250543	0	0	0	0	0	0
0.0105758525860415	0	1.05279849911879	0.0865660809936357	0.252599749663441	0.0293033861881943	0	0	0	0	0	0
-0.0971310842679164	0	0.679530439845104	0.461454317465326	0.302815836705094	0.0841994373632148	0	0	0	0	0	0
-0.119267394818038	0	0.263999246365598	0.846377699210787	0.35378875984185	0.143289028682409	0	0	0	0	0	0
-0.100303746833054	0	0.0105758525860415	1.06249501485734	0.377573429993954	0.166976084630184	0	0	0	0	0	0
-0.0688183001718806	0	-0.0971310842679164	1.13936458011243	0.37099870205238	0.133973230503828	0	0	0	0	0	0
0.045966609922442	0	-0.119267394818038	1.14098475731043	0.345805655720785	0.0944543725722075	0	0	0	0	0	0
0.440293656002167	0	-0.100303746833054	1.02381086458275	0.295298281170218	0.0922949921870346	0	0	0	0	0	0
0.836450757974332	0	-0.0688183001718806	0.61161654997806	0.248827346758874	0.106712499263889	0	0	0	0	0	0
1.05824244758584	0	-0.0405994710711937	0.195855796633726	0.222986842701354	0.118371389421452	0	0	0	0	0	0
1.13773055533911	0	-0.0211606614631588	-0.0407776523649521	0.216596644887798	0.154449099838368	0	0	0	0	0	0
1.1404280562812	0	-0.00992694123645497	-0.129291381369098	0.229034354545265	0.285347312225345	0	0	0	0	0	0
1.11023068806951	0	-0.00425256727150553	-0.136732190038925	0.241448815524231	0.431327987458213	0	0	0	0	0	0
1.07307086744339	0	-0.00163402477331933	-0.108742920803066	0.23506683454942	0.565123828614304	0	0	0	0	0	0
1.04223349584451	0	-0.000556701029233766	-0.0725141664141523	0.222677139743679	0.652659046369002	0	0	0	0	0	0
0.935151281498757	0	-0.000146257506876445	0.0444788426559991	0.224643586247289	0.670769184960658	0	0	0	0	0	0
0.548618881278006	0	0	0.439736954972933	0.264606503283843	0.600485505143052	0	0	0	0	0	0
0.157874868060718	0	0	0.836304500467456	0.308479897827767	0.514077470637745	0	0	0	0	0	0
-0.0608609900840253	0	0	1.05824244758584	0.334203854582973	0.457105251225691	0	0	0	0	0	0
-0.138807879083196	0	0	1.05116447434547	0.31565103502193	0.391490882266787	0	0	0	0	0	0
-0.140838499803554	0	0	0.678973738815871	0.192885225272693	0.218482636540753	0	0	0	0	0	0
-0.110376945576385	0	0	0.263852988858722	0.0627449535811817	0.0509372975534928	0	0	0	0	0	0
-0.0730708674433861	0	0	0.0105758525860415	-0.0126351910265502	-0.039075549263346	0	0	0	0	0	0
-0.042233495844513	0	0	-0.0971310842679164	-0.0414082478234389	-0.0680531633650046	0	0	0	0	0	0
-0.0217173624923926	0	0	-0.119267394818038	-0.0442119725021341	-0.065400704948515	0	0	0	0	0	0
-0.0100731987433314	0	0	-0.100303746833054	-0.0353862935614507	-0.050032933474527	0	0	0	0	0	0
-0.00425256727150553	0	0	-0.0688183001718806	-0.023695625732286	-0.0326962908151463	0	0	0	0	0	0
-0.00163402477331933	0	0	-0.0405994710711937	-0.0137870723606817	-0.0187539083549327	0	0	0	0	0	0
-0.000556701029233766	0	0	-0.0211606614631588	-0.00712247466568679	-0.00958942138061191	0	0	0	0	0	0
-0.000146257506876445	0	0	-0.00992694123645497	-0.0033166067417745	-0.00442646115966592	0	0	0	0	0	0
0	0	0	-0.00425256727150553	-0.00140731771999017	-0.00185689308656202	0	0	0	0	0	0
0	0	0	-0.00163402477331933	-0.000540753825060854	-0.000713500601196496	0	0	0	0	0	0
0	0	0	-0.000556701029233766	-0.000184231118088834	-0.000243084759503445	0	0	0	0	0	0
0	0	0	-0.000146257506876445	-4.84015344067526e-05	-6.38636701167385e-05	0	0	0	0	0	0
0	0	0	0	0	0	0	0	0	0	0	0
0	0	0	0	0	0	0	0	0	0	0	0
0	0	0	0	0	0	0	0	0	0	0	0
0	0	0	0	0	0	0	0	0	0	0	0
0	0	0	0	0	0	0	0	0	0	0	0
0	0	0	0	0	0	0.0865660809936357	0	0	0	0.0138237575020158	0.00662465213324982
0	0	0	0	0	0	0.461454317465326	0	0	0	0.0736897467192476	0.0353137660097927
0	0	0	0	0	0	0.846377699210787	0	0.0865660809936357	0	0.141418803049127	0.059751889011084
0	0	0	0	0	0	0.975928933863709	0	0.461454317465326	0	0.203042949211442	0.0545553517910375
0	0	0	0	0	0	0.677910262647104	0	0.846377699210787	0	0.243156342438101	0.0381207660939486
0	0	0	0	0	0	0.294607058099643	0	1.06249501485734	0.0865660809936357	0.262496000195072	0.0389574043670006
0	0	0	0	0	0	0.0478819307190409	0	1.05279849911879	0.461454317465326	0.278113033849001	0.0895081938094836
0	0	0	0	0	0	-0.0662937126690434	0	0.679530439845104	0.846377699210787	0.28761836973321	0.145444376130668
0	0	0	0	0	0	-0.0987512614659173	0	0.263999246365598	1.06249501485734	0.293362428010173	0.167274277427906
0	0	0	0	0	0	-0.0886595830839929	0	0.0105758525860415	1.13936458011243	0.308928245940909	0.13352186339995
0	0	0	0	0	0	-0.0629976687000547	0	-0.0971310842679164	1.14098475731043	0.32387327858868	0.0873276565555419
0	0	0	0	0	0	0.0485851524206282	0	-0.119267394818038	1.02381086458275	0.322875446240091	0.0633937610512244
0	0	0	0	0	0	0.441370979746253	0	-0.100303746833054	0.61161654997806	0.28920507060145	0.0772167888474874
0	0	0	0	0	0	0.83686120149669	0	-0.0688183001718806	0.195855796633726	0.254916073287536	0.131371083982594
0	0	0	0	0	0	1.05838870509272	0	-0.0405994710711937	-0.0407776523649521	0.245722849813995	0.276496683699317
0	0	0	0	0	0	1.13773055533911	0	-0.0211606614631588	-0.129291381369098	0.249958571910669	0.416569689851561
0	0	0	0	0	0	1.1404280562812	0	-0.00992694123645497	-0.136732190038925	0.249121601249171	0.507405177307743
0	0	0	0	0	0	1.11023068806951	0	-0.00425256727150553	-0.108742920803066	0.22486672160361	0.594195417844972
0	0	0	0	0	0	1.07307086744339	0	-0.00163402477331933	0.0140519145794833	0.203133952300941	0.638998658924061
0	0	0	0	0	0	0.955667414850877	0	-0.000556701029233766	0.419367079127689	0.209047381176428	0.590174481981157
0	0	0	0	0	0	0.560263045027067	0	-0.000146257506876445	0.824660336718395	0.225160442994612	0.515010559364361
0	0	0	0	0	0	0.163695499532544	0	0	1.05242181611401	0.237069077402178	0.462656670753795
0	0	0	0	0	0	-0.0582424475858391	0	0	1.13511201284092	0.243505847957097	0.435598837046309
0	0	0	0	0	0	-0.13773055533911	0	0	1.13935073253711	0.246272732821109	0.425088172206531
0	0	0	0	0	0	-0.140428056281197	0	0	1.10982024454715	0.24681101753676	0.423877090474433
0	0	0	0	0	0	-0.110230688069509	0	0	1.07292460993651	0.246236237882036	0.426763403321659
0	0	0	0	0	0	-0.0730708674433861	0	0	0.955667414850877	0.22427373898109	0.392596933058072
0	0	0	0	0	0	-0.042233495844513	0	0	0.560263045027067	0.13217242879934	0.231742139635504
0	0	0	0	0	0	-0.0217173624923926	0	0	0.163695499532544	0.037886292675566	0.0654175175629097
0	0	0	0	0	0	-0.0100731987433314	0	0	-0.0582424475858391	-0.0150381425165046	-0.0280118068109411
0	0	0	0	0	0	-0.00425256727150553	0	0	-0.13773055533911	-0.0338911724153062	-0.0611427136287607
0	0	0	0	0	0	-0.00163402477331933	0	0	-0.140428056281197	-0.0343352723256697	-0.061667798217546
0	0	0	0	0	0	-0.000556701029233766	0	0	-0.110230688069509	-0.0268973059702533	-0.0482243183502064
0	0	0	0	0	0	-0.000146257506876445	0	0	-0.0730708674433861	-0.0178117659185706	-0.0319065590082194
0	0	0	0	0	0	0	0	0	-0.042233495844513	-0.0102948434612224	-0.018441351176382
0	0	0	0	0	0	0	0	0	-0.0217173624923926	-0.00529382763086733	-0.00948293529433298
0	0	0	0	0	0	0	0	0	-0.0100731987433314	-0.00245544447938121	-0.00439848494141171
0	0	0	0	0	0	0	0	0	-0.00425256727150553	-0.00103660645402516	-0.00185689308656202
0	0	0	0	0	0	0	0	0	-0.00163402477331933	-0.000398310130778989	-0.000713500601196496
0	0	0	0	0	0	0	0	0	-0.000556701029233766	-0.000135701528752506	-0.000243084759503445
0	0	0	0	0	0	0	0	0	-0.000146257506876445	-3.56517524352007e-05	-6.38636701167385e-05
0	0	0	0	0	0	0	0	0	0	0	0
0	0	0	0	0	0	0	0	0	0	0	0
0	0	0	0	0	0	0	0	0	0	0	0
0	0	0	0	0	0	0	0	0	0	0	0
0	0	0	0	0	0	0	0	0	0	0	0
0	0	0	0	0	0	0	0	0	0	0	0
0	0	0	0	0	0	0	0	0	0	0	0
0	0	0	0	0	0	0	0	0	0	0	0
0	0	0	0	0	0	0	0	0	0	0	0
0	0	0	0	0	0	0	0	0	0	0	0
0	0	0	0	0	0	0	0	0	0	0	0
0	0	0	0	0	0	0	0	0	0	0	0
0	0	0	0	0	0	0	0	0	0	0	0
0	0	0	0	0	0	0	0	0	0	0	0
0	0	0	0	0	0	0	0	0	0	0	0
0	0	0	0	0	0	0	0	0	0	0	0
0	0	0	0	0	0	0	0	0	0	0	0
0	0	0	0	0	0	0	0	0	0	0	0
0	0	0	0	0	0	0	0	0	0	0	0
0	0	0	0	0	0	0	0	0	0	0	0
0.0865660809936357	0	0	0	0.0132438736594221	0.00658167157985762	0	0	0	0	0	0
0.461454317465326	0	0	0	0.0705985833014079	0.0350846513068718	0	0	0	0	0	0
0.846377699210787	0	0	0	0.129488584764789	0.0643506092083627	0	0	0	0	0	0
1.06249501485734	0	0	0	0.174632377421234	0.083072786565306	0	0	0	0	0	0
1.13936458011243	0	0	0	0.238705761314001	0.0988372384505641	0	0	0	0	0	0
1.14098475731043	0	0	0	0.292666962606071	0.109145976288212	0	0	0	0	0	0
1.11037694557639	0	0	0	0.312893349715094	0.106467953948427	0	0	0	0	0	0
1.07307086744339	0	0	0	0.295182899669584	0.07938012749073	0	0	0	0	0	0
1.04223349584451	0.0865660809936357	0	0	0.273094706190829	0.0669295041353882	0	0	0	0	0	0
0.935151281498757	0.461454317465326	0	0	0.277446279750562	0.122335706616493	0	0	0	0	0	0
0.548618881278006	0.846377699210787	0	0	0.291328696794148	0.189954830083083	0	0	0	0	0	0
0.157874868060718	0.975928933863709	0	0.0865660809936357	0.300041298696497	0.227907766985788	0	0	0	0	0	0
-0.0608609900840253	0.677910262647104	0	0.461454317465326	0.302304416680382	0.232497350748383	0	0	0	0	0	0
-0.138807879083196	0.294607058099643	0	0.846377699210787	0.301418288218532	0.222954814424634	0	0	0	0	0	0
-0.0542724188099182	0.0478819307190409	0	0.975928933863709	0.293414857132988	0.228063005698023	0	0	0	0	0	0
0.35107737188894	-0.0662937126690434	0	0.677910262647104	0.264891871942151	0.288477611553149	0	0	0	0	0	0
0.773306831767401	-0.0987512614659173	0	0.294607058099643	0.236071648319269	0.353782371246736	0	0	0	0	0	0
1.02026151901283	-0.0886595830839929	0	0.0478819307190409	0.209489011697549	0.391012780435725	0	0	0	0	0	0
1.11764721762004	-0.0629976687000547	0	-0.0662937126690434	0.158966473138591	0.405244752049152	0	0	0	0	0	0
1.04434547757346	-0.0379809285730075	0.0865660809936357	-0.0987512614659173	0.138393308120582	0.406873020044897	0	0	0	0	0	0
0.644670060839554	-0.0200833377190732	0.461454317465326	-0.0886595830839929	0.225284134626601	0.403495182131345	0	0	0	0	0	0
0.22505914345928	-0.00951649771409765	0.846377699210787	-0.0629976687000547	0.332216825684844	0.398539771162465	0	0	0	0	0	0
-0.0208182200420654	-0.00410630976462909	0.975928933863709	-0.0379809285730075	0.36333950334466	0.360460529906032	0	0	0	0	0	0
-0.117793475126913	-0.00163402477331933	0.677910262647104	-0.0200833377190732	0.241415692869607	0.212425287506415	0	0	0	0	0	0
-0.130911558567099	-0.000556701029233766	0.294607058099643	-0.00951649771409765	0.0934787330731512	0.0618150884120165	0	0	0	0	0	0
-0.10612437830488	-0.000146257506876445	0.0478819307190409	-0.00410630976462909	0.00225454784683426	-0.0227712229778974	0	0	0	0	0	0
-0.0714368426700668	0	-0.0662937126690434	-0.00163402477331933	-0.0368044979189619	-0.0530876525979587	0	0	0	0	0	0
-0.0416767948152793	0	-0.0987512614659173	-0.000556701029233766	-0.045078611762163	-0.0540628542427805	0	0	0	0	0	0
-0.0215711049855161	0	-0.0886595830839929	-0.000146257506876445	-0.0381836259640171	-0.0424333673195552	0	0	0	0	0	0
-0.0100731987433314	0	-0.0629976687000547	0	-0.0263991379667092	-0.0281292601095975	0	0	0	0	0	0
-0.00425256727150553	0	-0.0379809285730075	0	-0.0156746369795096	-0.0162653605466261	0	0	0	0	0	0
-0.00163402477331933	0	-0.0200833377190732	0	-0.00820648405369933	-0.00836654427950037	0	0	0	0	0	0
-0.000556701029233766	0	-0.00951649771409765	0	-0.00385766039368651	-0.00388164311804482	0	0	0	0	0	0
-0.000146257506876445	0	-0.00410630976462909	0	-0.00165473480647979	-0.00163904600095436	0	0	0	0	0	0
0	0	-0.00163402477331933	0	-0.000652384970189152	-0.000630013306563028	0	0	0	0	0	0
0	0	-0.000556701029233766	0	-0.000222263083333294	-0.00021464121102775	0	0	0	0	0	0
0	0	-0.000146257506876445	0	-5.83933614847847e-05	-5.63909293307185e-05	0	0	0	0	0	0
0	0	0	0	0	0	0	0	0	0	0	0
0	0	0	0	0	0	0	0	0	0	0	0
0	0	0	0	0	0	0	0	0	0	0	0
0	0	0	0	0	0	0	0	0	0	0	0
0	0	0	0	0	0	0	0	0	0	0	0
0	0	0	0	0	0	0.0865660809936357	0	0	0	0.0171429665030538	0.00658167157985762
0	0	0	0	0	0	0.461454317465326	0	0	0	0.0913833203050884	0.0350846513068718
0	0	0	0	0	0	0.846377699210787	0	0	0	0.167610967020316	0.0643506092083627
0	0	0	0	0	0	1.06249501485734	0	0	0	0.210409391765121	0.0807821396412887
0	0	0	0	0	0	1.13936458011243	0	0	0	0.225632125278599	0.086626579255375
0	0	0	0	0	0	1.14098475731043	0	0	0	0.228716307894375	0.0890404092332629
0	0	0	0	0	0	1.11037694557639	0	0	0	0.23462199931793	0.0966332910360196
0	0	0	0	0	0	1.07307086744339	0	0	0	0.239521549518854	0.103982442099245
0	0	0	0	0	0	1.04223349584451	0	0	0	0.238519772977704	0.101286966183869
0	0	0	0	0	0	1.02171736249239	0	0	0	0.229142470759313	0.0754756893992461
0	0	0	0	0	0	1.01007319874333	0	0	0	0.218912085257432	0.0476441412449969
0	0	0	0	0	0	1.00425256727151	0.0865660809936357	0	0	0.202671546622929	0.0480786897806317
0	0	0	0	0	0	0.915067943779684	0.461454317465326	0	0	0.157654003564495	0.114431842357073
0	0	0	0	0	0	0.539102383563908	0.846377699210787	0	0	0.113590792355166	0.188301689937242
0	0	0	0	0	0	0.153768558296089	1.06249501485734	0	0.0865660809936357	0.0895221873007583	0.229198762150485
0	0	0	0	0	0	-0.0624950148573446	1.05279849911879	0	0.461454317465326	0.0816941774397176	0.234680731170553
0	0	0	0	0	0	-0.139364580112429	0.679530439845104	0	0.846377699210787	0.0823297319416403	0.224920645588972
0	0	0	0	0	0	-0.14098475731043	0.263999246365598	0	1.06249501485734	0.0862807274315583	0.213551237573923
0	0	0	0	0	0	-0.110376945576385	0.0105758525860415	0	1.13936458011243	0.0907112339191635	0.204668730162472
0	0	0	0	0	0	-0.0730708674433861	-0.0971310842679164	0	1.14098475731043	0.0942516637702279	0.199016155064172
0	0	0	0	0	0	-0.042233495844513	-0.119267394818038	0	1.11037694557639	0.096555327986514	0.196165597683575
0	0	0	0	0	0	-0.0217173624923926	-0.100303746833054	0	1.07307086744339	0.0978381957206751	0.195147032622044
0	0	0	0	0	0	0.0764928822503042	-0.0688183001718806	0	1.04223349584451	0.0990288493813502	0.210881387630573
0	0	0	0	0	0	0.45720175019382	-0.0405994710711937	0	0.935151281498757	0.101744328022786	0.279753233196979
0	0	0	0	0	0	0.844743674437468	-0.0211606614631588	0	0.548618881278006	0.104358962713472	0.35047584733815
0	0	0	0	0	0	1.06193831382811	-0.00992694123645497	0	0.157874868060718	0.105806004557639	0.3901987551235
0	0	0	0	0	0	1.13921832260555	-0.00425256727150553	0	-0.0608609900840253	0.106320208258819	0.404344732818991
0	0	0	0	0	0	1.14098475731043	-0.00163402477331933	0	-0.138807879083196	0.106329740113057	0.40467557335143
0	0	0	0	0	0	1.11037694557639	-0.000556701029233766	0	-0.140838499803554	0.104863279690915	0.399320641802516
0	0	0	0	0	0	1.07307086744339	-0.000146257506876445	0	-0.110376945576385	0.0991340958221402	0.393540154010629
0	0	0	0	0	0	0.955667414850877	0	0.0865660809936357	-0.0730708674433861	0.0949563913941738	0.389306836850438
0	0	0	0	0	0	0.560263045027067	0	0.461454317465326	-0.042233495844513	0.098832088045893	0.387615655066078
0	0	0	0	0	0	0.163695499532544	0	0.846377699210787	-0.0217173624923926	0.104995301638332	0.387198545526498
0	0	0	0	0	0	-0.0582424475858391	0	1.06249501485734	-0.0100731987433314	0.109068224687579	0.386979012125969
0	0	0	0	0	0	-0.13773055533911	0	1.05279849911879	-0.00425256727150553	0.101455367478026	0.353336387798392
0	0	0	0	0	0	-0.140428056281197	0	0.679530439845104	-0.00163402477331933	0.0608220203614998	0.208498694255098
0	0	0	0	0	0	-0.110230688069509	0	0.263999246365598	-0.000556701029233766	0.0183788545148025	0.0598065951153246
0	0	0	0	0	0	-0.0730708674433861	0	0.0105758525860415	-0.000146257506876445	-0.00578861535988199	-0.0237494435336679
0	0	0	0	0	0	-0.042233495844513	0	-0.0971310842679164	0	-0.0146567516709996	-0.0535402380547567
0	0	0	0	0	0	-0.0217173624923926	0	-0.119267394818038	0	-0.0151421345258496	-0.054261304019672
0	0	0	0	0	0	-0.0100731987433314	0	-0.100303746833054	0	-0.0119625296490299	-0.0425129622561233
0	0	0	0	0	0	-0.00425256727150553	0	-0.0688183001718806	0	-0.00795787565066828	-0.0281549932890069
0	0	0	0	0	0	-0.00163402477331933	0	-0.0405994710711937	0	-0.00461268561443383	-0.0162767285203433
0	0	0	0	0	0	-0.000556701029233766	0	-0.0211606614631588	0	-0.00237626506137883	-0.00837115773587106
0	0	0	0	0	0	-0.000146257506876445	0	-0.00992694123645497	0	-0.00110432865823294	-0.0038832440937413
0	0	0	0	0	0	0	0	-0.00425256727150553	0	-0.000467391827197764	-0.00163961649287635
0	0	0	0	0	0	0	0	-0.00163402477331933	0	-0.000179592649740201	-0.000630013306563028
0	0	0	0	0	0	0	0	-0.000556701029233766	0	-6.11859835821783e-05	-0.00021464121102775
0	0	0	0	0	0	0	0	-0.000146257506876445	0	-1.60748928860965e-05	-5.63909293307185e-05
0	0	0	0	0	0	0	0	0	0	0	0
0	0	0	0	0	0	0	0	0	0	0	0
0	0	0	0	0	0	0	0	0	0	0	0
0	0	0	0	0	0	0	0	0	0	0	0
0	0	0	0	0	0	0	0	0	0	0	0
0	0	0	0	0	0	0	0	0	0	0	0
0	0	0	0	0	0	0	0	0	0	0	0
0	0	0	0	0	0	0	0	0	0	0	0
0	0	0	0	0	0	0	0	0	0	0	0
0	0	0	0	0	0	0	0	0	0	0	0
0	0	0	0	0	0	0	0	0	0	0	0
0	0	0	0	0	0	0	0	0	0	0	0
0	0	0	0	0	0	0	0	0	0	0	0
0	0	0	0	0	0	0	0	0	0	0	0
0	0	0	0	0	0	0	0	0	0	0	0
0	0	0	0	0	0	0	0	0	0	0	0
0	0	0	0	0	0	0	0	0	0	0	0
0	0	0	0	0	0	0	0	0	0	0	0
0	0	0	0	0	0	0	0	0	0	0	0
0	0	0	0	0	0	0	0	0	0	0	0
0	0	0	0	0	0	0	0	0	0	0	0
0	0	0.0865660809936357	0	0.0112523324754004	0.00588738266183912	0	0	0	0	0	0
0	0	0.461454317465326	0	0.0599823550139755	0.0313836333664672	0	0	0	0	0	0
0	0	0.846377699210787	0	0.110016800598659	0.0575623770246365	0	0	0	0	0	0
0	0	1.06249501485734	0	0.140257576809411	0.0721988716694777	0	0	0	0	0	0
0	0	1.13936458011243	0	0.15955464428741	0.0771595785072226	0	0	0	0	0	0
0	0	1.14098475731043	0	0.169319468324986	0.076995401181606	0	0	0	0	0	0
0	0	1.02381086458275	0.0865660809936357	0.187156417367989	0.0773847619501339	0	0	0	0	0	0
0	0.0865660809936357	0.61161654997806	0.461454317465326	0.253505011662634	0.0908043651665638	0	0	0	0	0	0
0	0.461454317465326	0.195855796633726	0.759811618217151	0.314222654039346	0.120487402947092	0	0	0	0	0	0
0.0865660809936357	0.759811618217151	-0.0407776523649521	0.601040697392019	0.326188215554132	0.143507436966463	0	0	0	0	0	0
0.461454317465326	0.601040697392019	-0.129291381369098	0.292986880901642	0.25991265919686	0.144508180936228	0	0	0	0	0	0
0.846377699210787	0.292986880901642	-0.136732190038925	0.0784897424530857	0.188097445494655	0.134939437028173	0	0	0	0	0	0
1.06249501485734	0.0784897424530857	-0.108742920803066	-0.028987634536044	0.167862734440878	0.123096128035344	0	0	0	0	0	0
1.13936458011243	-0.028987634536044	-0.0725141664141523	-0.0679138898670442	0.175600853402432	0.113832699483312	0	0	0	0	0	0
1.14098475731043	-0.0679138898670442	-0.0420872383376366	-0.0681434497318725	0.186714176668482	0.108612233516656	0	0	0	0	0	0
1.02381086458275	0.0184226312617632	-0.0217173624923926	-0.0513535049509936	0.185822046920967	0.101468761056092	0	0	0	0	0	0
0.61161654997806	0.410100812514332	-0.0100731987433314	-0.0321602971011816	0.150207737570831	0.0792683249501227	0	0	0	0	0	0
0.282421877627361	0.72765132111597	-0.00425256727150553	-0.017464795220887	0.12032891606706	0.0718435940139999	0	0	0	0	0	0
0.420676665100374	0.583575902171132	-0.00163402477331933	-0.00843917397001208	0.139187259734117	0.123040942610984	0	0	0	0	0	0
0.630520236848053	0.28454770693163	-0.000556701029233766	-0.00369586624227177	0.15576708220328	0.165016518857356	0	0	0	0	0	0
0.464308507353094	0.0747938762108139	-0.000146257506876445	-0.00148776726644289	0.102518738353426	0.119709627014771	0	0	0	0	0	0
0.184243960098576	-0.0304754018024869	0	-0.000556701029233766	0.0353019505116788	0.0504725178297291	0	0	0	0	0	0
0.00597557603893335	-0.068470590896278	0	-0.000146257506876445	-0.00486953653531201	0.00576179143024613	0	0	0	0	0	0
-0.0710748728736806	-0.0682897072387489	0	0	-0.0207445966412514	-0.0143600138656335	0	0	0	0	0	0
-0.0896312523594368	-0.0513535049509936	0	0	-0.0230382658835737	-0.019786072554946	0	0	0	0	0	0
-0.0782166484752039	-0.0321602971011816	0	0	-0.0189684554796475	-0.0176059618873629	0	0	0	0	0	0
-0.0556060722224991	-0.017464795220887	0	0	-0.0129959505351135	-0.0125650705269736	0	0	0	0	0	0
-0.0337943218745009	-0.00843917397001208	0	0	-0.00769757741077603	-0.00763199963086826	0	0	0	0	0	0
-0.0180214962501208	-0.00369586624227177	0	0	-0.00403061127985557	-0.00406424440577816	0	0	0	0	0	0
-0.00858543147688853	-0.00148776726644289	0	0	-0.00189500080208145	-0.00193562145143138	0	0	0	0	0	0
-0.00369586624227177	-0.000556701029233766	0	0	-0.000808077029990671	-0.000835981107842906	0	0	0	0	0	0
-0.00148776726644289	-0.000146257506876445	0	0	-0.000318055710895833	-0.00033262432196099	0	0	0	0	0	0
-0.000556701029233766	0	0	0	-0.000113925301975583	-0.000121721965765204	0	0	0	0	0	0
-0.000146257506876445	0	0	0	-2.99306625317879e-05	-3.19790162224456e-05	0	0	0	0	0	0
0	0	0	0	0	0	0	0	0	0	0	0
0	0	0	0	0	0	0	0	0	0	0	0
0	0	0	0	0	0	0	0	0	0	0	0
0	0	0	0	0	0	0	0	0	0	0	0
0	0	0	0	0	0	0	0	0.0865660809936357	0	0.00708398097675877	0.00588738266183912
0	0	0	0	0	0	0	0	0.461454317465326	0	0.0377622917549878	0.0313836333664672
0	0	0	0	0	0	0	0	0.846377699210787	0	0.0692618107639975	0.0575623770246365
0	0	0	0	0	0	0	0	1.06249501485734	0	0.0874401238948365	0.0721988716694777
0	0	0	0	0	0	0	0	1.13936458011243	0	0.0958644871936795	0.0771595785072226
0	0	0	0	0	0	0	0	1.14098475731043	0.0865660809936357	0.112593416098256	0.0796204518176185
0	0	0	0	0	0	0	0	1.02381086458275	0.461454317465326	0.173703474629436	0.0887529628931334
0	0	0	0	0	0	0	0.0865660809936357	0.61161654997806	0.759811618217151	0.229893643875537	0.10247687426561
0	0	0	0	0	0	0	0.461454317465326	0.195855796633726	0.601040697392019	0.240611158133418	0.1270409963451
0	0	0	0	0	0	0.0865660809936357	0.759811618217151	-0.0407776523649521	0.292986880901642	0.220207949614735	0.145838448129805
0	0	0	0	0	0	0.461454317465326	0.601040697392019	-0.129291381369098	0.0784897424530857	0.171556479806162	0.144557311578799
0	0	0	0	0	0	0.846377699210787	0.292986880901642	-0.136732190038925	-0.028987634536044	0.125571336949542	0.134895674663496
0	0	0	0	0	0	1.06249501485734	0.0784897424530857	-0.108742920803066	-0.0679138898670442	0.0989580827441984	0.126679265103172
0	0	0	0	0	0	1.13936458011243	-0.028987634536044	-0.0725141664141523	-0.0681434497318725	0.0982634408604747	0.120660141517781
0	0	0	0	0	0	1.14098475731043	-0.0679138898670442	-0.0420872383376366	-0.0513535049509936	0.139511149242156	0.114130587325709
0	0	0	0	0	0	1.11037694557639	-0.0681434497318725	-0.0217173624923926	-0.0321602971011816	0.186002457580603	0.109175347836732
0	0	0	0	0	0	1.07307086744339	0.0352125760426421	-0.0100731987433314	-0.017464795220887	0.207946653485073	0.10183458971851
0	0	0	0	0	0	1.04223349584451	0.429294020364144	-0.00425256727150553	-0.00843917397001208	0.190952194639555	0.0939962462972241
0	0	0	0	0	0	1.02171736249239	0.742346822996265	-0.00163402477331933	-0.00369586624227177	0.158986823248584	0.13496302024723
0	0	0	0	0	0	1.01007319874333	0.592601523422007	-0.000556701029233766	-0.00148776726644289	0.134659098859251	0.187734356751773
0	0	0	0	0	0	0.91768648627787	0.28929101465937	-0.000146257506876445	-0.000556701029233766	0.111053785163281	0.201244197558899
0	0	0	0	0	0	0.540179707307993	0.0770019751866428	0	-0.000146257506876445	0.0595153147280394	0.132515590708266
0	0	0	0	0	0	0.154179001818447	-0.0295443355652777	0	0	0.0113047120446293	0.0506537441992843
0	0	0	0	0	0	-0.0623487573504682	-0.0680601473739207	0	0	-0.0138203251410088	0.000556397141703158
0	0	0	0	0	0	-0.139364580112429	-0.0681434497318725	0	0	-0.0212364057006936	-0.0206703183613653
0	0	0	0	0	0	-0.14098475731043	-0.0513535049509936	0	0	-0.0197387020754816	-0.0249950121507224
0	0	0	0	0	0	-0.110376945576385	-0.0321602971011816	0	0	-0.0148456812366835	-0.0210683451698146
0	0	0	0	0	0	-0.0730708674433861	-0.017464795220887	0	0	-0.00960716481424981	-0.0145292996500601
0	0	0	0	0	0	-0.042233495844513	-0.00843917397001208	0	0	-0.0054767918275752	-0.00861312259843727
0	0	0	0	0	0	-0.0217173624923926	-0.00369586624227177	0	0	-0.00278663221819163	-0.00450562472661818
0	0	0	0	0	0	-0.0100731987433314	-0.00148776726644289	0	0	-0.0012810943007725	-0.00211721464693706
0	0	0	0	0	0	-0.00425256727150553	-0.000556701029233766	0	0	-0.000534886176139026	-0.00090516527946138
0	0	0	0	0	0	-0.00163402477331933	-0.000146257506876445	0	0	-0.000204624003326265	-0.000357277420146374
0	0	0	0	0	0	-0.000556701029233766	0	0	0	-6.97139940089533e-05	-0.000121721965765204
0	0	0	0	0	0	-0.000146257506876445	0	0	0	-1.83153872953725e-05	-3.19790162224456e-05
0	0	0	0	0	0	0	0	0	0	0	0
0	0	0	0	0	0	0	0	0	0	0	0
0	0	0	0	0	0	0	0	0	0	0	0
0	0	0	0	0	0	0	0	0	0	0	0
0	0	0	0	0	0	0	0	0	0	0	0
0	0	0	0	0	0	0	0	0	0	0	0
0	0	0	0	0	0	0	0	0	0	0	0
0	0	0	0	0	0	0	0	0	0	0	0
0	0	0	0	0	0	0	0	0	0	0	0
0	0	0	0	0	0	0	0	0	0	0	0
0	0	0	0	0	0	0	0	0	0	0	0
0	0	0	0	0	0	0	0	0	0	0	0
0	0	0	0	0	0	0	0	0	0	0	0
0	0	0	0	0	0	0	0	0	0	0	0
0	0	0	0	0	0	0	0	0	0	0	0
0	0	0	0	0	0	0	0	0	0	0	0
0	0	0	0	0	0	0	0	0	0	0	0
0	0	0	0	0	0	0	0	0	0	0	0
0	0	0	0	0	0	0	0	0	0	0	0
0	0	0	0	0	0	0	0	0	0	0	0
0	0	0	0	0	0	0	0	0	0	0	0
0	0	0	0	0	0	0	0	0	0	0	0
0	0	0	0	0	0	0	0	0	0	0	0
0	0	0	0	0	0	0	0	0	0	0	0
0	0	0	0	0	0	0	0	0	0	0	0
