0	0	0	0	0	0	0	0	0	0	0	0
0	0	0	0	0	0	0	0	0	0	0	0
0	0	0	0	0	0	0	0	0	0	0	0
0	0	0	0	0	0	0	0	0	0	0	0
0	0	0	0	0	0	0	0	0	0	0	0
0	0	0	0	0	0	0	0	0	0	0	0
0	0	0	0	0	0	0	0	0	0	0	0
0	0	0	0	0	0	0	0	0	0	0	0
0	0	0	0	0	0	0	0	0	0	0	0
0	0	0	0	0	0	0	0	0	0	0	0
0	0	0	0	0	0	0	0	0	0	0	0
0	0	0	0.0865660809936357	0.00396828738376215	0.00631629665416278	0	0	0	0	0	0
0	0	0	0.461454317465326	0.0211535895487155	0.0336700278908259	0	0	0	0	0	0
0	0	0	0.846377699210787	0.0387989141604173	0.061755973798515	0	0	0	0	0	0
0.0865660809936357	0	0	0.975928933863709	0.0595739802516115	0.0819049387712808	0	0	0	0	0	0
0.461454317465326	0	0	0.677910262647104	0.110163391170709	0.106481839226888	0	0	0	0	0	0
0.846377699210787	0	0	0.294607058099643	0.15856315453827	0.126075911170185	0	0	0	0	0	0
1.06249501485734	0	0	0.0478819307190409	0.194646664090761	0.150397664700612	0	0	0	0	0	0
1.13936458011243	0	0	-0.0662937126690434	0.247426795454718	0.219210867798034	0	0	0	0	0	0
1.14098475731043	0	0	-0.0987512614659173	0.292256503004419	0.286499459037866	0	0	0	0	0	0
1.11037694557639	0	0	-0.0886595830839929	0.313322702608985	0.322450664881772	0	0	0	0	0	0
1.07307086744339	0	0	-0.0629976687000547	0.317299517620541	0.333584045511213	0	0	0	0	0	0
1.04223349584451	0.0865660809936357	0	-0.0379809285730075	0.314310717314477	0.317679215330422	0	0	0	0	0	0
0.935151281498757	0.461454317465326	0	-0.0200833377190732	0.312093006368455	0.249378910153979	0	0	0	0	0	0
0.548618881278006	0.846377699210787	0	-0.00951649771409765	0.310369412024688	0.17878375271952	0	0	0	0	0	0
0.157874868060718	1.06249501485734	0	-0.00410630976462909	0.308317502320112	0.13741330472809	0	0	0	0	0	0
-0.0608609900840253	1.13936458011243	0	-0.00163402477331933	0.306376840487482	0.120947896914512	0	0	0	0	0	0
-0.138807879083196	1.14098475731043	0	-0.000556701029233766	0.304866739448421	0.11852628525902	0	0	0	0	0	0
-0.0542724188099182	1.02381086458275	0	-0.000146257506876445	0.294560873550419	0.129425130854713	0	0	0	0	0	0
0.35107737188894	0.61161654997806	0	0	0.253887820660598	0.165145568494097	0	0	0	0	0	0
0.773306831767401	0.195855796633726	0	0	0.212420039643087	0.20089456409072	0	0	0	0	0	0
1.02026151901283	-0.0407776523649521	0	0	0.189125628991669	0.221526863605081	0	0	0	0	0	0
1.11764721762004	-0.129291381369098	0	0	0.180792145334563	0.229579065335848	0	0	0	0	0	0
1.1309115585671	-0.136732190038925	0	0	0.180555316038208	0.230664661551931	0	0	0	0	0	0
1.10612437830488	-0.108742920803066	0	0	0.183786465578791	0.228639047143732	0	0	0	0	0	0
1.07143684267007	-0.0725141664141523	0	0	0.187748068153566	0.225823028900951	0	0	0	0	0	0
1.04167679481528	-0.0420872383376366	0	0	0.208204829473262	0.230673061990124	0	0	0	0	0	0
1.02157110498552	-0.0217173624923926	0	0	0.284775202125809	0.260476958618023	0	0	0	0	0	0
1.01007319874333	-0.0100731987433314	0	0	0.362393442794878	0.291809816520298	0	0	0	0	0	0
1.00425256727151	-0.00425256727150553	0	0	0.405896250826179	0.309459344463034	0	0	0	0	0	0
1.00163402477332	-0.00163402477331933	0	0	0.421427915354391	0.315693024567156	0	0	0	0	0	0
1.00055670102923	-0.000556701029233766	0	0	0.421864143807353	0.315742410736803	0	0	0	0	0	0
1.00014625750688	-0.000146257506876445	0	0	0.392973623947093	0.366092784673237	0	0	0	0	0	0
1	0	0	0	0.286583944562302	0.592258176663026	0	0	0	0	0	0
1	0	0	0	0.178812089248709	0.825115658752274	0	0	0	0	0	0
1	0	0	0	0.117667580117022	0.955586310572061	0	0	0	0	0	0
1	0	0	0	0.0950569020407735	1.00162830302128	0	0	0	0	0	0
1	0	0	0	0.103539385102472	0.97104840429098	0	0	0	0	0	0
1	0	0	0	0.154692305159286	0.817497537318531	0	0	0	0	0	0
1	0	0	0	0.20908677708535	0.656375516768729	0	0	0	0	0	0
1	0	0	0	0.242277681283015	0.559878637865483	0	0	0	0	0	0
1	0	0	0	0.256604548337033	0.519716188129632	0	0	0	0	0	0
0.913433919006364	0	0	0	0.238561012877654	0.463840415330119	0	0	0	0	0	0
0.538545682534674	0	0	0	0.144266009252417	0.262654968150754	0	0	0	0	0	0
0.153622300789213	0	0	0	0.0458765449031695	0.0602489410866617	0	0	0	0	0	0
-0.0624950148573446	0	0	0	-0.0106186390346311	-0.0496009472344498	0	0	0	0	0	0
-0.139364580112429	0	0	0	-0.0318160458052262	-0.0852612343720844	0	0	0	0	0	0
-0.14098475731043	0	0	0	-0.0335301066960048	-0.0820712523793242	0	0	0	0	0	0
-0.110376945576385	0	0	0	-0.0266732214169526	-0.0629488179123414	0	0	0	0	0	0
-0.0730708674433861	0	0	0	-0.0177953385997396	-0.0412487371103259	0	0	0	0	0	0
-0.042233495844513	0	0	0	-0.0103304316426215	-0.0237017210316938	0	0	0	0	0	0
-0.0217173624923926	0	0	0	-0.00532840722225707	-0.0121376565493593	0	0	0	0	0	0
-0.0100731987433314	0	0	0	-0.00247937141636306	-0.00560546986623746	0	0	0	0	0	0
-0.00425256727150553	0	0	0	-0.00104670760577537	-0.00236644171349768	0	0	0	0	0	0
-0.00163402477331933	0	0	0	-0.000402191440854785	-0.000909291761327621	0	0	0	0	0	0
-0.000556701029233766	0	0	0	-0.000137023864465679	-0.000309789464437909	0	0	0	0	0	0
-0.000146257506876445	0	0	0	-3.59991588787072e-05	-8.13884515134455e-05	0	0	0	0	0	0
0	0	0	0	0	0	0	0	0	0	0	0
0	0	0	0	0	0	0	0	0	0	0	0
0	0	0	0	0	0	0	0	0	0	0	0
0	0	0	0	0	0	0	0	0	0	0	0
0	0	0	0	0	0	0	0	0	0.0865660809936357	0.00573598517596729	0.00631629665416278
0	0	0	0	0	0	0	0	0	0.461454317465326	0.0305765848931271	0.0336700278908259
0	0	0	0	0	0	0	0	0	0.846377699210787	0.0560821268586631	0.061755973798515
0	0	0	0	0	0	0.0865660809936357	0	0	0.975928933863709	0.0870526801745391	0.0819049387712808
0	0	0	0	0	0	0.461454317465326	0	0	0.677910262647104	0.164253068540226	0.106481839226888
0	0	0	0	0	0	0.846377699210787	0	0	0.294607058099643	0.238397515093547	0.126075911170185
0	0	0	0	0	0	1.06249501485734	0	0	0.0478819307190409	0.277937925868891	0.134777435838817
0	0	0	0	0	0	1.13936458011243	0	0	-0.0662937126690434	0.283252621121637	0.151564972499701
0	0	0	0	0	0	1.14098475731043	0	0	-0.0987512614659173	0.251212233826929	0.217042793700755
0	0	0	0	0	0	1.11037694557639	0	0	-0.0886595830839929	0.212845622487975	0.283453844272044
0	0	0	0	0	0	1.07307086744339	0	0	-0.0629976687000547	0.187426028618765	0.319713483415657
0	0	0	0	0	0	1.04223349584451	0	0	-0.0379809285730075	0.174894316862293	0.331599073500452
0	0	0	0	0	0	0.935151281498757	0.0865660809936357	0	-0.0200833377190732	0.179726221671796	0.316450104506312
0	0	0	0	0	0	0.548618881278006	0.461454317465326	0	-0.00951649771409765	0.219223041871693	0.248711146850625
0	0	0	0	0	0	0.157874868060718	0.846377699210787	0	-0.00410630976462909	0.261478587752934	0.178459299909113
0	0	0	0	0	0	-0.0608609900840253	1.06249501485734	0	-0.00163402477331933	0.286133408796403	0.137270143416539
0	0	0	0	0	0	-0.138807879083196	1.13936458011243	0	-0.000556701029233766	0.29565003007613	0.120893387880401
0	0	0	0	0	0	-0.0542724188099182	1.14098475731043	0	-0.000146257506876445	0.296767365472093	0.125450306387275
0	0	0	0	0	0	0.35107737188894	1.02381086458275	0	0	0.294366084304555	0.159493245021156
0	0	0	0	0	0	0.773306831767401	0.61161654997806	0	0	0.291041112888818	0.196026155163623
0	0	0	0	0	0	1.02026151901283	0.195855796633726	0	0	0.288104691843465	0.218232636582824
0	0	0	0	0	0	1.11764721762004	-0.0407776523649521	0	0	0.286060704153162	0.227693746119062
0	0	0	0	0	0	1.1309115585671	-0.129291381369098	0	0	0.284852410639208	0.229709044507693
0	0	0	0	0	0	1.10612437830488	-0.136732190038925	0	0	0.284211693088184	0.22820914123843
0	0	0	0	0	0	1.07143684267007	-0.108742920803066	0	0	0.283900370238834	0.225646156522585
0	0	0	0	0	0	1.04167679481528	-0.0725141664141523	0	0	0.283757095915877	0.223349092082665
0	0	0	0	0	0	1.02157110498552	-0.0420872383376366	0	0	0.279696717574915	0.229027149415962
0	0	0	0	0	0	1.01007319874333	-0.0217173624923926	0	0	0.262359462189004	0.259542802303027
0	0	0	0	0	0	1.00425256727151	-0.0100731987433314	0	0	0.244579889596832	0.291342854721766
0	0	0	0	0	0	1.00163402477332	-0.00425256727150553	0	0	0.234598089283468	0.309249271153908
0	0	0	0	0	0	1.00055670102923	-0.00163402477331933	0	0	0.231047575152947	0.315606595966484
0	0	0	0	0	0	1.00014625750688	-0.000556701029233766	0	0	0.230972360844731	0.315709482789669
0	0	0	0	0	0	1	-0.000146257506876445	0	0	0.232385535291419	0.313131984874369
0	0	0	0	0	0	1	0	0	0	0.234108146095031	0.310004724202259
0	0	0	0	0	0	1	0	0	0	0.235532063915656	0.30741971649685
0	0	0	0	0	0	1	0	0	0	0.236479397828236	0.305699908353332
0	0	0	0	0	0	1	0	0	0	0.237017067915176	0.304723811771369
0	0	0	0	0	0	1	0	0	0	0.237285835986198	0.304235885063453
0	0	0	0	0	0	1	0	0	0	0.237406747371764	0.304016380216451
0	0	0	0	0	0	1	0	0	0	0.231609500510948	0.356875137530901
0	0	0	0	0	0	1	0	0	0	0.206307118711858	0.586145117448644
0	0	0	0	0	0	1	0	0	0	0.18031472738393	0.821575346899353
0	0	0	0	0	0	1	0	0	0	0.165717366856764	0.953765806862657
0	0	0	0	0	0	1	0	0	0	0.16052531292884	1.00078389589383
0	0	0	0	0	0	1	0	0	0	0.160415880185765	1.00177489454836
0	0	0	0	0	0	1	0	0	0	0.16144615232266	0.951970329539742
0	0	0	0	0	0	1	0	0	0	0.159474648410441	0.794541901366692
0	0	0	0	0	0	1	0	0	0	0.156945999603742	0.637466843060776
0	0	0	0	0	0	1	0	0	0	0.155742572833888	0.547317465851169
0	0	0	0	0	0	0.913433919006364	0	0	0	0.141934319417691	0.464422166516713
0	0	0	0	0	0	0.538545682534674	0	0	0	0.0830914014862983	0.251664731516575
0	0	0	0	0	0	0.153622300789213	0	0	0	0.0228331723493529	0.0468535820803591
0	0	0	0	0	0	-0.0624950148573446	0	0	0	-0.0107846138520548	-0.0606736111018498
0	0	0	0	0	0	-0.139364580112429	0	0	0	-0.0225296231182653	-0.0926278884248924
0	0	0	0	0	0	-0.14098475731043	0	0	0	-0.0225298739967139	-0.0862522802855751
0	0	0	0	0	0	-0.110376945576385	0	0	0	-0.0175556192842909	-0.0650388110745956
0	0	0	0	0	0	-0.0730708674433861	0	0	0	-0.0115930867446658	-0.0421889677266725
0	0	0	0	0	0	-0.042233495844513	0	0	0	-0.00669070132245683	-0.0240885517852936
0	0	0	0	0	0	-0.0217173624923926	0	0	0	-0.00343710400883992	-0.0122850330254978
0	0	0	0	0	0	-0.0100731987433314	0	0	0	-0.00159289611560066	-0.00565798602204971
0	0	0	0	0	0	-0.00425256727150553	0	0	0	-0.000671727684593605	-0.00236644171349768
0	0	0	0	0	0	-0.00163402477331933	0	0	0	-0.000258107540098195	-0.000909291761327621
0	0	0	0	0	0	-0.000556701029233766	0	0	0	-8.79354680368607e-05	-0.000309789464437909
0	0	0	0	0	0	-0.000146257506876445	0	0	0	-2.31025660915097e-05	-8.13884515134455e-05
0	0	0	0	0	0	0	0	0	0	0	0
0	0	0	0	0	0	0	0	0	0	0	0
0	0	0	0	0	0	0	0	0	0	0	0
0	0	0	0	0	0	0	0	0	0	0	0
0	0	0	0	0	0	0	0	0	0	0	0
0	0	0	0	0	0	0	0	0	0	0	0
0	0	0	0	0	0	0	0	0	0	0	0
0	0	0	0	0	0	0	0	0	0	0	0
0	0	0	0	0	0	0	0	0	0	0	0
0	0	0	0	0	0	0	0	0	0	0	0
0	0	0	0	0	0	0	0	0	0	0	0
0	0	0	0	0	0	0	0	0	0	0	0
0	0	0	0	0	0	0	0	0	0	0	0
0	0	0	0	0	0	0	0	0	0	0	0
0	0	0	0	0	0	0	0	0	0	0	0
0	0	0	0	0	0	0	0	0	0	0	0
0	0	0	0	0	0	0	0	0	0	0	0
0	0	0	0	0	0	0	0	0	0	0	0
0	0	0	0	0	0	0	0	0	0	0	0
0	0	0	0	0	0	0	0	0	0	0	0
0	0	0	0	0	0	0	0	0	0	0	0
0	0	0	0	0	0	0	0	0	0	0	0
0	0	0	0	0	0	0	0	0	0	0	0
0	0	0	0	0	0	0	0	0	0	0	0
0	0	0	0	0	0	0	0	0	0	0	0
0	0	0	0	0	0	0	0	0	0	0	0
0	0	0	0	0	0	0	0	0	0	0	0
0.0865660809936357	0	0	0	0.00889441021597549	0.00966213442983714	0	0	0	0	0	0
0.461454317465326	0	0	0	0.0474130739009815	0.0515055504119046	0	0	0	0	0	0
0.846377699210787	0	0	0	0.0869628192477342	0.094469046239856	0	0	0	0	0	0
1.06249501485734	0	0	0	0.109168237791254	0.118591133464136	0	0	0	0	0	0
1.13936458011243	0	0	0	0.133264341017568	0.130744717853844	0	0	0	0	0	0
1.14098475731043	0	0	0	0.203578754739824	0.146402178347232	0	0	0	0	0	0
1.11037694557639	0	0	0	0.272459583214299	0.158876772940276	0	0	0	0	0	0
1.07307086744339	0	0	0	0.29931749806413	0.156467834255474	0	0	0	0	0	0
1.04223349584451	0	0	0	0.268316470533545	0.125161359838108	0	0	0	0	0	0
1.02171736249239	0	0	0	0.223165425459557	0.0910695190442792	0	0	0	0	0	0
1.01007319874333	0	0	0	0.191904802957397	0.0706133433799161	0	0	0	0	0	0
1.00425256727151	0	0	0	0.175669866046066	0.0620593209727917	0	0	0	0	0	0
1.00163402477332	0.0865660809936357	0	0	0.162234434984061	0.05941720220464	0	0	0	0	0	0
0.913990620035598	0.461454317465326	0	0	0.130491319499244	0.0569018241701019	0	0	0	0	0	0
0.538691940041551	0.846377699210787	0	0	0.100394861412303	0.0552724360760256	0	0	0	0	0	0
0.153622300789213	1.06249501485734	0	0	0.0847537654955214	0.0552155632914049	0	0	0	0	0	0
-0.0624950148573446	1.13936458011243	0	0	0.0801684058403217	0.0559689918329289	0	0	0	0	0	0
-0.139364580112429	1.14098475731043	0	0	0.081143057086671	0.0568709243045922	0	0	0	0	0	0
-0.0544186763167947	1.02381086458275	0	0	0.101569476394822	0.0643986812721559	0	0	0	0	0	0
0.35107737188894	0.61161654997806	0	0	0.179853820130627	0.0941588477428605	0	0	0	0	0	0
0.773306831767401	0.195855796633726	0	0	0.259458088793477	0.124507126331312	0	0	0	0	0	0
1.02026151901283	-0.0407776523649521	0	0	0.304397298571529	0.141565105524965	0	0	0	0	0	0
1.0310811366264	-0.129291381369098	0.0865660809936357	0	0.309075701129955	0.141268657473189	0	0	0	0	0	0
0.669457241101773	-0.136732190038925	0.461454317465326	0	0.259354165376733	0.113693859762892	0	0	0	0	0	0
0.259746679094093	-0.108742920803066	0.846377699210787	0	0.201573564739496	0.0828356443339906	0	0	0	0	0	0
0.00894182781272214	-0.0725141664141523	1.06249501485734	0	0.165079099702581	0.0639416697895962	0	0	0	0	0	0
-0.0111217043035145	-0.0420872383376366	1.13936458011243	0	0.155606167399975	0.0556114591779745	0	0	0	0	0	0
0.342040665140412	-0.0217173624923926	1.05441867631679	0	0.181683096314523	0.0528393507926873	0	0	0	0	0	0
0.746073952377733	-0.0100731987433314	0.64892262811106	0	0.214677810688014	0.0531137955168845	0	0	0	0	0	0
0.993676714685464	-0.00425256727150553	0.226693168232599	0	0.236058231988552	0.0548137939000637	0	0	0	0	0	0
1.09876510904124	-0.00163402477331933	-0.0202615190128316	0	0.245921344241839	0.0566769331299548	0	0	0	0	0	0
1.11982409584727	-0.000556701029233766	-0.117647217620037	0	0.248602707631696	0.0581080275976809	0	0	0	0	0	0
1.10045000433993	-0.000146257506876445	-0.130911558567099	0	0.250999726062608	0.0605331288391252	0	0	0	0	0	0
1.06881830017188	0	-0.10612437830488	0	0.263413100249103	0.0675896869025328	0	0	0	0	0	0
1.04059947107119	0	-0.0714368426700668	0	0.276341347693909	0.0745770360979911	0	0	0	0	0	0
1.02116066146316	0	-0.0416767948152793	0	0.28328749801306	0.0784800697155959	0	0	0	0	0	0
0.923360860242819	0	-0.0215711049855161	0	0.261244162703108	0.0731742777314224	0	0	0	0	0	0
0.54279824980618	0	-0.0100731987433314	0	0.156203665422963	0.0441782559726226	0	0	0	0	0	0
0.155256325562532	0	-0.00425256727150553	0	0.0473394814367276	0.0138232049471108	0	0	0	0	0	0
-0.0619383138281109	0	-0.00163402477331933	0	-0.0145390549608391	-0.00357147301595173	0	0	0	0	0	0
-0.139218322605553	0	-0.000556701029233766	0	-0.0372385068327639	-0.0100644937138372	0	0	0	0	0	0
-0.14098475731043	0	-0.000146257506876445	0	-0.0385061001027631	-0.010547076514819	0	0	0	0	0	0
-0.110376945576385	0	0	0	-0.0304177883361322	-0.00837803068025263	0	0	0	0	0	0
-0.0730708674433861	0	0	0	-0.0202315588721152	-0.00558845016555138	0	0	0	0	0	0
-0.042233495844513	0	0	0	-0.0117257000648116	-0.00324436604657199	0	0	0	0	0	0
-0.0217173624923926	0	0	0	-0.0060407089993702	-0.00167326221186856	0	0	0	0	0	0
-0.0100731987433314	0	0	0	-0.0028062561864277	-0.000778062457378997	0	0	0	0	0	0
-0.00425256727150553	0	0	0	-0.00118712549025095	-0.00032954767312792	0	0	0	0	0	0
-0.00163402477331933	0	0	0	-0.000456146213866282	-0.000126626817990376	0	0	0	0	0	0
-0.000556701029233766	0	0	0	-0.000155405885447258	-4.31408881033306e-05	0	0	0	0	0	0
-0.000146257506876445	0	0	0	-4.08285168625006e-05	-1.13340525831492e-05	0	0	0	0	0	0
0	0	0	0	0	0	0	0	0	0	0	0
0	0	0	0	0	0	0	0	0	0	0	0
0	0	0	0	0	0	0	0	0	0	0	0
0	0	0	0	0	0	0.0865660809936357	0	0	0	0.00798534655089735	0.00966213442983714
0	0	0	0	0	0	0.461454317465326	0	0	0	0.0425671648764987	0.0515055504119046
0	0	0	0	0	0	0.846377699210787	0	0	0	0.0780746819489979	0.094469046239856
0	0	0	0	0	0	1.06249501485734	0	0	0	0.114258813280794	0.122164866894524
0	0	0	0	0	0	1.13936458011243	0	0	0	0.191715312146702	0.146221341121986
0	0	0	0	0	0	1.14098475731043	0	0	0	0.264113952898783	0.162293085521173
0	0	0	0	0	0	1.11037694557639	0	0	0	0.301855211332358	0.167798808764776
0	0	0	0	0	0	1.07307086744339	0	0	0	0.300651696953956	0.159641263524516
0	0	0	0	0	0	1.04223349584451	0	0	0	0.245318620420911	0.125228246098283
0	0	0	0	0	0	1.02171736249239	0	0	0	0.183475347326286	0.0898059275917215
0	0	0	0	0	0	1.01007319874333	0	0	0	0.144964859047611	0.0690732253908579
0	0	0	0	0	0	1.00425256727151	0.0865660809936357	0	0	0.128555767781053	0.0598436113487386
0	0	0	0	0	0	0.915067943779684	0.461454317465326	0	0	0.1274437057356	0.0544879703692138
0	0	0	0	0	0	0.539102383563908	0.846377699210787	0	0	0.132763361765499	0.0522295811332576
0	0	0	0	0	0	0.153768558296089	1.06249501485734	0	0	0.138736138838671	0.0526787820170256
0	0	0	0	0	0	-0.0624950148573446	1.13936458011243	0	0	0.143231624402032	0.0542704079852411
0	0	0	0	0	0	-0.139364580112429	1.14098475731043	0	0	0.145932405507307	0.0559068738120103
0	0	0	0	0	0	-0.14098475731043	1.11037694557639	0	0	0.147233166103701	0.0571872764809548
0	0	0	0	0	0	-0.110376945576385	1.07307086744339	0	0	0.14770610450431	0.0580693795036797
0	0	0	0	0	0	-0.0730708674433861	1.04223349584451	0	0	0.147810932325284	0.0586219718008821
0	0	0	0	0	0	0.0443325851491226	0.935151281498757	0	0	0.153844837024303	0.0656640715101943
0	0	0	0	0	0	0.439736954972933	0.548618881278006	0	0	0.180037166103764	0.0949680222952914
0	0	0	0	0	0	0.836304500467456	0.157874868060718	0	0	0.206944378783033	0.124966801530408
0	0	0	0	0	0	1.05824244758584	-0.0608609900840253	0	0	0.222045573626806	0.141795907392862
0	0	0	0	0	0	1.13773055533911	-0.138807879083196	0	0	0.227415584478154	0.147783347675823
0	0	0	0	0	0	1.1404280562812	-0.140838499803554	0	0	0.227525449576479	0.147913766919576
0	0	0	0	0	0	1.11023068806951	-0.110376945576385	0	0	0.225382303415313	0.145535960428267
0	0	0	0	0	0	1.07307086744339	-0.0730708674433861	0	0	0.222771673120541	0.142635849483909
0	0	0	0	0	0	1.04223349584451	-0.042233495844513	0	0	0.220613714403461	0.140238604762813
0	0	0	0	0	0	1.02171736249239	-0.0217173624923926	0	0	0.21917802236771	0.13864371551559
0	0	0	0	0	0	1.01007319874333	-0.0100731987433314	0	0	0.218363179099216	0.137738518067438
0	0	0	0	0	0	0.91768648627787	-0.00425256727150553	0.0865660809936357	0	0.213562004320296	0.130874969578594
0	0	0	0	0	0	0.540179707307993	-0.00163402477331933	0.461454317465326	0	0.19435047302894	0.102907278610777
0	0	0	0	0	0	0.154179001818447	-0.000556701029233766	0.846377699210787	0	0.174737438004332	0.0743161989893178
0	0	0	0	0	0	-0.0623487573504682	-0.000146257506876445	1.06249501485734	0	0.163739199012726	0.0582786969431842
0	0	0	0	0	0	-0.139364580112429	0	1.13936458011243	0	0.159827277760081	0.0525743861710615
0	0	0	0	0	0	-0.14098475731043	0	1.14098475731043	0	0.159745042050431	0.0524543962490836
0	0	0	0	0	0	-0.0238108645827498	0	1.02381086458275	0	0.16829566829374	0.0544767088478426
0	0	0	0	0	0	0.38838345002194	0	0.61161654997806	0	0.200491100434664	0.0561807659007769
0	0	0	0	0	0	0.804144203366274	0	0.195855796633726	0	0.23316933070269	0.057377409219855
0	0	0	0	0	0	1.04077765236495	0	-0.0407776523649521	0	0.251679241032487	0.0582864344235503
0	0	0	0	0	0	1.1292913813691	0	-0.129291381369098	0	0.258483564354969	0.0589316904659042
0	0	0	0	0	0	1.13673219003892	0	-0.136732190038925	0	0.255489189944626	0.0608663858704677
0	0	0	0	0	0	1.10874292080307	0	-0.108742920803066	0	0.238333902916398	0.067678249466385
0	0	0	0	0	0	1.07251416641415	0	-0.0725141664141523	0	0.22016242125678	0.0745697263820221
0	0	0	0	0	0	1.04208723833764	0	-0.0420872383376366	0	0.20915054107361	0.0784525219772446
0	0	0	0	0	0	1.02171736249239	0	-0.0217173624923926	0	0.204462063483063	0.0798605582420203
0	0	0	0	0	0	0.923507117749696	0	-0.0100731987433314	0	0.185432596589335	0.0732133370504337
0	0	0	0	0	0	0.54279824980618	0	-0.00425256727150553	0	0.108114707982786	0.0436449916173934
0	0	0	0	0	0	0.155256325562532	0	-0.00163402477331933	0	0.0292308758947383	0.013173240099098
0	0	0	0	0	0	-0.0619383138281109	0	-0.000556701029233766	0	-0.0146362408223939	-0.00410873687609054
0	0	0	0	0	0	-0.139218322605553	0	-0.000146257506876445	0	-0.0298640023970877	-0.0104219358831395
0	0	0	0	0	0	-0.14098475731043	0	0	0	-0.0297530333372559	-0.0107499468646428
0	0	0	0	0	0	-0.110376945576385	0	0	0	-0.0231500534913634	-0.00847944058553499
0	0	0	0	0	0	-0.0730708674433861	0	0	0	-0.0152789365723922	-0.00563407170129097
0	0	0	0	0	0	-0.042233495844513	0	0	0	-0.008815597145016	-0.0032631357108902
0	0	0	0	0	0	-0.0217173624923926	0	0	0	-0.00452763501241293	-0.00168041316085536
0	0	0	0	0	0	-0.0100731987433314	0	0	0	-0.00209737939979749	-0.000780610627623234
0	0	0	0	0	0	-0.00425256727150553	0	0	0	-0.000885443364990033	-0.00032954767312792
0	0	0	0	0	0	-0.00163402477331933	0	0	0	-0.000340226574064923	-0.000126626817990376
0	0	0	0	0	0	-0.000556701029233766	0	0	0	-0.000115912859491027	-4.31408881033306e-05
0	0	0	0	0	0	-0.000146257506876445	0	0	0	-3.04528372570305e-05	-1.13340525831492e-05
0	0	0	0	0	0	0	0	0	0	0	0
0	0	0	0	0	0	0	0	0	0	0	0
0	0	0	0	0	0	0	0	0	0	0	0
0	0	0	0	0	0	0	0	0	0	0	0
0	0	0	0	0	0	0	0	0	0	0	0
0	0	0	0	0	0	0	0	0	0	0	0
0	0	0	0	0	0	0	0	0	0	0	0
0	0	0	0	0	0	0	0	0	0	0	0
0	0	0	0	0	0	0	0	0	0	0	0
0	0	0	0	0	0	0	0	0	0	0	0
0	0	0	0	0	0	0	0	0	0	0	0
0	0	0	0	0	0	0	0	0	0	0	0
0	0	0	0	0	0	0	0	0	0	0	0
0	0	0	0	0	0	0	0	0	0	0	0
0	0	0	0	0	0	0	0	0	0	0	0
0	0	0	0	0	0	0	0	0	0	0	0
0	0	0	0	0	0	0	0	0	0	0	0
0	0	0	0	0	0	0	0	0	0	0	0
0	0	0	0	0	0	0	0	0	0	0	0
0	0	0	0	0	0	0	0	0	0	0	0
0	0	0	0	0	0	0	0	0	0	0	0
0.0865660809936357	0	0	0	0.0127316785452749	0.00263727588814205	0	0	0	0	0	0
0.461454317465326	0	0	0	0.0678682454589771	0.0140584202375966	0	0	0	0	0	0
0.846377699210787	0	0	0	0.124480728139158	0.0257852899515442	0	0	0	0	0	0
1.06249501485734	0	0	0	0.156266112891437	0.0323694044109542	0	0	0	0	0	0
1.05279849911879	0	0.0865660809936357	0	0.164725713883563	0.0469403012198523	0	0	0	0	0	0
0.679530439845104	0	0.461454317465326	0	0.152639092381917	0.0999494268407391	0	0	0	0	0	0
0.263999246365598	0	0.846377699210787	0	0.135482632109541	0.153394358170092	0	0	0	0	0	0
0.0105758525860415	0	1.06249501485734	0	0.122890732007599	0.182788303688583	0	0	0	0	0	0
-0.0971310842679164	0	1.13936458011243	0	0.11582815466725	0.19270804980833	0	0	0	0	0	0
-0.119267394818038	0	1.14098475731043	0	0.14040203870767	0.186261659366728	0	0	0	0	0	0
-0.100303746833054	0	1.11037694557639	0	0.259414897533003	0.155381491151995	0	0	0	0	0	0
-0.0688183001718806	0	1.07307086744339	0	0.382709150162815	0.12303111616471	0	0	0	0	0	0
-0.0405994710711937	0	1.04223349584451	0	0.452354098729859	0.103490231668193	0	0	0	0	0	0
-0.0211606614631588	0	1.02171736249239	0	0.451292399492511	0.0959468631503047	0	0	0	0	0	0
-0.00992694123645497	0	1.01007319874333	0	0.338990505260951	0.0974686032019434	0	0	0	0	0	0
0.0823135137221301	0	0.91768648627787	0	0.23578610708532	0.105224251417531	0	0	0	0	0	0
0.459820292692007	0	0.540179707307993	0	0.256479763271052	0.122622755907699	0	0	0	0	0	0
0.845820998181553	0	0.154179001818447	0	0.323830143630163	0.138918972760588	0	0	0	0	0	0
1.06234875735047	0	-0.0623487573504682	0	0.373151755705552	0.147955042984952	0	0	0	0	0	0
1.13936458011243	0	-0.139364580112429	0	0.398717925530952	0.151198933525459	0	0	0	0	0	0
1.05441867631679	0	-0.0544186763167947	0	0.385695440575301	0.173359324985698	0	0	0	0	0	0
0.64892262811106	0	0.35107737188894	0	0.28725098272734	0.267566654830166	0	0	0	0	0	0
0.226693168232599	0	0.773306831767401	0	0.181788972010656	0.364073050315334	0	0	0	0	0	0
-0.0202615190128316	0	1.02026151901283	0	0.120097569192749	0.417892446280549	0	0	0	0	0	0
-0.117647217620037	0	1.11764721762004	0	0.0961721180773847	0.436682654942964	0	0	0	0	0	0
-0.130911558567099	0	1.1309115585671	0	0.0934988124710048	0.436659904906344	0	0	0	0	0	0
-0.10612437830488	0	1.10612437830488	0	0.1003838481015	0.428657365044697	0	0	0	0	0	0
-0.0714368426700668	0	1.07143684267007	0	0.109670207458888	0.419069813347657	0	0	0	0	0	0
0.0448892861783564	0	0.955110713821644	0	0.131148015324388	0.381626108784144	0	0	0	0	0	0
0.43988321247981	0	0.56011678752019	0	0.195250284987547	0.248383048214213	0	0	0	0	0	0
0.836304500467456	0	0.163695499532544	0	0.258653933414176	0.11397992699452	0	0	0	0	0	0
1.05824244758584	0	-0.0582424475858391	0	0.294084433818098	0.0387039016006068	0	0	0	0	0	0
1.05116447434547	0	-0.13773055533911	0.0865660809936357	0.295392275043736	0.0194169363447942	0	0	0	0	0	0
0.678973738815871	0	-0.140428056281197	0.461454317465326	0.246392623837813	0.0516196749650804	0	0	0	0	0	0
0.263852988858722	0	-0.110230688069509	0.846377699210787	0.190836502484043	0.0958807699254631	0	0	0	0	0	0
0.0105758525860415	0	-0.0730708674433861	0.975928933863709	0.143198821394626	0.114892278901653	0	0	0	0	0	0
-0.0971310842679164	0	-0.042233495844513	0.677910262647104	0.0707478129521647	0.0770606658221959	0	0	0	0	0	0
-0.119267394818038	0	-0.0217173624923926	0.294607058099643	0.00832100746781735	0.0275989755381497	0	0	0	0	0	0
-0.100303746833054	0	-0.0100731987433314	0.0478819307190409	-0.0225837608522527	-0.00290567435624066	0	0	0	0	0	0
-0.0688183001718806	0	-0.00425256727150553	-0.0662937126690434	-0.030348349827188	-0.0155101140575883	0	0	0	0	0	0
-0.0405994710711937	0	-0.00163402477331933	-0.0987512614659173	-0.0269324631844038	-0.0175712354003957	0	0	0	0	0	0
-0.0211606614631588	0	-0.000556701029233766	-0.0886595830839929	-0.0196993120208967	-0.0145095514254023	0	0	0	0	0	0
-0.00992694123645497	0	-0.000146257506876445	-0.0629976687000547	-0.0125073149729645	-0.0099088026761778	0	0	0	0	0	0
-0.00425256727150553	0	0	-0.0379809285730075	-0.00703483461142423	-0.00583651084444534	0	0	0	0	0	0
-0.00163402477331933	0	0	-0.0200833377190732	-0.00354442269583078	-0.00304995766788009	0	0	0	0	0	0
-0.000556701029233766	0	0	-0.00951649771409765	-0.00161742697538057	-0.00143239471079321	0	0	0	0	0	0
-0.000146257506876445	0	0	-0.00410630976462909	-0.000671094295231108	-0.000612529682952683	0	0	0	0	0	0
0	0	0	-0.00163402477331933	-0.00025043802977589	-0.000240312502345449	0	0	0	0	0	0
0	0	0	-0.000556701029233766	-8.5322518490525e-05	-8.18728207661689e-05	0	0	0	0	0	0
0	0	0	-0.000146257506876445	-2.24160872345063e-05	-2.15097763743735e-05	0	0	0	0	0	0
0	0	0	0	0	0	0	0	0	0	0	0
0	0	0	0	0	0	0	0	0	0	0	0
0	0	0	0	0	0	0	0	0	0	0	0
0	0	0	0	0	0	0.0865660809936357	0	0	0	0.0104155151469997	0.00263727588814205
0	0	0	0	0	0	0.461454317465326	0	0	0	0.0555215666233275	0.0140584202375966
0	0	0	0	0	0	0.846377699210787	0	0	0	0.101835033364405	0.0257852899515442
0	0	0	0	0	0	1.06249501485734	0	0	0	0.127837979885816	0.0323694044109542
0	0	0	0	0	0	1.13936458011243	0	0	0	0.137086823221077	0.0347112714407681
0	0	0	0	0	0	1.14098475731043	0	0.0865660809936357	0	0.133198409805742	0.0469896606711497
0	0	0	0	0	0	1.02381086458275	0	0.461454317465326	0	0.111832115414873	0.0990169456316045
0	0	0	0	0	0	0.61161654997806	0	0.846377699210787	0	0.0891865334086504	0.152257811162165
0	0	0	0	0	0	0.195855796633726	0	1.06249501485734	0	0.0752818960767236	0.181848828831481
0	0	0	0	0	0	-0.0407776523649521	0	1.13936458011243	0	0.0691874592548217	0.192083016271102
0	0	0	0	0	0	-0.129291381369098	0	1.14098475731043	0	0.0677100247381207	0.191957150840136
0	0	0	0	0	0	-0.136732190038925	0	1.11037694557639	0	0.0684534748485499	0.187455913776727
0	0	0	0	0	0	-0.108742920803066	0	1.07307086744339	0	0.0940802010592903	0.176055741832094
0	0	0	0	0	0	-0.0725141664141523	0	1.04223349584451	0	0.200129397724233	0.145465067812411
0	0	0	0	0	0	-0.0420872383376366	0	1.02171736249239	0	0.308575272173171	0.115651401088033
0	0	0	0	0	0	-0.0217173624923926	0	1.01007319874333	0	0.36947883365095	0.0988972247938372
0	0	0	0	0	0	-0.0100731987433314	0	1.00425256727151	0	0.391226739869766	0.0927024230181843
0	0	0	0	0	0	-0.00425256727150553	0	1.00163402477332	0	0.363778450222548	0.0929795304348473
0	0	0	0	0	0	-0.00163402477331933	0	1.00055670102923	0	0.233914902955079	0.0982589963735303
0	0	0	0	0	0	-0.000556701029233766	0	1.00014625750688	0	0.0989000330133939	0.104188956351994
0	0	0	0	0	0	-0.000146257506876445	0	1	0	0.0203280154793434	0.108221601743017
0	0	0	0	0	0	0.0865660809936357	0	0.913433919006364	0	0.023774603853613	0.113393190936182
0	0	0	0	0	0	0.461454317465326	0	0.538545682534674	0	0.16751272398981	0.127484254901361
0	0	0	0	0	0	0.846377699210787	0	0.153622300789213	0	0.327259683124425	0.14124029212695
0	0	0	0	0	0	1.06249501485734	0	-0.0624950148573446	0	0.423645815649645	0.148741587641565
0	0	0	0	0	0	1.13936458011243	0	-0.139364580112429	0	0.463575512816721	0.151265590940355
0	0	0	0	0	0	1.14098475731043	0	-0.14098475731043	0	0.470740156365912	0.151171415457173
0	0	0	0	0	0	1.11037694557639	0	-0.110376945576385	0	0.462424994589788	0.149996513202922
0	0	0	0	0	0	1.07307086744339	0	-0.0730708674433861	0	0.449629700984767	0.148625558536921
0	0	0	0	0	0	1.04223349584451	0	-0.042233495844513	0	0.438343163841821	0.147511579529506
0	0	0	0	0	0	1.02171736249239	0	-0.0217173624923926	0	0.430619002777547	0.146776286729278
0	0	0	0	0	0	1.01007319874333	0	-0.0100731987433314	0	0.426169995928446	0.14636072827812
0	0	0	0	0	0	1.00425256727151	0	-0.00425256727150553	0	0.42392697448016	0.146153518215265
0	0	0	0	0	0	1.00163402477332	0	-0.00163402477331933	0	0.422896599817092	0.146060877949474
0	0	0	0	0	0	1.00055670102923	0	-0.000556701029233766	0	0.422472681896877	0.146022763785559
0	0	0	0	0	0	1.00014625750688	0	0.0864198234867592	0	0.413323199853143	0.168032140034872
0	0	0	0	0	0	0.913433919006364	0	0.461454317465326	0	0.374341783765126	0.263404969004689
0	0	0	0	0	0	0.538545682534674	0	0.846377699210787	0	0.334375990549906	0.361336085593272
0	0	0	0	0	0	0.153622300789213	0	1.06249501485734	0	0.311936979679244	0.416320040944132
0	0	0	0	0	0	-0.0624950148573446	0	1.13936458011243	0	0.303955772781399	0.435876978023333
0	0	0	0	0	0	-0.139364580112429	0	1.14098475731043	0	0.303787553156564	0.436289178917319
0	0	0	0	0	0	-0.14098475731043	0	1.11037694557639	0	0.306965498515421	0.428502026144588
0	0	0	0	0	0	-0.110376945576385	0	1.07307086744339	0	0.310838910926933	0.419010719405728
0	0	0	0	0	0	-0.0730708674433861	0	1.04223349584451	0	0.314040691008551	0.411165162662356
0	0	0	0	0	0	-0.042233495844513	0	1.02171736249239	0	0.316170838414532	0.405945506121507
0	0	0	0	0	0	-0.0217173624923926	0	1.01007319874333	0	0.317379827690395	0.402983030959528
0	0	0	0	0	0	-0.0100731987433314	0	1.00425256727151	0	0.317984171736034	0.401502162385887
0	0	0	0	0	0	-0.00425256727150553	0	1.00163402477332	0	0.318256049551128	0.400835960219837
0	0	0	0	0	0	-0.00163402477331933	0	1.00055670102923	0	0.318367905832206	0.400561870564105
0	0	0	0	0	0	-0.000556701029233766	0	1.00014625750688	0	0.318410521328482	0.400457446685622
0	0	0	0	0	0	-0.000146257506876445	0	1	0	0.318425706940874	0.400420236264958
0	0	0	0	0	0	0	0	1	0	0.318425706940874	0.400420236264958
0	0	0	0	0	0	0	0	1	0	0.318425706940874	0.400420236264958
0	0	0	0	0	0	0	0	1	0	0.318425706940874	0.400420236264958
0	0	0	0	0	0	0	0	1	0	0.318425706940874	0.400420236264958
0	0	0	0	0	0	0	0	1	0	0.318425706940874	0.400420236264958
0	0	0	0	0	0	0.0865660809936357	0	1	0	0.315555295863978	0.370861487105363
0	0	0	0	0	0	0.461454317465326	0	0.913433919006364	0	0.303124522352982	0.24285260397752
0	0	0	0	0	0	0.846377699210787	0	0.538545682534674	0	0.290360997355244	0.11141713229995
0	0	0	0	0	0	1.06249501485734	0	0.153622300789213	0	0.283194847177017	0.0376219754796782
0	0	0	0	0	0	1.13936458011243	0	-0.0624950148573446	0	0.280645959101552	0.0113741868388912
0	0	0	0	0	0	1.14098475731043	0	-0.139364580112429	0	0.280592236274756	0.0108209630953638
0	0	0	0	0	0	1.11037694557639	0	-0.14098475731043	0	0.281607148822863	0.0212722694151828
0	0	0	0	0	0	1.07307086744339	0	-0.110376945576385	0	0.282844166586396	0.0340107576660563
0	0	0	0	0	0	1.04223349584451	0	-0.0730708674433861	0	0.283866691020952	0.0445404492192563
0	0	0	0	0	0	1.02171736249239	0	-0.042233495844513	0	0.284546977522929	0.0515458632627166
0	0	0	0	0	0	1.01007319874333	0	-0.0217173624923926	0	0.284933081828713	0.0555218653120303
0	0	0	0	0	0	1.00425256727151	0	-0.0100731987433314	0	0.285126085888265	0.0575093710839365
0	0	0	0	0	0	1.00163402477332	0	-0.00425256727150553	0.0865660809936357	0.265718609992095	0.0660305209845811
0	0	0	0	0	0	0.913990620035598	0	-0.00163402477331933	0.461454317465326	0.181331140027564	0.099428434664832
0	0	0	0	0	0	0.538691940041551	0	-0.000556701029233766	0.846377699210787	0.0946616863803649	0.133482796731858
0	0	0	0	0	0	0.153622300789213	0	-0.000146257506876445	1.06249501485734	0.0459978610642166	0.152574055784408
0	0	0	0	0	0	-0.0624950148573446	0	0	1.13936458011243	0.0286871709026042	0.1593467562644
0	0	0	0	0	0	-0.139364580112429	0	0	1.05441867631679	0.0231221627478925	0.146758417245364
0	0	0	0	0	0	-0.14098475731043	0	0	0.64892262811106	0.00749482250180525	0.0889276681022937
0	0	0	0	0	0	-0.110376945576385	0	0	0.226693168232599	-0.00722692330491683	0.0290309116453689
0	0	0	0	0	0	-0.0730708674433861	0	0	-0.0202615190128316	-0.0132649658123605	-0.00546996599105957
0	0	0	0	0	0	-0.042233495844513	0	0	-0.117647217620037	-0.0132624896621685	-0.0185826099137042
0	0	0	0	0	0	-0.0217173624923926	0	0	-0.130911558567099	-0.0107376012912934	-0.0198468112040249
0	0	0	0	0	0	-0.0100731987433314	0	0	-0.10612437830488	-0.00758816442068829	-0.0158582211580853
0	0	0	0	0	0	-0.00425256727150553	0	0	-0.0714368426700668	-0.00475744931571615	-0.0106024069822889
0	0	0	0	0	0	-0.00163402477331933	0	0	-0.0416767948152793	-0.00266239461883656	-0.00616214030507723
0	0	0	0	0	0	-0.000556701029233766	0	0	-0.0215711049855161	-0.00133753033865132	-0.00318103948219916
0	0	0	0	0	0	-0.000146257506876445	0	0	-0.0100731987433314	-0.000605111808726015	-0.0014814436330213
0	0	0	0	0	0	0	0	0	-0.00425256727150553	-0.000255457947267576	-0.000625415905006073
0	0	0	0	0	0	0	0	0	-0.00163402477331933	-9.81582624626515e-05	-0.000240312502345449
0	0	0	0	0	0	0	0	0	-0.000556701029233766	-3.34418465576576e-05	-8.18728207661689e-05
0	0	0	0	0	0	0	0	0	-0.000146257506876445	-8.78590274855369e-06	-2.15097763743735e-05
0	0	0	0	0	0	0	0	0	0	0	0
0	0	0	0	0	0	0	0	0	0	0	0
0	0	0	0	0	0	0	0	0	0	0	0
0	0	0	0	0	0	0	0	0	0	0	0
0	0	0	0	0	0	0	0	0	0	0	0
0	0	0	0	0	0	0	0	0	0	0	0
0	0	0	0	0	0	0	0	0	0	0	0
0	0	0	0	0	0	0	0	0	0	0	0
0	0	0	0	0	0	0	0	0	0	0	0
0	0	0	0	0	0	0	0	0	0	0	0
0	0	0	0	0	0	0	0	0	0	0	0
0	0	0	0	0	0	0	0	0	0	0	0
0	0	0	0	0	0	0	0	0	0	0	0
0	0	0	0	0	0	0	0	0	0	0	0
0	0	0	0	0	0	0	0	0	0	0	0
0	0	0	0	0	0	0	0	0	0	0	0
0	0	0	0	0	0	0	0	0	0	0	0
0	0	0	0	0	0	0	0	0	0	0	0
0	0	0	0	0	0	0	0	0	0	0	0
0	0	0	0	0	0	0	0	0	0	0	0
