0	0	0	0	0	0	0	0	0	0	0	0
0	0	0	0	0	0	0	0	0	0	0	0
0	0	0	0	0	0	0	0	0	0	0	0
0	0	0	0	0	0	0	0	0	0	0	0
0	0	0	0	0	0	0	0	0	0	0	0
0	0	0	0	0	0	0	0	0	0	0	0
0	0.0865660809936357	0	0	0.00460233788125277	0.00786212394356014	0	0	0	0	0	0
0	0.461454317465326	0	0	0.0245334969697248	0.0419103070921054	0	0	0	0	0	0
0.0865660809936357	0.846377699210787	0	0	0.0539327517777228	0.0744313517997945	0	0	0	0	0	0
0.461454317465326	0.975928933863709	0	0	0.104115346263258	0.0834990652946004	0	0	0	0	0	0
0.846377699210787	0.677910262647104	0	0	0.147930487463231	0.0796373000645218	0	0	0	0	0	0
1.06249501485734	0.294607058099643	0.0865660809936357	0	0.17623834744783	0.0811636208228862	0	0	0	0	0	0
1.05279849911879	0.0478819307190409	0.461454317465326	0	0.208165202794952	0.108556089044236	0	0	0	0	0	0
0.679530439845104	-0.0662937126690434	0.846377699210787	0	0.232655191708625	0.138325597503684	0	0	0	0	0	0
0.350565327359234	-0.0987512614659173	1.06249501485734	0	0.239076052759085	0.179117172946485	0	0	0	0	0	0
0.472030170051367	-0.0886595830839929	1.05279849911879	0	0.224012999770539	0.289251850348252	0	0	0	0	0	0
0.749246614942871	-0.0629976687000547	0.679530439845104	0	0.204535059263476	0.396311466938891	0	0	0	0	0	0
0.943227620039307	-0.0379809285730075	0.263999246365598	0	0.191152726170757	0.453857313863213	0	0	0	0	0	0
0.95249475228574	0.0664827432745624	0.0105758525860415	0	0.181984743104744	0.485993356116029	0	0	0	0	0	0
0.610712139673224	0.451937819751228	-0.0971310842679164	0	0.16995115365583	0.543934490774627	0	0	0	0	0	0
0.223399775294405	0.842271389446158	-0.119267394818038	0	0.172653461981667	0.556653368855521	0	0	0	0	0	0
-0.0105848088771173	1.06086099008403	-0.100303746833054	0	0.222483393692121	0.41222442469195	0	0	0	0	0	0
-0.107058025504371	1.1388078790832	-0.0688183001718806	0	0.277399850003937	0.243285723640792	0	0	0	0	0	0
-0.0369538810959076	1.05427241880992	-0.0405994710711937	0	0.305270451103609	0.153042394652859	0	0	0	0	0	0
0.359516545858952	0.64892262811106	-0.0211606614631588	0	0.299560861930703	0.162832367140517	0	0	0	0	0	0
0.777002698009673	0.226693168232599	-0.00992694123645497	0	0.297987235255793	0.205520407325957	0	0	0	0	0	0
1.02174928627927	-0.0202615190128316	-0.00425256727150553	0	0.351508477604991	0.231745958211121	0	0	0	0	0	0
1.11820391864927	-0.117647217620037	-0.00163402477331933	0	0.412258605709153	0.243273564255936	0	0	0	0	0	0
1.04449173508034	-0.130911558567099	-0.000556701029233766	0	0.409131315983883	0.226935279480973	0	0	0	0	0	0
0.644670060839554	-0.10612437830488	-0.000146257506876445	0	0.257951734328467	0.135456145925466	0	0	0	0	0	0
0.22505914345928	-0.0714368426700668	0	0	0.090366231493579	0.0395462302485967	0	0	0	0	0	0
-0.0208182200420654	-0.0416767948152793	0	0	-0.00883135179500008	-0.0149349359157207	0	0	0	0	0	0
-0.117793475126913	-0.0215711049855161	0	0	-0.0484922244518979	-0.0345614892596468	0	0	0	0	0	0
-0.130911558567099	-0.0100731987433314	0	0	-0.054346210679765	-0.0351457160433781	0	0	0	0	0	0
-0.10612437830488	-0.00425256727150553	0	0	-0.0444585787650006	-0.0275309006560552	0	0	0	0	0	0
-0.0714368426700668	-0.00163402477331933	0	0	-0.030164516255944	-0.018209873557962	0	0	0	0	0	0
-0.0416767948152793	-0.000556701029233766	0	0	-0.0176985090657041	-0.0105289169108265	0	0	0	0	0	0
-0.0215711049855161	-0.000146257506876445	0	0	-0.00919376303439751	-0.00541607748983546	0	0	0	0	0	0
-0.0100731987433314	0	0	0	-0.00429733218933002	-0.00251519260867428	0	0	0	0	0	0
-0.00425256727150553	0	0	0	-0.00183017665751192	-0.00105898913655398	0	0	0	0	0	0
-0.00163402477331933	0	0	0	-0.000713356750393054	-0.000405111838683462	0	0	0	0	0	0
-0.000556701029233766	0	0	0	-0.000243035750521672	-0.000138018823969074	0	0	0	0	0	0
-0.000146257506876445	0	0	0	-6.3850794387914e-05	-3.6260556448979e-05	0	0	0	0	0	0
0	0	0	0	0	0	0	0	0	0	0	0
0	0	0	0	0	0	0	0	0	0	0	0
0	0	0	0	0	0	0	0.0865660809936357	0	0	0.0124630598877362	0.00786212394356014
0	0	0	0	0	0	0	0.461454317465326	0	0	0.0664363308123838	0.0419103070921054
0	0	0	0	0	0	0.0865660809936357	0.759811618217151	0	0	0.125610962171708	0.0744313517997945
0	0	0	0	0	0	0.461454317465326	0.601040697392019	0.0865660809936357	0	0.183442667733759	0.0909662281490137
0	0	0	0	0	0	0.759811618217151	0.292986880901642	0.461454317465326	0	0.256462377362918	0.119442204004196
0	0	0	0	0	0	0.601040697392019	0.0784897424530857	0.846377699210787	0	0.312534108681267	0.146704731460897
0	0	0	0	0	0	0.379552961895278	-0.028987634536044	0.975928933863709	0	0.326563683566645	0.184489535533371
0	0	0	0	0	0	0.539944059918412	-0.0679138898670442	0.677910262647104	0	0.282969852213341	0.29200276643763
0	0	0	0	0	0	0.730823983681108	0.0184226312617632	0.294607058099643	0	0.230476097702921	0.411186892636407
0	0	0	0	0	0	0.533126807524975	0.410100812514332	0.0478819307190409	0	0.20311401667647	0.527955236477545
0	0	0	0	0	0	0.22484343116977	0.814217402109606	-0.0662937126690434	0	0.194394198354088	0.607630636215673
0	0	0	0	0	0	0.0271362375020921	1.04503021963646	-0.0987512614659173	0	0.193864906103549	0.601384831372914
0	0	0	0	0	0	-0.0611479316372256	1.13092540614242	-0.0886595830839929	0	0.197506114073929	0.435810021215361
0	0	0	0	0	0	-0.0853786850879312	1.13728889106816	-0.0629976687000547	0	0.201908595146402	0.252563168410227
0	0	0	0	0	0	0.00998345729175112	1.02232309731631	-0.0379809285730075	0	0.219470612994524	0.154038754074944
0	0	0	0	0	0	0.406404946272061	0.611059848948826	-0.0200833377190732	0	0.283479154898399	0.160170586467169
0	0	0	0	0	0	0.812729634843163	0.195709539126849	-0.00951649771409765	0	0.3328012336124	0.202228963199838
0	0	0	0	0	0	1.04447351860722	-0.0407776523649521	-0.00410630976462909	0	0.302472313421381	0.229199041442688
0	0	0	0	0	0	1.13077914863554	-0.129291381369098	-0.00163402477331933	0	0.247019145953956	0.24170710314383
0	0	0	0	0	0	1.05072281007452	-0.136732190038925	-0.000556701029233766	0	0.19191922079624	0.226116603364511
0	0	0	0	0	0	0.647434860844617	-0.108742920803066	-0.000146257506876445	0	0.099524984628387	0.135077163654059
0	0	0	0	0	0	0.226136467203365	-0.0725141664141523	0	0	0.0174032826174657	0.0393735650795983
0	0	0	0	0	0	-0.020407776519708	-0.0420872383376366	0	0	-0.0247723351361085	-0.0150007186486654
0	0	0	0	0	0	-0.117647217620037	-0.0217173624923926	0	0	-0.0366855715505874	-0.0345849302886604
0	0	0	0	0	0	-0.130911558567099	-0.0100731987433314	0	0	-0.0334840698275774	-0.0351457160433781
0	0	0	0	0	0	-0.10612437830488	-0.00425256727150553	0	0	-0.024810919649184	-0.0275309006560552
0	0	0	0	0	0	-0.0714368426700668	-0.00163402477331933	0	0	-0.0158598819387997	-0.018209873557962
0	0	0	0	0	0	-0.0416767948152793	-0.000556701029233766	0	0	-0.00895327674231972	-0.0105289169108265
0	0	0	0	0	0	-0.0215711049855161	-0.000146257506876445	0	0	-0.00452938364511066	-0.00541607748983546
0	0	0	0	0	0	-0.0100731987433314	0	0	0	-0.00207652637743205	-0.00251519260867428
0	0	0	0	0	0	-0.00425256727150553	0	0	0	-0.000860924727934522	-0.00105898913655398
0	0	0	0	0	0	-0.00163402477331933	0	0	0	-0.000320855655885461	-0.000405111838683462
0	0	0	0	0	0	-0.000556701029233766	0	0	0	-0.000109313320571061	-0.000138018823969074
0	0	0	0	0	0	-0.000146257506876445	0	0	0	-2.87189943893484e-05	-3.6260556448979e-05
0	0	0	0	0	0	0	0	0	0	0	0
0	0	0	0	0	0	0	0	0	0	0	0
0	0	0	0	0	0	0	0	0	0	0	0
0	0	0	0	0	0	0	0	0	0	0	0
0	0	0	0	0	0	0	0	0	0	0	0
0	0	0	0	0	0	0	0	0	0	0	0
0	0	0	0	0	0	0	0	0	0	0	0
0	0	0	0	0	0	0	0	0	0	0	0
0	0	0	0	0	0	0	0	0	0	0	0
0	0	0	0	0	0	0	0	0	0	0	0
0	0	0	0	0	0	0	0	0	0	0	0
0	0	0	0	0	0	0	0	0	0	0	0
0	0	0	0	0	0	0	0	0	0	0	0
0	0	0	0	0	0	0	0	0	0	0	0
0	0	0	0	0	0	0	0	0	0	0	0
0	0	0	0	0	0	0	0	0	0	0	0
0	0	0	0	0	0	0	0	0	0	0	0
0	0	0	0	0	0	0	0	0	0	0	0
0	0	0	0	0	0	0	0	0	0	0	0
0	0	0	0	0	0	0	0	0	0	0	0
0	0	0	0	0	0	0	0	0	0	0	0
0	0	0	0	0	0	0	0	0	0	0	0
0	0	0	0	0	0	0	0	0	0	0	0
0	0	0	0	0	0	0	0	0	0	0	0
0	0	0	0	0	0	0	0	0	0	0	0
0	0	0	0	0	0	0	0	0	0	0	0
0	0	0	0	0	0	0	0	0	0	0	0
0	0	0	0	0	0	0	0	0	0	0	0
0	0	0	0	0	0	0	0	0	0	0	0
0	0	0	0	0	0	0	0	0	0	0	0
0	0	0	0	0	0	0	0	0	0	0	0
0	0	0	0	0	0	0	0	0	0	0	0
0	0.0865660809936357	0	0	0.00682588825002052	0.00942274097382761	0	0	0	0	0	0
0	0.461454317465326	0	0	0.0363864872632894	0.0502294253686944	0	0	0	0	0	0
0	0.846377699210787	0	0	0.0667383751904751	0.0921284379995643	0	0	0	0	0	0
0.0865660809936357	0.975928933863709	0	0	0.110976584786082	0.12052558498227	0	0	0	0	0	0
0.461454317465326	0.677910262647104	0	0	0.234818741107762	0.149994947973024	0	0	0	0	0	0
0.846377699210787	0.294607058099643	0	0	0.355880151356267	0.1718382634939	0	0	0	0	0	0
1.06249501485734	0.0478819307190409	0.0865660809936357	0	0.404522319890943	0.17835401733845	0	0	0	0	0	0
1.05279849911879	-0.0662937126690434	0.461454317465326	0	0.352789037196884	0.168583377382216	0	0	0	0	0	0
0.679530439845104	-0.0121851804722816	0.846377699210787	0	0.26989212375846	0.170261446693178	0	0	0	0	0	0
0.263999246365598	0.372794734381333	0.975928933863709	0	0.190279369699017	0.226557433173461	0	0	0	0	0	0
0.0105758525860415	0.783380030510733	0.764476343640739	0	0.159596487421557	0.304112660811088	0	0	0	0	0	0
-0.0971310842679164	0.937948005290701	0.756061375564969	0	0.237657815184812	0.405486712380565	0	0	0	0	0	0
-0.119267394818038	0.65782692492803	0.894259629929828	0	0.338040357302242	0.485883184508015	0	0	0	0	0	0
-0.100303746833054	0.371656641379181	0.909635221194666	0	0.387639037329328	0.532292743944279	0	0	0	0	0	0
-0.0688183001718806	0.505229938419738	0.579159001181186	0	0.35635700852834	0.575532316043923	0	0	0	0	0	0
-0.0405994710711937	0.778449961768425	0.20594747501565	0	0.306034874606573	0.602154128872134	0	0	0	0	0	0
-0.0211606614631588	0.963187052362193	-0.0151157379810138	0	0.284465838534918	0.598151774546086	0	0	0	0	0	0
0.0766391397571807	1.05055873952156	-0.104274641242051	0	0.281377120945162	0.559479693923785	0	0	0	0	0	0
0.45720175019382	0.99142100761674	-0.118834599184991	0	0.282131079510828	0.449438162547152	0	0	0	0	0	0
0.844743674437468	0.610941699538052	-0.0981760807980906	0	0.283886815696919	0.34167160258796	0	0	0	0	0	0
0.975372232834475	0.206609830513526	-0.0671039784646838	0	0.261056923687267	0.255520173519163	0	0	0	0	0	0
0.677764005140227	-0.0297780167269292	-0.0396149533463268	0	0.154464351516067	0.123239415643535	0	0	0	0	0	0
0.294607058099643	-0.121753527384666	-0.020640038748307	0	0.0441428262931356	0.00896556174846586	0	0	0	0	0	0
0.0478819307190409	-0.132545583340418	-0.00966275522097409	0	-0.018000334937122	-0.0467769740900693	0	0	0	0	0	0
-0.0662937126690434	-0.106681079334114	-0.00410630976462909	0	-0.0401798178036674	-0.0597144749018583	0	0	0	0	0	0
-0.0987512614659173	-0.0715831001769432	-0.00163402477331933	0	-0.0406829207192731	-0.0522216220625389	0	0	0	0	0	0
-0.0886595830839929	-0.0416767948152793	-0.000556701029233766	0	-0.0318574817374313	-0.037944124052771	0	0	0	0	0	0
-0.0629976687000547	-0.0215711049855161	-0.000146257506876445	0	-0.0210919651431113	-0.0240065527001097	0	0	0	0	0	0
-0.0379809285730075	-0.0100731987433314	0	0	-0.012188971824468	-0.0134713219601044	0	0	0	0	0	0
-0.0200833377190732	-0.00425256727150553	0	0	-0.00627203515168589	-0.00678209157013342	0	0	0	0	0	0
-0.00951649771409765	-0.00163402477331933	0	0	-0.00291145182232608	-0.00309230422912445	0	0	0	0	0	0
-0.00410630976462909	-0.000556701029233766	0	0	-0.00122879008415728	-0.00128296543102205	0	0	0	0	0	0
-0.00163402477331933	-0.000146257506876445	0	0	-0.000471948307696623	-0.000478725525647398	0	0	0	0	0	0
-0.000556701029233766	0	0	0	-0.000160789550397165	-0.000163098502054534	0	0	0	0	0	0
-0.000146257506876445	0	0	0	-4.22429231094502e-05	-4.28495350881812e-05	0	0	0	0	0	0
0	0	0	0	0	0	0	0	0	0	0	0
0	0	0	0	0	0	0	0	0	0	0	0
0	0	0	0	0	0	0	0.0865660809936357	0	0	0.0152393025737483	0.00942274097382761
0	0	0	0	0	0	0	0.461454317465326	0	0	0.0812355357560154	0.0502294253686944
0	0	0	0	0	0	0	0.846377699210787	0	0	0.148998380218857	0.0921284379995643
0	0	0	0	0	0	0	1.06249501485734	0	0	0.187044195932824	0.115652865372523
0	0	0	0	0	0	0.0865660809936357	1.13936458011243	0	0	0.2088751173066	0.1288928576352
0	0	0	0	0	0	0.461454317465326	1.05441867631679	0	0	0.245098822893396	0.150171304692575
0	0	0	0	0	0	0.846377699210787	0.64892262811106	0.0865660809936357	0	0.261009382771054	0.166188986071363
0	0	0	0	0	0	0.975928933863709	0.226693168232599	0.461454317465326	0	0.207594405774407	0.164256465112285
0	0	0	0	0	0	0.677910262647104	-0.0202615190128316	0.846377699210787	0	0.140160656739627	0.154921277506977
0	0	0	0	0	0	0.294607058099643	-0.0310811366264012	0.975928933863709	0	0.105328406603426	0.162242212945826
0	0	0	0	0	0	0.0478819307190409	0.330542758898227	0.677910262647104	0	0.119293366694696	0.223231955931712
0	0	0	0	0	0	-0.0662937126690434	0.740253320905907	0.294607058099643	0	0.148081552398081	0.28826091559057
0	0	0	0	0	0	-0.0987512614659173	0.904492091193642	0.134448011712677	0	0.163074522237049	0.340304280320751
0	0	0	0	0	0	-0.0886595830839929	0.636233467831824	0.395160604796283	0	0.148311461069525	0.419288712450766
0	0	0	0	0	0	-0.0629976687000547	0.359602034107763	0.74762643774487	0	0.131295757814803	0.495188907445184
0	0	0	0	0	0	-0.0379809285730075	0.499263049441035	0.887269350779716	0	0.13934742002417	0.562590649095066
0	0	0	0	0	0	-0.0200833377190732	0.775831419270238	0.614912593947049	0	0.155831014899149	0.605290300573988
0	0	0	0	0	0	-0.00951649771409765	0.962109728618108	0.256626129526636	0	0.164150922502646	0.617134660908095
0	0	0	0	0	0	-0.00410630976462909	1.0501482959992	0.0277985929999676	0	0.157150395958908	0.601856333846643
0	0	0	0	0	0	0.0849320562203163	1.0778408311035	-0.075810210383141	0	0.14574208570383	0.557669220174759
0	0	0	0	0	0	0.460897616436092	0.985829936009742	-0.102857571230546	0	0.136192074732176	0.445619337162366
0	0	0	0	0	0	0.846231441703911	0.591533212258987	-0.0902936078573123	0	0.130300797372122	0.337771860599891
0	0	0	0	0	0	1.06249501485734	0.186339298919628	-0.0635543697292885	0	0.127798823588935	0.277841280228645
0	0	0	0	0	0	1.05279849911879	-0.0448839621295812	-0.0381271860798839	0	0.11614357773825	0.231100180024667
0	0	0	0	0	0	0.679530439845104	-0.130925406142417	-0.0200833377190732	0	0.067745848257044	0.12063416026027
0	0	0	0	0	0	0.263999246365598	-0.137288891068159	-0.00951649771409765	0	0.0182713923370779	0.0160008062995027
0	0	0	0	0	0	0.0105758525860415	-0.108889178309943	-0.00410630976462909	0	-0.00925346461741676	-0.0374361449844551
0	0	0	0	0	0	-0.0971310842679164	-0.0725141664141523	-0.00163402477331933	0	-0.0188027755230367	-0.0518466800857758
0	0	0	0	0	0	-0.119267394818038	-0.0420872383376366	-0.000556701029233766	0	-0.0187235383494577	-0.0469493879748818
0	0	0	0	0	0	-0.100303746833054	-0.0217173624923926	-0.000146257506876445	0	-0.0145677387578556	-0.0349497740193413
0	0	0	0	0	0	-0.0688183001718806	-0.0100731987433314	0	0	-0.00961209432455305	-0.022505846509121
0	0	0	0	0	0	-0.0405994710711937	-0.00425256727150553	0	0	-0.00554482849697777	-0.0127927695498158
0	0	0	0	0	0	-0.0211606614631588	-0.00163402477331933	0	0	-0.0028470724200123	-0.00650373256394095
0	0	0	0	0	0	-0.00992694123645497	-0.000556701029233766	0	0	-0.00131988797711989	-0.00298825466925631
0	0	0	0	0	0	-0.00425256727150553	-0.000146257506876445	0	0	-0.000556840723128604	-0.00124588839511098
0	0	0	0	0	0	-0.00163402477331933	0	0	0	-0.000213962878960657	-0.000478725525647398
0	0	0	0	0	0	-0.000556701029233766	0	0	0	-7.28956848636099e-05	-0.000163098502054534
0	0	0	0	0	0	-0.000146257506876445	0	0	0	-1.91512869032718e-05	-4.28495350881812e-05
0	0	0	0	0	0	0	0	0	0	0	0
0	0	0	0	0	0	0	0	0	0	0	0
0	0	0	0	0	0	0	0	0	0	0	0
0	0	0	0	0	0	0	0	0	0	0	0
0	0	0	0	0	0	0	0	0	0	0	0
0	0	0	0	0	0	0	0	0	0	0	0
0	0	0	0	0	0	0	0	0	0	0	0
0	0	0	0	0	0	0	0	0	0	0	0
0	0	0	0	0	0	0	0	0	0	0	0
0	0	0	0	0	0	0	0	0	0	0	0
0	0	0	0	0	0	0	0	0	0	0	0
0	0	0	0	0	0	0	0	0	0	0	0
0	0	0	0	0	0	0	0	0	0	0	0
0	0	0	0	0	0	0	0	0	0	0	0
0	0	0	0	0	0	0	0	0	0	0	0
0	0	0	0	0	0	0	0	0	0	0	0
0	0	0	0	0	0	0	0	0	0	0	0
0	0	0	0	0	0	0	0	0	0	0	0
0	0	0	0	0	0	0	0	0	0	0	0
0	0	0	0	0	0	0	0	0	0	0	0
0	0	0	0	0	0	0	0	0	0	0	0
0	0	0	0	0	0	0	0	0	0	0	0
0	0.0865660809936357	0	0	0.0134101162825594	0.00484287507472827	0	0	0	0	0	0
0	0.461454317465326	0	0	0.0714847661493889	0.0258157188881275	0	0	0	0	0	0
0	0.846377699210787	0	0	0.131113979460572	0.0473499714468434	0	0	0	0	0	0
0	1.06249501485734	0	0	0.164593123950294	0.0594404940758954	0	0	0	0	0	0
0	1.05279849911879	0	0.0865660809936357	0.172528968682345	0.0613651933762378	0	0	0	0	0	0
0	0.679530439845104	0	0.461454317465326	0.155577854924783	0.0511674353888897	0	0	0	0	0	0
0	0.263999246365598	0	0.846377699210787	0.133173770037119	0.0388913029234767	0	0	0	0	0	0
0.0865660809936357	0.0105758525860415	0	0.975928933863709	0.123854628867106	0.0491650790392245	0	0	0	0	0	0
0.461454317465326	-0.0971310842679164	0	0.677910262647104	0.143165899003421	0.124546472243433	0	0	0	0	0	0
0.846377699210787	-0.119267394818038	0	0.294607058099643	0.168268164453702	0.20469090392944	0	0	0	0	0	0
0.975928933863709	-0.100303746833054	0.0865660809936357	0.0478819307190409	0.183712331587964	0.239627952056939	0	0	0	0	0	0
0.677910262647104	-0.0688183001718806	0.461454317465326	-0.0662937126690434	0.189853922613329	0.209285143865847	0	0	0	0	0	0
0.294607058099643	-0.0405994710711937	0.846377699210787	-0.0987512614659173	0.190642738546405	0.161777577839194	0	0	0	0	0	0
0.0478819307190409	-0.0211606614631588	1.06249501485734	-0.0886595830839929	0.188971738626943	0.128554227777874	0	0	0	0	0	0
0.0202723683245923	-0.00992694123645497	1.05279849911879	-0.0629976687000547	0.183486005185692	0.108660979358093	0	0	0	0	0	0
0.362703055999409	-0.00425256727150553	0.679530439845104	-0.0379809285730075	0.167857056712673	0.0907828919470125	0	0	0	0	0	0
0.757718116126794	-0.00163402477331933	0.263999246365598	-0.0200833377190732	0.152528531133562	0.0787681823395399	0	0	0	0	0	0
0.99949734615729	-0.000556701029233766	0.0105758525860415	-0.00951649771409765	0.143912759574648	0.0745230533697569	0	0	0	0	0	0
1.01481757054579	-0.000146257506876445	-0.0971310842679164	0.0824597712290066	0.156545042573486	0.0868497995531537	0	0	0	0	0	0
0.659447102126031	0	-0.119267394818038	0.459820292692007	0.224758626409099	0.140698329951669	0	0	0	0	0	0
0.341048829645136	0	-0.100303746833054	0.845820998181553	0.296124489003328	0.205251288821	0	0	0	0	0	0
0.467923860286738	0	-0.0688183001718806	0.975782676356833	0.337133166086709	0.276508271644008	0	0	0	0	0	0
0.747612590169551	0	-0.0405994710711937	0.677910262647104	0.356730307015461	0.314519037518328	0	0	0	0	0	0
0.942670919010073	0	-0.0211606614631588	0.294607058099643	0.376184714700825	0.275524003370918	0	0	0	0	0	0
1.0389145757725	0	-0.00992694123645497	0.0478819307190409	0.389838712142511	0.215333540224176	0	0	0	0	0	0
0.985600376144914	0	-0.00425256727150553	-0.0662937126690434	0.361104980822593	0.160491967776651	0	0	0	0	0	0
0.608323157039866	0	-0.00163402477331933	-0.0987512614659173	0.217794715507789	0.0802381319122019	0	0	0	0	0	0
0.20553250676944	0	-0.000556701029233766	-0.0886595830839929	0.0688509620445932	0.0116579319986232	0	0	0	0	0	0
-0.0301884602492866	0	-0.000146257506876445	-0.0629976687000547	-0.0163473009989241	-0.0226351894590997	0	0	0	0	0	0
-0.121899784891542	0	0	-0.0379809285730075	-0.0482517270422852	-0.031647817405096	0	0	0	0	0	0
-0.132545583340418	0	0	-0.0200833377190732	-0.0508522786551639	-0.0283333595610661	0	0	0	0	0	0
-0.106681079334114	0	0	-0.00951649771409765	-0.0404997494558987	-0.0207651340728139	0	0	0	0	0	0
-0.0715831001769432	0	0	-0.00410630976462909	-0.0270625182608397	-0.0131813179508225	0	0	0	0	0	0
-0.0416767948152793	0	0	-0.00163402477331933	-0.0157338054802287	-0.00740826878554487	0	0	0	0	0	0
-0.0215711049855161	0	0	-0.000556701029233766	-0.0081176989301388	-0.00373168811425706	0	0	0	0	0	0
-0.0100731987433314	0	0	-0.000146257506876445	-0.00377509911321009	-0.00170433456179531	0	0	0	0	0	0
-0.00425256727150553	0	0	0	-0.0015980494512916	-0.000704644672912949	0	0	0	0	0	0
-0.00163402477331933	0	0	0	-0.000616782225382039	-0.000261342113039252	0	0	0	0	0	0
-0.000556701029233766	0	0	0	-0.000210133472447772	-8.90374648454896e-05	0	0	0	0	0	0
-0.000146257506876445	0	0	0	-5.52066480527302e-05	-2.33920846972821e-05	0	0	0	0	0	0
0	0	0	0	0	0	0	0	0	0	0	0
0	0	0	0	0	0	0	0	0	0	0	0
0	0	0	0	0	0	0	0.0865660809936357	0	0	0.0156003716526459	0.00484287507472827
0	0	0	0	0	0	0	0.461454317465326	0	0	0.083160272135993	0.0258157188881275
0	0	0	0	0	0	0	0.846377699210787	0	0	0.152528640717493	0.0473499714468434
0	0	0	0	0	0	0	1.06249501485734	0	0	0.191475886635977	0.0594404940758954
0	0	0	0	0	0	0	1.05279849911879	0	0.0865660809936357	0.201132757558316	0.0613651933762378
0	0	0	0	0	0	0	0.679530439845104	0	0.461454317465326	0.183253035099782	0.0511674353888897
0	0	0	0	0	0	0	0.263999246365598	0	0.846377699210787	0.159078969030103	0.0388913029234767
0	0	0	0	0	0	0	0.0105758525860415	0	1.06249501485734	0.141880205876642	0.0308731387655964
0	0	0	0	0	0	0	-0.0971310842679164	0	1.13936458011243	0.13259685123915	0.0270383637880646
0	0	0	0	0	0	0.0865660809936357	-0.119267394818038	0	1.05441867631679	0.126654968612865	0.0441380802356115
0	0	0	0	0	0	0.461454317465326	-0.100303746833054	0	0.64892262811106	0.116659671273024	0.12354282224326
0	0	0	0	0	0	0.846377699210787	-0.0688183001718806	0	0.226693168232599	0.107787432726465	0.205577671361842
0	0	0	0	0	0	1.06249501485734	-0.0405994710711937	0.0865660809936357	-0.0202615190128316	0.100072444827337	0.241025951182761
0	0	0	0	0	0	1.05279849911879	-0.0211606614631588	0.461454317465326	-0.117647217620037	0.0845276226040882	0.21048772214814
0	0	0	0	0	0	0.679530439845104	-0.00992694123645497	0.846377699210787	-0.130911558567099	0.0701697892509411	0.162576949981988
0	0	0	0	0	0	0.263999246365598	-0.00425256727150553	1.06249501485734	-0.10612437830488	0.0628775544415824	0.129002385754296
0	0	0	0	0	0	0.0971419335796771	-0.00163402477331933	1.05279849911879	-0.0714368426700668	0.0655582401272725	0.108884400989382
0	0	0	0	0	0	0.364323233197409	-0.000556701029233766	0.679530439845104	-0.0416767948152793	0.0861429238171895	0.0908843209534886
0	0	0	0	0	0	0.727110304392749	-0.000146257506876445	0.263999246365598	-0.0215711049855161	0.108207446310374	0.0788090124848458
0	0	0	0	0	0	0.962191268024291	0	0.0105758525860415	0.0764928822503042	0.120340392430733	0.0865131909643787
0	0	0	0	0	0	0.983980198946913	0	-0.0971310842679164	0.45720175019382	0.121283351882316	0.138712854810638
0	0	0	0	0	0	0.638930968773911	0	-0.119267394818038	0.844743674437468	0.117650916301669	0.193945553097455
0	0	0	0	0	0	0.329404665896075	0	-0.100303746833054	0.975372232834475	0.117389312141552	0.235147230397005
0	0	0	0	0	0	0.462103228814912	0	-0.0688183001718806	0.677764005140227	0.129675921632931	0.28714179272474
0	0	0	0	0	0	0.744994047671365	0	-0.0405994710711937	0.294607058099643	0.14346862012788	0.32924347834516
0	0	0	0	0	0	0.941593595265988	0	-0.0211606614631588	0.0478819307190409	0.178695325761997	0.334085907913683
0	0	0	0	0	0	1.03850413225014	0	-0.00992694123645497	-0.0662937126690434	0.299806102351381	0.274649804930472
0	0	0	0	0	0	1.07202019963167	0	-0.00425256727150553	-0.0987512614659173	0.421303457397973	0.206272247930438
0	0	0	0	0	0	0.983211393511556	0	-0.00163402477331933	-0.0886595830839929	0.448130817116708	0.150234940746575
0	0	0	0	0	0	0.590455888514901	0	-0.000556701029233766	-0.0629976687000547	0.296864786572143	0.0718823088689625
0	0	0	0	0	0	0.185928855397271	0	-0.000146257506876445	-0.0379809285730075	0.117435695946247	0.00599794535668928
0	0	0	0	0	0	-0.0450302196364576	0	0	-0.0200833377190732	0.00662575082225094	-0.0259646900905122
0	0	0	0	0	0	-0.130925406142417	0	0	-0.00951649771409765	-0.0412865273567438	-0.0333886983723396
0	0	0	0	0	0	-0.137288891068159	0	0	-0.00410630976462909	-0.051989203227965	-0.0291538244172854
0	0	0	0	0	0	-0.108889178309943	0	0	-0.00163402477331933	-0.044346382579535	-0.0211186618848789
0	0	0	0	0	0	-0.0725141664141523	0	0	-0.000556701029233766	-0.0307358238241793	-0.013315315496021
0	0	0	0	0	0	-0.0420872383376366	0	0	-0.000146257506876445	-0.018266568148225	-0.00745161164575888
0	0	0	0	0	0	-0.0217173624923926	0	0	0	-0.00957033586042783	-0.00374713291562556
0	0	0	0	0	0	-0.0100731987433314	0	0	0	-0.00450246718239962	-0.00170433456179531
0	0	0	0	0	0	-0.00425256727150553	0	0	0	-0.00192877841227633	-0.000704644672912949
0	0	0	0	0	0	-0.00163402477331933	0	0	0	-0.000758841881836394	-0.000261342113039252
0	0	0	0	0	0	-0.000556701029233766	0	0	0	-0.000258532222731149	-8.90374648454896e-05
0	0	0	0	0	0	-0.000146257506876445	0	0	0	-6.7922055750333e-05	-2.33920846972821e-05
0	0	0	0	0	0	0	0	0	0	0	0
0	0	0	0	0	0	0	0	0	0	0	0
0	0	0	0	0	0	0	0	0	0	0	0
0	0	0	0	0	0	0	0	0	0	0	0
0	0	0	0	0	0	0	0	0	0	0	0
0	0	0	0	0	0	0	0	0	0	0	0
0	0	0	0	0	0	0	0	0	0	0	0
0	0	0	0	0	0	0	0	0	0	0	0
0	0	0	0	0	0	0	0	0	0	0	0
0	0	0	0	0	0	0	0	0	0	0	0
0	0	0	0	0	0	0	0	0	0	0	0
0	0	0	0	0	0	0	0	0	0	0	0
0	0	0	0	0	0	0	0	0	0	0	0
0	0	0	0	0	0	0	0	0	0	0	0
0	0	0	0	0	0	0	0	0	0	0	0
0	0	0	0	0	0	0	0	0	0	0	0
0	0	0	0	0	0	0	0	0	0	0	0
0	0	0	0	0	0	0	0	0	0	0	0
0	0	0	0	0	0	0	0	0	0	0	0
0	0	0	0	0	0	0	0	0	0	0	0
0	0	0	0	0	0	0	0	0	0	0	0
0	0	0	0	0	0	0	0	0	0	0	0
0	0	0	0	0	0	0	0	0	0	0	0
0	0	0	0	0	0	0	0	0	0	0	0
0	0	0	0	0	0	0	0	0	0	0	0
0	0	0	0	0	0	0	0	0	0	0	0
0	0	0	0	0	0	0	0	0	0	0	0
0	0	0	0	0	0	0	0	0	0	0	0
0	0	0	0	0	0	0	0	0	0	0	0
0	0	0	0	0	0	0	0	0	0	0	0
0	0	0	0	0	0	0	0	0	0	0	0
0	0	0	0	0	0	0	0	0	0	0	0
0	0	0	0	0	0	0	0	0	0	0	0
0	0	0	0	0	0	0	0	0	0	0	0
0	0	0	0	0	0	0	0	0	0	0	0
0	0	0	0	0	0	0	0	0	0	0	0
0	0	0	0	0	0	0	0	0	0	0	0
0	0	0	0	0	0	0	0	0	0	0	0
0	0	0	0	0	0	0	0	0	0	0	0
0	0	0	0	0	0	0	0	0	0	0	0
0	0	0	0	0	0	0	0	0	0	0	0
0	0	0	0	0	0	0	0	0	0	0	0
0	0	0	0	0	0	0	0	0	0	0	0
0	0	0	0	0	0	0	0	0	0	0	0
0	0	0	0	0	0	0	0	0	0	0	0
0	0	0	0	0	0	0	0	0	0	0	0
0	0	0	0	0	0	0	0	0	0	0	0
0	0	0	0	0	0	0	0	0	0	0	0
0	0	0	0	0	0	0	0	0	0	0	0
0	0	0	0	0	0	0	0	0	0	0	0
0	0	0	0	0	0	0	0	0	0	0	0
0	0	0	0	0	0	0	0	0	0	0	0
0	0	0	0	0	0	0	0	0	0	0	0
0	0	0	0	0	0	0	0	0	0	0	0
0	0	0	0	0	0	0	0	0	0	0	0
0	0	0	0	0	0	0	0	0	0	0	0
0	0	0	0	0	0	0	0	0	0	0	0
0	0	0	0	0	0	0	0	0	0	0	0
0	0	0	0	0	0	0	0	0	0	0	0
