0	0	0	0	0	0	0	0	0	0	0	0
0	0	0	0	0	0	0	0	0	0	0	0
0	0	0	0	0	0	0	0	0	0	0	0
0	0	0	0	0	0	0	0	0	0	0	0
0	0	0	0	0	0	0	0	0	0	0	0
0	0	0	0	0	0	0	0	0	0	0	0
0	0.0865660809936357	0	0	0.0309932606541988	0.00690660250723	0	0	0	0	0	0
0	0.461454317465326	0	0	0.165214524869847	0.0368167474996638	0	0	0	0	0	0
0	0.846377699210787	0	0	0.303028672921783	0.067527538180486	0	0	0	0	0	0
0	1.06249501485734	0	0	0.380405172109865	0.0847702777959027	0	0	0	0	0	0
0.0865660809936357	1.05279849911879	0	0	0.393918533964398	0.087220584091492	0	0	0	0	0	0
0.461454317465326	0.679530439845104	0	0	0.333833623109145	0.0714014676350267	0	0	0	0	0	0
0.846377699210787	0.263999246365598	0	0	0.263222814106749	0.0509802562216936	0	0	0	0	0	0
1.06249501485734	0.0105758525860415	0	0	0.226311874053934	0.0318638813811706	0	0	0	0	0	0
1.13936458011243	-0.0971310842679164	0	0	0.214555853942729	0.0190015106334054	0	0	0	0	0	0
1.14098475731043	-0.119267394818038	0	0	0.213530692802308	0.0132914930452827	0	0	0	0	0	0
1.11037694557639	-0.100303746833054	0	0	0.216655995681208	0.0122403390866766	0	0	0	0	0	0
1.07307086744339	-0.0688183001718806	0	0	0.211647483779029	0.0180258410594548	0	0	0	0	0	0
1.04223349584451	-0.0405994710711937	0	0	0.175745066651947	0.0400190406778819	0	0	0	0	0	0
1.02171736249239	-0.0211606614631588	0	0	0.137475663912782	0.062364245183069	0	0	0	0	0	0
1.01007319874333	-0.00992694123645497	0	0	0.115777705806512	0.0751141957303267	0	0	0	0	0	0
0.91768648627787	-0.00425256727150553	0.0865660809936357	0	0.109451214724085	0.0832642931764069	0	0	0	0	0	0
0.540179707307993	-0.00163402477331933	0.461454317465326	0	0.115459341622429	0.0982598687644394	0	0	0	0	0	0
0.154179001818447	-0.000556701029233766	0.846377699210787	0	0.124913600800359	0.111725160628544	0	0	0	0	0	0
-0.0623487573504682	-0.000146257506876445	1.06249501485734	0	0.132304513612805	0.118174224733694	0	0	0	0	0	0
-0.0527984991187938	0	1.05279849911879	0	0.134097956193324	0.120672264300264	0	0	0	0	0	0
0.320469560154896	0	0.679530439845104	0	0.124729189118344	0.124627759242997	0	0	0	0	0	0
0.736000753634402	0	0.263999246365598	0	0.113611585349887	0.127939633518513	0	0	0	0	0	0
0.989424147413958	0	0.0105758525860415	0.0865660809936357	0.122126736548983	0.120379640994291	0	0	0	0	0	0
1.01056500327428	0	-0.0971310842679164	0.461454317465326	0.18517555367074	0.0824977903151144	0	0	0	0	0	0
0.657813077352712	0	-0.119267394818038	0.846377699210787	0.252301177199481	0.0430923205416342	0	0	0	0	0	0
0.253926047622267	0	-0.100303746833054	1.06249501485734	0.29093529874599	0.0205534614538968	0	0	0	0	0	0
0.00632328531453594	0	-0.0688183001718806	1.13936458011243	0.308877165404824	0.0213969396196711	0	0	0	0	0	0
-0.0987651090412358	0	-0.0405994710711937	1.14098475731043	0.324858823180178	0.0609001433397174	0	0	0	0	0	0
-0.119824095847272	0	-0.0211606614631588	1.11037694557639	0.335301560161593	0.104905740246245	0	0	0	0	0	0
-0.100450004339931	0	-0.00992694123645497	1.07307086744339	0.337648627741497	0.131635025994152	0	0	0	0	0	0
-0.0688183001718806	0	-0.00425256727150553	0.955667414850877	0.307524473168817	0.1314431837219	0	0	0	0	0	0
-0.0405994710711937	0	-0.00163402477331933	0.560263045027067	0.183101892995693	0.0841077920814377	0	0	0	0	0	0
-0.0211606614631588	0	-0.000556701029233766	0.163695499532544	0.0556753627285323	0.0311240883343686	0	0	0	0	0	0
-0.00992694123645497	0	-0.000146257506876445	-0.0582424475858391	-0.0165433611703332	-0.000849631980240807	0	0	0	0	0	0
-0.00425256727150553	0	0	-0.13773055533911	-0.0430196655419521	-0.0140501152519955	0	0	0	0	0	0
-0.00163402477331933	0	0	-0.140428056281197	-0.0445406929074384	-0.0163550253482019	0	0	0	0	0	0
-0.000556701029233766	0	0	-0.110230688069509	-0.0351950386433405	-0.0135179757943242	0	0	0	0	0	0
-0.000146257506876445	0	0	-0.0730708674433861	-0.0234118291537236	-0.00919829538522264	0	0	0	0	0	0
0	0	0	-0.042233495844513	-0.0135640779455826	-0.00540472847517587	0	0	0	0	0	0
0	0	0	-0.0217173624923926	-0.00698612650809101	-0.00280961566058363	0	0	0	0	0	0
0	0	0	-0.0100731987433314	-0.00324480404506417	-0.00131518753426217	0	0	0	0	0	0
0	0	0	-0.00425256727150553	-0.00137228410878715	-0.000561845635302455	0	0	0	0	0	0
0	0	0	-0.00163402477331933	-0.0005272923593274	-0.000215885987981215	0	0	0	0	0	0
0	0	0	-0.000556701029233766	-0.000179644889072498	-7.35508749124721e-05	0	0	0	0	0	0
0	0	0	-0.000146257506876445	-4.71966319785733e-05	-1.93234196245078e-05	0	0	0	0	0	0
0	0	0	0	0	0	0	0	0	0	0	0
0	0	0	0	0	0	0	0	0	0	0	0
0	0	0	0	0	0	0	0	0	0	0	0
0	0	0	0	0	0	0	0	0	0	0	0
0	0	0	0	0	0	0	0.0865660809936357	0	0	0.0243218197494879	0.00690660250723
0	0	0	0	0	0	0	0.461454317465326	0	0	0.129651343842628	0.0368167474996638
0	0	0	0	0	0	0	0.846377699210787	0	0	0.237800367117284	0.067527538180486
0	0	0	0	0	0	0	1.06249501485734	0	0	0.298521221469986	0.0847702777959027
0	0	0	0	0	0	0	1.13936458011243	0	0	0.320118684227866	0.0909032518895258
0	0	0	0	0	0	0.0865660809936357	1.05441867631679	0	0	0.313493847052702	0.0873498485767202
0	0	0	0	0	0	0.461454317465326	0.64892262811106	0	0	0.274232930309883	0.0689594489270443
0	0	0	0	0	0	0.846377699210787	0.226693168232599	0	0	0.232269300020888	0.0496077215968471
0	0	0	0	0	0	1.06249501485734	-0.0202615190128316	0	0	0.207981398523336	0.0363494910864247
0	0	0	0	0	0	1.13936458011243	-0.117647217620037	0	0	0.204816634775949	0.0244965232734351
0	0	0	0	0	0	1.14098475731043	-0.130911558567099	0	0	0.210536917455093	0.0163667030925253
0	0	0	0	0	0	1.11037694557639	-0.10612437830488	0	0	0.21652780779185	0.0132001871235075
0	0	0	0	0	0	1.07307086744339	-0.0714368426700668	0	0	0.220665420955035	0.0131540904267299
0	0	0	0	0	0	1.04223349584451	-0.0416767948152793	0	0	0.220538716651572	0.0190428435077276
0	0	0	0	0	0	1.02171736249239	-0.0215711049855161	0	0	0.21104918859406	0.0407731314921378
0	0	0	0	0	0	1.01007319874333	-0.0100731987433314	0	0	0.200473062918904	0.0628151917166459
0	0	0	0	0	0	0.91768648627787	-0.00425256727150553	0.0865660809936357	0	0.193515724040734	0.0787169781100664
0	0	0	0	0	0	0.540179707307993	-0.00163402477331933	0.461454317465326	0	0.187881307728848	0.0979562935011562
0	0	0	0	0	0	0.154179001818447	-0.000556701029233766	0.846377699210787	0	0.184317097661157	0.113276601941619
0	0	0	0	0	0	-0.0623487573504682	-0.000146257506876445	1.06249501485734	0	0.183185225586377	0.120148115532284
0	0	0	0	0	0	-0.0527984991187938	0	1.05279849911879	0	0.183264502995484	0.122324034516936
0	0	0	0	0	0	0.320469560154896	0	0.679530439845104	0	0.183065753473072	0.125732358733487
0	0	0	0	0	0	0.736000753634402	0	0.263999246365598	0	0.182850451471575	0.128568167741067
0	0	0	0	0	0	0.902858066420323	0	0.0105758525860415	0.0865660809936357	0.190929277279866	0.120695184409851
0	0	0	0	0	0	0.635676766802591	0	-0.0971310842679164	0.461454317465326	0.225882050391932	0.082639744645614
0	0	0	0	0	0	0.272889695607251	0	-0.119267394818038	0.846377699210787	0.261789470044718	0.0431507235543517
0	0	0	0	0	0	0.0378087319757094	0	-0.100303746833054	1.06249501485734	0.282024944771808	0.0205757120896854
0	0	0	0	0	0	-0.0705462799405489	0	-0.0688183001718806	1.13936458011243	0.299266891388339	0.0214048684145955
0	0	0	0	0	0	-0.100385286239237	0	-0.0405994710711937	1.14098475731043	0.342651968900032	0.0609001433397174
0	0	0	0	0	0	-0.0892162841132267	0	-0.0211606614631588	1.11037694557639	0.384160469768611	0.104905740246245
0	0	0	0	0	0	-0.0631439262069311	0	-0.00992694123645497	1.07307086744339	0.405600127620097	0.131635025994152
0	0	0	0	0	0	-0.0379809285730075	0	-0.00425256727150553	0.955667414850877	0.377697458031563	0.1314431837219
0	0	0	0	0	0	-0.0200833377190732	0	-0.00163402477331933	0.560263045027067	0.22915780644759	0.0841077920814377
0	0	0	0	0	0	-0.00951649771409765	0	-0.000556701029233766	0.163695499532544	0.0737981599575398	0.0311240883343686
0	0	0	0	0	0	-0.00410630976462909	0	-0.000146257506876445	-0.0582424475858391	-0.0156780845308114	-0.000849631980240807
0	0	0	0	0	0	-0.00163402477331933	0	0	-0.13773055533911	-0.0495751412910912	-0.0140501152519955
0	0	0	0	0	0	-0.000556701029233766	0	0	-0.140428056281197	-0.0526696021858459	-0.0163550253482019
0	0	0	0	0	0	-0.000146257506876445	0	0	-0.110230688069509	-0.042058968106282	-0.0135179757943242
0	0	0	0	0	0	0	0	0	-0.0730708674433861	-0.0281304401502472	-0.00919829538522264
0	0	0	0	0	0	0	0	0	-0.042233495844513	-0.016353604631798	-0.00540472847517587
0	0	0	0	0	0	0	0	0	-0.0217173624923926	-0.00844198970921941	-0.00280961566058363
0	0	0	0	0	0	0	0	0	-0.0100731987433314	-0.00392854060040872	-0.00131518753426217
0	0	0	0	0	0	0	0	0	-0.00425256727150553	-0.00166560116478215	-0.000561845635302455
0	0	0	0	0	0	0	0	0	-0.00163402477331933	-0.000639997768867752	-0.000215885987981215
0	0	0	0	0	0	0	0	0	-0.000556701029233766	-0.000218042848831622	-7.35508749124721e-05
0	0	0	0	0	0	0	0	0	-0.000146257506876445	-5.72846138011348e-05	-1.93234196245078e-05
0	0	0	0	0	0	0	0	0	0	0	0
0	0	0	0	0	0	0	0	0	0	0	0
0	0	0	0	0	0	0	0	0	0	0	0
0	0	0	0	0	0	0	0	0	0	0	0
0	0	0	0	0	0	0	0	0	0	0	0
0	0	0	0	0	0	0	0	0	0	0	0
0	0	0	0	0	0	0	0	0	0	0	0
0	0	0	0	0	0	0	0	0	0	0	0
0	0	0	0	0	0	0	0	0	0	0	0
0	0	0	0	0	0	0	0	0	0	0	0
0	0	0	0	0	0	0	0	0	0	0	0
0	0	0	0	0	0	0	0	0	0	0	0
0	0	0	0	0	0	0	0	0	0	0	0
0	0	0	0	0	0	0	0	0	0	0	0
0	0	0	0	0	0	0	0	0	0	0	0
0	0	0	0	0	0	0	0	0	0	0	0
0	0	0	0	0	0	0	0	0	0	0	0
0	0	0	0	0	0	0	0	0	0	0	0
0	0	0	0	0	0	0	0	0	0	0	0
0	0	0	0	0	0	0	0	0	0	0	0
0	0	0	0	0	0	0	0	0	0	0	0
0	0	0	0	0	0	0	0	0	0	0	0
0	0	0	0	0	0	0	0	0	0	0	0
0	0	0	0	0	0	0	0	0	0	0	0
0	0	0	0	0	0	0	0	0	0	0	0
0	0	0	0	0	0	0	0	0	0	0	0
0	0	0	0	0	0	0	0	0	0	0	0
0	0	0	0	0	0	0	0	0	0	0	0
0.0865660809936357	0	0	0	0.00859792887698759	0.00263493068407971	0	0	0	0	0	0
0.461454317465326	0	0	0	0.0458326327818562	0.014045918752864	0	0	0	0	0	0
0.846377699210787	0	0	0	0.0840640488440011	0.0257623603191099	0	0	0	0	0	0
0.975928933863709	0.0865660809936357	0	0	0.128407498341503	0.0476262465087728	0	0	0	0	0	0
0.677910262647104	0.461454317465326	0	0	0.235120107636162	0.11616287810653	0	0	0	0	0	0
0.381173139093279	0.846377699210787	0	0	0.31916937009416	0.16994892411725	0	0	0	0	0	0
0.509336248184367	0.975928933863709	0	0	0.295980394617038	0.145544365662376	0	0	0	0	0	0
0.780083986541744	0.677910262647104	0	0	0.233256606828113	0.0946980445718984	0	0	0	0	0	0
0.963743753391427	0.294607058099643	0	0.0865660809936357	0.184460430827551	0.0640363250929376	0	0	0	0	0	0
0.964138916034801	0.0478819307190409	0	0.461454317465326	0.151479027893327	0.0692836251309927	0	0	0	0	0	0
0.61653277114505	-0.0662937126690434	0	0.846377699210787	0.132930022192133	0.0866299088388284	0	0	0	0	0	0
0.226018317792591	-0.0987512614659173	0	1.06249501485734	0.126468427865362	0.0998259550327203	0	0	0	0	0	0
-0.00950748513303175	-0.0886595830839929	0	1.13936458011243	0.127037466712578	0.107160511459263	0	0	0	0	0	0
-0.106647581982014	-0.0629976687000547	0.0865660809936357	1.14098475731043	0.136693369383946	0.117550764724374	0	0	0	0	0	0
-0.123373704582667	-0.0379809285730075	0.461454317465326	1.02381086458275	0.168129038235611	0.149570362144204	0	0	0	0	0	0
-0.101937771606373	-0.0200833377190732	0.846377699210787	0.698182630971696	0.213344715236841	0.175861805201763	0	0	0	0	0	0
-0.0693750012011143	-0.00951649771409765	0.975928933863709	0.657310114099052	0.291104826467145	0.170110287059438	0	0	0	0	0	0
-0.0407457285780701	-0.00410630976462909	0.677910262647104	0.805600046845835	0.359314688037717	0.152246339747171	0	0	0	0	0	0
-0.0211606614631588	-0.00163402477331933	0.294607058099643	0.933203633488247	0.369632577429818	0.129408895987907	0	0	0	0	0	0
-0.00992694123645497	-0.000556701029233766	0.0478819307190409	1.0026323900735	0.272441470972474	0.0818152823405853	0	0	0	0	0	0
-0.00425256727150553	-0.000146257506876445	-0.0662937126690434	1.03224183650736	0.15971319930205	0.0373202198121008	0	0	0	0	0	0
-0.00163402477331933	0	-0.0987512614659173	1.03786277916223	0.0896316572064772	0.0127487420875126	0	0	0	0	0	0
-0.000556701029233766	0	-0.0886595830839929	1.03098362910575	0.0558771949300933	0.00209561619360737	0	0	0	0	0	0
-0.000146257506876445	0	-0.0629976687000547	1.02051613335212	0.0452624256360539	-0.000228533225828585	0	0	0	0	0	0
0	0	-0.0379809285730075	1.01164416374906	0.04787057631152	0.00209267154242562	0	0	0	0	0	0
0	0	-0.0200833377190732	0.91925455047819	0.0490155958200846	0.00463018166073413	0	0	0	0	0	0
0	0	-0.00951649771409765	0.54116422503286	0.0281777622108748	0.00242505062807114	0	0	0	0	0	0
0	0	-0.00410630976462909	0.154699624533298	0.00454301077607726	-0.000920512492247907	0	0	0	0	0	0
0	0	-0.00163402477331933	-0.0620845713349873	-0.008394812398013	-0.00264371316169737	0	0	0	0	0	0
0	0	-0.000556701029233766	-0.139218322605553	-0.0123179652833156	-0.00293282266517493	0	0	0	0	0	0
0	0	-0.000146257506876445	-0.14098475731043	-0.011483693825314	-0.00250744781729554	0	0	0	0	0	0
0	0	0	-0.110376945576385	-0.00870545231198814	-0.00183130466381253	0	0	0	0	0	0
0	0	0	-0.0730708674433861	-0.0056721931031327	-0.00116956657588497	0	0	0	0	0	0
0	0	0	-0.042233495844513	-0.0032449075873044	-0.000660465467639909	0	0	0	0	0	0
0	0	0	-0.0217173624923926	-0.00166540255395171	-0.000337390601349851	0	0	0	0	0	0
0	0	0	-0.0100731987433314	-0.000771203600036612	-0.000155610019015306	0	0	0	0	0	0
0	0	0	-0.00425256727150553	-0.000324879953300812	-6.5206695648016e-05	0	0	0	0	0	0
0	0	0	-0.00163402477331933	-0.000124833273210141	-2.50553017207016e-05	0	0	0	0	0	0
0	0	0	-0.000556701029233766	-4.25298397022066e-05	-8.53616939193815e-06	0	0	0	0	0	0
0	0	0	-0.000146257506876445	-1.11735168358878e-05	-2.24263794744241e-06	0	0	0	0	0	0
0	0	0	0	0	0	0	0	0	0	0	0
0	0	0	0	0	0	0	0	0	0	0	0
0	0	0	0	0	0	0	0	0	0	0	0
0	0	0	0	0	0	0.0865660809936357	0	0	0	0.0102622741103199	0.00263493068407971
0	0	0	0	0	0	0.461454317465326	0	0	0	0.0547046908080304	0.014045918752864
0	0	0	0	0	0	0.846377699210787	0	0	0	0.100336758352288	0.0257623603191099
0	0	0	0	0	0	1.06249501485734	0	0	0	0.125957129607336	0.0323406198385621
0	0	0	0	0	0	1.13936458011243	0.0865660809936357	0	0	0.162277196780274	0.0499660310275774
0	0	0	0	0	0	1.05441867631679	0.461454317465326	0	0	0.2802948229198	0.116212193664814
0	0	0	0	0	0	0.64892262811106	0.846377699210787	0	0	0.397645868699808	0.183249370132491
0	0	0	0	0	0	0.313259249226235	1.06249501485734	0	0	0.433878552707671	0.206043202335588
0	0	0	0	0	0	0.441192798452494	1.05279849911879	0	0	0.336288227644913	0.157043629562821
0	0	0	0	0	0	0.72873048159075	0.679530439845104	0	0	0.213109758874603	0.0934210143439699
0	0	0	0	0	0	0.931583456290246	0.263999246365598	0	0.0865660809936357	0.137402145762043	0.0576527654971144
0	0	0	0	0	0	0.946674120813914	0.0105758525860415	0	0.461454317465326	0.115376192502902	0.0621646092229636
0	0	0	0	0	0	0.608093597175038	-0.0971310842679164	0	0.846377699210787	0.119858319798261	0.0809278465238081
0	0	0	0	0	0	0.222322451550319	-0.119267394818038	0	1.06249501485734	0.131343318130722	0.0960907702722301
0	0	0	0	0	0	-0.0109952523994746	-0.100303746833054	0.0865660809936357	1.13936458011243	0.140036858223077	0.112365029550055
0	0	0	0	0	0	-0.107204283011248	-0.0688183001718806	0.461454317465326	1.05441867631679	0.137814269045394	0.148145398692328
0	0	0	0	0	0	-0.123519962089543	-0.0405994710711937	0.846377699210787	0.64892262811106	0.131836858014167	0.18158984064357
0	0	0	0	0	0	-0.101937771606373	-0.0211606614631588	1.06249501485734	0.226693168232599	0.127859913262853	0.199173830133938
0	0	0	0	0	0	-0.0693750012011143	-0.00992694123645497	1.05279849911879	0.0663045619808041	0.150490566630471	0.199316077174094
0	0	0	0	0	0	-0.0407457285780701	-0.00425256727150553	0.679530439845104	0.343807099845289	0.255268341983028	0.175758041040639
0	0	0	0	0	0	-0.0211606614631588	-0.00163402477331933	0.263999246365598	0.715466140643688	0.36363147690429	0.149208381607902
0	0	0	0	0	0	-0.00992694123645497	-0.000556701029233766	0.0105758525860415	0.956370636552465	0.397242599842209	0.123373358492835
0	0	0	0	0	0	-0.00425256727150553	-0.000146257506876445	-0.0971310842679164	1.06792773744236	0.299380009482793	0.0759211998231725
0	0	0	0	0	0	-0.00163402477331933	0	-0.119267394818038	1.09930796249515	0.176991532128007	0.0329174245842676
0	0	0	0	0	0	-0.000556701029233766	0	-0.100303746833054	1.08880584059087	0.0970655042496482	0.0100083331057263
0	0	0	0	0	0	-0.000146257506876445	0	-0.0688183001718806	1.06299766870005	0.0517259293452573	0.000612313304287993
0	0	0	0	0	0	0	0	-0.0405994710711937	1.03798092857301	0.031950287572116	-0.000940772602192716
0	0	0	0	0	0	0	0	-0.0211606614631588	1.02008333771907	0.0300412476474755	0.00178075221514611
0	0	0	0	0	0	0	0	-0.00992694123645497	0.922950416720462	0.031325282967527	0.00450461884690998
0	0	0	0	0	0	0	0	-0.00425256727150553	0.542651992299303	0.0166357973687178	0.00237806683613941
0	0	0	0	0	0	0	0	-0.00163402477331933	0.155256325562532	-0.000186695719589757	-0.00093285615951397
0	0	0	0	0	0	0	0	-0.000556701029233766	-0.0619383138281109	-0.00892226404166787	-0.00264371316169737
0	0	0	0	0	0	0	0	-0.000146257506876445	-0.139218322605553	-0.0110104266966639	-0.00293282266517493
0	0	0	0	0	0	0	0	0	-0.14098475731043	-0.00974067546709848	-0.00250744781729554
0	0	0	0	0	0	0	0	0	-0.110376945576385	-0.00720173236029886	-0.00183130466381253
0	0	0	0	0	0	0	0	0	-0.0730708674433861	-0.00462921804217788	-0.00116956657588497
0	0	0	0	0	0	0	0	0	-0.042233495844513	-0.00262559594474287	-0.000660465467639909
0	0	0	0	0	0	0	0	0	-0.0217173624923926	-0.00134225285420463	-0.000337390601349851
0	0	0	0	0	0	0	0	0	-0.0100731987433314	-0.000619466131783719	-0.000155610019015306
0	0	0	0	0	0	0	0	0	-0.00425256727150553	-0.000259800959281132	-6.5206695648016e-05
0	0	0	0	0	0	0	0	0	-0.00163402477331933	-9.98270401133958e-05	-2.50553017207016e-05
0	0	0	0	0	0	0	0	0	-0.000556701029233766	-3.40103876537907e-05	-8.53616939193815e-06
0	0	0	0	0	0	0	0	0	-0.000146257506876445	-8.93527089933955e-06	-2.24263794744241e-06
0	0	0	0	0	0	0	0	0	0	0	0
0	0	0	0	0	0	0	0	0	0	0	0
0	0	0	0	0	0	0	0	0	0	0	0
0	0	0	0	0	0	0	0	0	0	0	0
0	0	0	0	0	0	0	0	0	0	0	0
0	0	0	0	0	0	0	0	0	0	0	0
0	0	0	0	0	0	0	0	0	0	0	0
0	0	0	0	0	0	0	0	0	0	0	0
0	0	0	0	0	0	0	0	0	0	0	0
0	0	0	0	0	0	0	0	0	0	0	0
0	0	0	0	0	0	0	0	0	0	0	0
0	0	0	0	0	0	0	0	0	0	0	0
0	0	0	0	0	0	0	0	0	0	0	0
0	0	0	0	0	0	0	0	0	0	0	0
0	0	0	0	0	0	0	0	0	0	0	0
0	0	0	0	0	0	0	0	0	0	0	0
0	0	0	0	0	0	0	0	0	0	0	0
0	0	0	0	0	0	0	0	0	0	0	0
0	0	0	0	0	0	0	0	0	0	0	0
0	0	0	0	0	0	0	0	0	0	0	0
0	0	0	0	0	0	0	0	0	0	0	0
0	0	0	0	0	0	0	0	0	0	0	0
0	0	0	0	0	0	0	0	0	0	0	0
0	0	0	0	0	0	0	0	0	0	0	0
0	0	0	0	0	0	0	0	0	0	0	0
0	0	0.0865660809936357	0	0.0143302472787003	0.011481434523346	0	0	0	0	0	0
0	0	0.461454317465326	0	0.076389671349315	0.0612036200631859	0	0	0	0	0	0
0	0	0.846377699210787	0	0.140110324755949	0.112256787230825	0	0	0	0	0	0
0.0865660809936357	0	1.06249501485734	0	0.183831742084162	0.134607410699241	0	0	0	0	0	0
0.461454317465326	0	1.05279849911879	0	0.230964391835464	0.117461358186737	0	0	0	0	0	0
0.846377699210787	0	0.679530439845104	0	0.266561207028051	0.089602941958966	0	0	0	0	0	0
1.06249501485734	0	0.263999246365598	0	0.281329793964734	0.0697814577152136	0	0	0	0	0	0
1.13936458011243	0	0.0105758525860415	0	0.282209260303349	0.0592272116506083	0	0	0	0	0	0
1.14098475731043	0	-0.0971310842679164	0	0.273216485713148	0.0603617135510911	0	0	0	0	0	0
1.11037694557639	0	-0.119267394818038	0	0.249529771746472	0.0830102752492184	0	0	0	0	0	0
1.07307086744339	0	-0.100303746833054	0	0.226229016705136	0.107943412837236	0	0	0	0	0	0
1.04223349584451	0	-0.0688183001718806	0	0.21235751607826	0.122758782561808	0	0	0	0	0	0
1.02171736249239	0	-0.0405994710711937	0	0.208026826203806	0.181518040327754	0	0	0	0	0	0
1.01007319874333	0	-0.0211606614631588	0	0.213504416849952	0.411269190677648	0	0	0	0	0	0
1.00425256727151	0	-0.00992694123645497	0	0.22071903871767	0.582924350705621	0	0	0	0	0	0
1.00163402477332	0	-0.00425256727150553	0	0.223547556280246	0.444712498510001	0	0	0	0	0	0
1.00055670102923	0	-0.00163402477331933	0	0.223645542526104	0.214592426764858	0	0	0	0	0	0
1.00014625750688	0.0865660809936357	-0.000556701029233766	0	0.227192329819617	0.112268955527883	0	0	0	0	0	0
0.913433919006364	0.461454317465326	-0.000146257506876445	0	0.244301159209055	0.265081822723462	0	0	0	0	0	0
0.538545682534674	0.846377699210787	0	0	0.262018316771336	0.474041138854666	0	0	0	0	0	0
0.153622300789213	1.06249501485734	0.0865660809936357	0	0.256822631932416	0.617530897155474	0	0	0	0	0	0
-0.0624950148573446	1.05279849911879	0.461454317465326	0	0.194771588466421	0.719908666805004	0	0	0	0	0	0
-0.139364580112429	0.679530439845104	0.846377699210787	0	0.127504969892291	0.778636502639334	0	0	0	0	0	0
-0.14098475731043	0.263999246365598	1.06249501485734	0	0.0882839980108952	0.795243197071051	0	0	0	0	0	0
-0.0238108645827498	0.0105758525860415	1.05279849911879	0	0.0749410026185222	0.751718045803909	0	0	0	0	0	0
0.38838345002194	-0.0971310842679164	0.679530439845104	0	0.081169660887376	0.579951191027854	0	0	0	0	0	0
0.804144203366274	-0.119267394818038	0.263999246365598	0	0.0937273168098801	0.404774043910934	0	0	0	0	0	0
1.04077765236495	-0.100303746833054	0.0105758525860415	0	0.104292040346423	0.303875492912015	0	0	0	0	0	0
1.04272530037546	-0.0688183001718806	-0.0971310842679164	0	0.101066514062462	0.237696647076792	0	0	0	0	0	0
0.675277872573599	-0.0405994710711937	-0.119267394818038	0	0.0613500728316537	0.114725047488873	0	0	0	0	0	0
0.262365221592279	-0.0211606614631588	-0.100303746833054	0	0.018312762481362	0.00387375683352657	0	0	0	0	0	0
0.0100191515568077	-0.00992694123645497	-0.0688183001718806	0	-0.00639349960146952	-0.0497527828635619	0	0	0	0	0	0
-0.0972773417747929	-0.00425256727150553	-0.0405994710711937	0	-0.0154575075305694	-0.0615417262410331	0	0	0	0	0	0
-0.119267394818038	-0.00163402477331933	-0.0211606614631588	0	-0.015890532760301	-0.0535947862968934	0	0	0	0	0	0
-0.100303746833054	-0.000556701029233766	-0.00992694123645497	0	-0.0125368641230958	-0.0390939930439399	0	0	0	0	0	0
-0.0688183001718806	-0.000146257506876445	-0.00425256727150553	0	-0.00833381070889968	-0.0248811835010752	0	0	0	0	0	0
-0.0405994710711937	0	-0.00163402477331933	0	-0.00483423493665146	-0.0140363121108464	0	0	0	0	0	0
-0.0211606614631588	0	-0.000556701029233766	0	-0.00249187546233456	-0.00709920083925932	0	0	0	0	0	0
-0.00992694123645497	0	-0.000146257506876445	0	-0.00115818316280455	-0.00324601698717742	0	0	0	0	0	0
-0.00425256727150553	0	0	0	-0.000490254654291132	-0.00134454026202196	0	0	0	0	0	0
-0.00163402477331933	0	0	0	-0.000188377560941724	-0.000516631944094172	0	0	0	0	0	0
-0.000556701029233766	0	0	0	-6.41789425553035e-05	-0.000176012958743595	0	0	0	0	0	0
-0.000146257506876445	0	0	0	-1.68612085108319e-05	-4.62424446371461e-05	0	0	0	0	0	0
0	0	0	0	0	0	0	0	0	0	0	0
0	0	0	0	0	0	0	0	0	0	0	0
0	0	0	0	0	0	0	0	0	0	0	0
0	0	0	0	0	0	0	0	0.0865660809936357	0	0.0130712940468879	0.011481434523346
0	0	0	0	0	0	0	0	0.461454317465326	0	0.0696786201195675	0.0612036200631859
0	0	0	0	0	0	0	0	0.846377699210787	0	0.127801231777214	0.112256787230825
0	0	0	0	0	0	0	0	1.06249501485734	0	0.160434486615768	0.140920864205034
0	0	0	0	0	0	0.0865660809936357	0	1.05279849911879	0	0.176408671322805	0.144802776715397
0	0	0	0	0	0	0.461454317465326	0	0.679530439845104	0	0.195565495588878	0.117676245567586
0	0	0	0	0	0	0.846377699210787	0	0.263999246365598	0	0.210362210265528	0.0855433659415051
0	0	0	0	0	0	1.06249501485734	0	0.0105758525860415	0	0.215631653955026	0.0648334770686327
0	0	0	0	0	0	1.13936458011243	0	-0.0971310842679164	0	0.215991038718355	0.0604798766155768
0	0	0	0	0	0	1.14098475731043	0	-0.119267394818038	0	0.217902666374694	0.080777980635914
0	0	0	0	0	0	1.11037694557639	0	-0.100303746833054	0	0.219660029303414	0.10522259901417
0	0	0	0	0	0	1.07307086744339	0	-0.0688183001718806	0	0.210902290998329	0.173375781428751
0	0	0	0	0	0	1.04223349584451	0	-0.0405994710711937	0	0.171688888237926	0.40896656339693
0	0	0	0	0	0	1.02171736249239	0	-0.0211606614631588	0	0.131215258521011	0.645493244185442
0	0	0	0	0	0	1.01007319874333	0	-0.00992694123645497	0	0.116106466416689	0.714483008847435
0	0	0	0	0	0	1.00425256727151	0	-0.00425256727150553	0	0.142126506195686	0.491465881528216
0	0	0	0	0	0	1.00163402477332	0	-0.00163402477331933	0	0.177025654460113	0.215503299839511
0	0	0	0	0	0	1.00055670102923	0	-0.000556701029233766	0	0.199815350122075	0.0410885552369519
0	0	0	0	0	0	0.913580176513241	0.0865660809936357	-0.000146257506876445	0	0.204280289336885	0.0151095402298691
0	0	0	0	0	0	0.538545682534674	0.461454317465326	0	0	0.18029936440775	0.221948768599371
0	0	0	0	0	0	0.153622300789213	0.846377699210787	0	0	0.15160542939826	0.464404005847718
0	0	0	0	0	0	-0.0624950148573446	1.06249501485734	0	0	0.133651988793519	0.614867205250855
0	0	0	0	0	0	-0.139364580112429	1.05279849911879	0.0865660809936357	0	0.119554824540644	0.689552326645078
0	0	0	0	0	0	-0.14098475731043	0.679530439845104	0.461454317465326	0	0.0907057995729341	0.745311561822274
0	0	0	0	0	0	-0.110376945576385	0.263999246365598	0.846377699210787	0	0.0641344058421193	0.77726393793241
0	0	0	0	0	0	-0.0730708674433861	0.0105758525860415	1.06249501485734	0	0.0507218516475759	0.782616552002026
0	0	0	0	0	0	0.0443325851491226	-0.0971310842679164	1.05279849911879	0	0.0534617498654382	0.738067426186183
0	0	0	0	0	0	0.439736954972933	-0.119267394818038	0.679530439845104	0	0.0819591955311231	0.569821361640018
0	0	0	0	0	0	0.836304500467456	-0.100303746833054	0.263999246365598	0	0.112933172606727	0.398692299963971
0	0	0	0	0	0	1.05824244758584	-0.0688183001718806	0.0105758525860415	0	0.131733937389449	0.300746314633692
0	0	0	0	0	0	1.05116447434547	-0.0405994710711937	-0.0971310842679164	0	0.128240852078591	0.236214416555679
0	0	0	0	0	0	0.678973738815871	-0.0211606614631588	-0.119267394818038	0	0.080139865426601	0.114072199454763
0	0	0	0	0	0	0.263852988858722	-0.00992694123645497	-0.100303746833054	0	0.0276761247094539	0.00362503192780022
0	0	0	0	0	0	0.0105758525860415	-0.00425256727150553	-0.0688183001718806	0	-0.00329914755803715	-0.0498414135341124
0	0	0	0	0	0	-0.0971310842679164	-0.00163402477331933	-0.0405994710711937	0	-0.0155565870981597	-0.0615417262410331
0	0	0	0	0	0	-0.119267394818038	-0.000556701029233766	-0.0211606614631588	0	-0.0171838137322906	-0.0535947862968934
0	0	0	0	0	0	-0.100303746833054	-0.000146257506876445	-0.00992694123645497	0	-0.013935508050045	-0.0390939930439399
0	0	0	0	0	0	-0.0688183001718806	0	-0.00425256727150553	0	-0.00939393580219016	-0.0248811835010752
0	0	0	0	0	0	-0.0405994710711937	0	-0.00163402477331933	0	-0.00548933959091389	-0.0140363121108464
0	0	0	0	0	0	-0.0211606614631588	0	-0.000556701029233766	0	-0.00284332777257598	-0.00709920083925932
0	0	0	0	0	0	-0.00992694123645497	0	-0.000146257506876445	0	-0.00132695608908674	-0.00324601698717742
0	0	0	0	0	0	-0.00425256727150553	0	0	0	-0.000564680613552793	-0.00134454026202196
0	0	0	0	0	0	-0.00163402477331933	0	0	0	-0.000216975312240448	-0.000516631944094172
0	0	0	0	0	0	-0.000556701029233766	0	0	0	-7.39220002137444e-05	-0.000176012958743595
0	0	0	0	0	0	-0.000146257506876445	0	0	0	-1.94209223386263e-05	-4.62424446371461e-05
0	0	0	0	0	0	0	0	0	0	0	0
0	0	0	0	0	0	0	0	0	0	0	0
0	0	0	0	0	0	0	0	0	0	0	0
0	0	0	0	0	0	0	0	0	0	0	0
0	0	0	0	0	0	0	0	0	0	0	0
0	0	0	0	0	0	0	0	0	0	0	0
0	0	0	0	0	0	0	0	0	0	0	0
0	0	0	0	0	0	0	0	0	0	0	0
0	0	0	0	0	0	0	0	0	0	0	0
0	0	0	0	0	0	0	0	0	0	0	0
0	0	0	0	0	0	0	0	0	0	0	0
0	0	0	0	0	0	0	0	0	0	0	0
0	0	0	0	0	0	0	0	0	0	0	0
0	0	0	0	0	0	0	0	0	0	0	0
0	0	0	0	0	0	0	0	0	0	0	0
0	0	0	0	0	0	0	0	0	0	0	0
0	0	0	0	0	0	0	0	0	0	0	0
0	0	0	0	0	0	0	0	0	0	0	0
0	0	0	0	0	0	0	0	0	0	0	0
0	0	0	0	0	0	0	0	0	0	0	0
0	0	0	0	0	0	0	0	0	0	0	0
0	0	0	0	0	0	0	0	0	0	0	0
0	0	0	0	0	0	0	0	0	0	0	0
0	0	0	0	0	0	0	0	0	0	0	0
0	0	0	0	0	0	0	0	0	0	0	0
0	0	0	0	0	0	0	0	0	0	0	0
0	0	0	0	0	0	0	0	0	0	0	0
0	0	0	0	0	0	0	0	0	0	0	0
0	0	0	0	0	0	0	0	0	0	0	0
0	0	0	0	0	0	0	0	0	0	0	0
0	0	0	0	0	0	0	0	0	0	0	0
0	0	0	0	0	0	0	0	0	0	0	0
0	0	0	0	0	0	0	0	0	0	0	0
0	0	0	0	0	0	0	0	0	0	0	0
0	0	0	0	0	0	0	0	0	0	0	0
