0	0	0	0	0	0	0	0	0	0	0	0
0	0	0	0	0	0	0	0	0	0	0	0
0	0	0	0	0	0	0	0	0	0	0	0
0	0	0	0	0	0	0	0	0	0	0	0
0	0	0	0	0	0	0	0	0	0	0	0
0	0	0	0	0	0	0	0	0	0	0	0
0	0	0	0	0	0	0	0	0	0	0	0
0.0865660809936357	0	0	0	0.0177236712187464	0.00287555773032124	0	0	0	0	0	0
0.461454317465326	0	0	0	0.0944788595180574	0.0153286196457835	0	0	0	0	0	0
0.846377699210787	0	0.0865660809936357	0	0.1649110390406	0.0459844458215719	0	0	0	0	0	0
0.975928933863709	0	0.461454317465326	0	0.172878607453816	0.130549804916904	0	0	0	0	0	0
0.677910262647104	0	0.846377699210787	0	0.151365206562213	0.212561129504571	0	0	0	0	0	0
0.294607058099643	0	1.06249501485734	0	0.130781703505004	0.257226997695331	0	0	0	0	0	0
0.0478819307190409	0	1.13936458011243	0	0.117075795112477	0.272078076852112	0	0	0	0	0	0
-0.0662937126690434	0	1.14098475731043	0	0.109280895725166	0.271173286432153	0	0	0	0	0	0
-0.0121851804722816	0	1.11037694557639	0	0.122923132843534	0.247916061912305	0	0	0	0	0	0
0.372794734381333	0	0.98650478644975	0	0.19592732752961	0.170612733238176	0	0	0	0	0	0
0.783380030510733	0	0.580779178379187	0	0.272091959431387	0.0930945178486125	0	0	0	0	0	0
1.02451408628434	0	0.175339663281605	0	0.31531172536862	0.0489342750125875	0	0	0	0	0	0
1.11928124239336	0	-0.0524218161140132	0	0.330992757134736	0.0323116443776956	0	0	0	0	0	0
1.13146825959633	0	-0.135112012840924	0	0.331653545471513	0.0307764733797559	0	0	0	0	0	0
1.10627063581176	0	-0.139350732537111	0	0.325814305172445	0.0358493652238217	0	0	0	0	0	0
1.07143684267007	0	-0.109820244547152	0	0.31856506303384	0.0424806144417699	0	0	0	0	0	0
0.955110713821644	0	0.013641471057126	0	0.297520480696511	0.053674179416353	0	0	0	0	0	0
0.56011678752019	0	0.419220821620813	0	0.22841461914064	0.0817065480673335	0	0	0	0	0	0
0.163695499532544	0	0.824660336718395	0	0.159293840222277	0.10878827544409	0	0	0	0	0	0
-0.0582424475858391	0	1.05242181611401	0	0.120626368435535	0.123861633072532	0	0	0	0	0	0
-0.13773055533911	0	1.13511201284092	0	0.106765326659541	0.129323781317443	0	0	0	0	0	0
-0.140428056281197	0	1.13935073253711	0	0.106272523028098	0.129626819696203	0	0	0	0	0	0
-0.110230688069509	0	1.10982024454715	0	0.111506436152096	0.127719051337468	0	0	0	0	0	0
-0.0730708674433861	0	1.07292460993651	0	0.117955243225481	0.125328701415267	0	0	0	0	0	0
-0.042233495844513	0.0865660809936357	0.955667414850877	0	0.12085352996829	0.11522082476625	0	0	0	0	0	0
-0.0217173624923926	0.461454317465326	0.560263045027067	0	0.113779424113879	0.0787708047692044	0	0	0	0	0	0
-0.0100731987433314	0.846377699210787	0.163695499532544	0	0.104880144922233	0.0419555186881444	0	0	0	0	0	0
-0.00425256727150553	1.06249501485734	-0.0582424475858391	0	0.0997590943036212	0.0213318380044516	0	0	0	0	0	0
-0.00163402477331933	1.13936458011243	-0.13773055533911	0	0.098032807210852	0.0139607930749342	0	0	0	0	0	0
-0.000556701029233766	1.14098475731043	-0.140428056281197	0	0.0981738970056225	0.0137392049602061	0	0	0	0	0	0
-0.000146257506876445	1.11037694557639	-0.110230688069509	0	0.0991135701890441	0.0165800442295825	0	0	0	0	0	0
0.0865660809936357	0.98650478644975	-0.0730708674433861	0	0.101106539594103	0.0223209346681303	0	0	0	0	0	0
0.461454317465326	0.580779178379187	-0.042233495844513	0	0.105918564646218	0.0349773270392443	0	0	0	0	0	0
0.846377699210787	0.175339663281605	-0.0217173624923926	0	0.110543144600683	0.0469282528352232	0	0	0	0	0	0
1.06249501485734	-0.0524218161140132	-0.0100731987433314	0	0.113143194201736	0.0536499004408501	0	0	0	0	0	0
1.13936458011243	-0.135112012840924	-0.00425256727150553	0	0.114115627626919	0.0561979782197533	0	0	0	0	0	0
1.14098475731043	-0.139350732537111	-0.00163402477331933	0	0.114206936338281	0.0564855039193311	0	0	0	0	0	0
1.11037694557639	-0.109820244547152	-0.000556701029233766	0	0.113916056680722	0.0557889656409532	0	0	0	0	0	0
1.07307086744339	-0.0729246099365097	-0.000146257506876445	0	0.113535910543121	0.054855433295094	0	0	0	0	0	0
0.955667414850877	0.0443325851491226	0	0	0.109845458341177	0.0547252843712535	0	0	0	0	0	0
0.560263045027067	0.439736954972933	0	0	0.0950324451266431	0.0570472345035716	0	0	0	0	0	0
0.163695499532544	0.836304500467456	0	0	0.0799218534281905	0.0596768010425029	0	0	0	0	0	0
-0.0582424475858391	1.05824244758584	0	0	0.0714454604350625	0.0611718675741428	0	0	0	0	0	0
-0.13773055533911	1.13773055533911	0	0	0.0684247817843194	0.0616893555996536	0	0	0	0	0	0
-0.140428056281197	1.1404280562812	0	0	0.0683503805270868	0.0616736317164978	0	0	0	0	0	0
-0.110230688069509	1.11023068806951	0	0	0.0695378894885776	0.061429719810901	0	0	0	0	0	0
-0.0730708674433861	1.07307086744339	0	0	0.0709889927836889	0.0611416532398912	0	0	0	0	0	0
-0.042233495844513	1.04223349584451	0	0	0.0721897509500433	0.0609066860098484	0	0	0	0	0	0
0.0648487185012431	1.02171736249239	0	0	0.0849493830448075	0.0645074894945471	0	0	0	0	0	0
0.451381118721994	0.923507117749696	0	0	0.137200797526566	0.0806896062680632	0	0	0	0	0	0
0.842125131939282	0.54279824980618	0	0	0.190612000966769	0.0973516395947228	0	0	0	0	0	0
1.06086099008403	0.155256325562532	0	0	0.220574720350132	0.106711577142265	0	0	0	0	0	0
1.1388078790832	-0.0619383138281109	0	0	0.231237676276779	0.110039649171342	0	0	0	0	0	0
1.05427241880992	-0.139218322605553	0	0	0.213125208181009	0.101105116946463	0	0	0	0	0	0
0.64892262811106	-0.14098475731043	0	0	0.129424242904267	0.0607921661033683	0	0	0	0	0	0
0.226693168232599	-0.110376945576385	0	0	0.0426646029337349	0.0191460906550756	0	0	0	0	0	0
-0.0202615190128316	-0.0730708674433861	0	0	-0.00741379088607953	-0.00466564056469962	0	0	0	0	0	0
-0.117647217620037	-0.042233495844513	0	0	-0.0265451025223563	-0.0135494931111082	0	0	0	0	0	0
-0.130911558567099	-0.0217173624923926	0	0	-0.0284974505327082	-0.0142233481972659	0	0	0	0	0	0
-0.10612437830488	-0.0100731987433314	0	0	-0.0228127205538332	-0.0112931681402076	0	0	0	0	0	0
-0.0714368426700668	-0.00425256727150553	0	0	-0.015265504835875	-0.00752748071713794	0	0	0	0	0	0
-0.0416767948152793	-0.00163402477331933	0	0	-0.00887672831754061	-0.00436756118605498	0	0	0	0	0	0
-0.0215711049855161	-0.000556701029233766	0	0	-0.00458394771164383	-0.00225196961676012	0	0	0	0	0	0
-0.0100731987433314	-0.000146257506876445	0	0	-0.00213555298894523	-0.00104747897580049	0	0	0	0	0	0
-0.00425256727150553	0	0	0	-0.000901558976324818	-0.000442210555314242	0	0	0	0	0	0
-0.00163402477331933	0	0	0	-0.000346418906008658	-0.000169916889322001	0	0	0	0	0	0
-0.000556701029233766	0	0	0	-0.000118022544498698	-5.78895183930434e-05	0	0	0	0	0	0
-0.000146257506876445	0	0	0	-3.1007097539145e-05	-1.52088395563022e-05	0	0	0	0	0	0
0	0	0	0	0	0	0	0	0	0	0	0
0	0	0	0	0	0	0	0	0	0	0	0
0	0	0	0	0	0	0	0	0	0	0	0
0	0	0	0	0	0	0.0865660809936357	0	0	0	0.0205977849223801	0.00287555773032124
0	0	0	0	0	0	0.461454317465326	0	0	0	0.109799781549003	0.0153286196457835
0	0	0	0	0	0	0.846377699210787	0	0.0865660809936357	0	0.189973660390512	0.0459844458215719
0	0	0	0	0	0	0.975928933863709	0	0.461454317465326	0	0.191958824022027	0.130549804916904
0	0	0	0	0	0	0.677910262647104	0	0.846377699210787	0	0.159487587540379	0.212561129504571
0	0	0	0	0	0	0.294607058099643	0	1.06249501485734	0	0.131372607515878	0.257226997695331
0	0	0	0	0	0	0.0478819307190409	0	1.13936458011243	0	0.113952515260367	0.272078076852112
0	0	0	0	0	0	-0.0662937126690434	0	1.14098475731043	0	0.104862137588369	0.271173286432153
0	0	0	0	0	0	-0.0987512614659173	0	1.11037694557639	0	0.10156101157918	0.263830706517629
0	0	0	0	0	0	-0.0886595830839929	0	1.07307086744339	0	0.101599085458668	0.255448287531004
0	0	0	0	0	0	-0.0629976687000547	0	1.04223349584451	0	0.102895120338782	0.2486958819187
0	0	0	0	0	0	-0.0379809285730075	0	1.02171736249239	0	0.10421570922884	0.244267485922598
0	0	0	0	0	0	-0.0200833377190732	0	1.01007319874333	0	0.105128220717521	0.241776854772474
0	0	0	0	0	0	-0.00951649771409765	0	1.00425256727151	0	0.105639475453394	0.240539543444371
0	0	0	0	0	0	-0.00410630976462909	0	1.00163402477332	0	0.105887133847165	0.239985376279842
0	0	0	0	0	0	-0.00163402477331933	0	1.00055670102923	0	0.105994405072816	0.23975813117426
0	0	0	0	0	0	0.0860093799644019	0	1.00014625750688	0	0.119718005470936	0.223758760703763
0	0	0	0	0	0	0.461308059958449	0	0.913433919006364	0	0.178935129270786	0.15480765978864
0	0	0	0	0	0	0.846377699210787	0	0.538545682534674	0	0.23971759465247	0.0840418500113807
0	0	0	0	0	0	1.06249501485734	0	0.153622300789213	0	0.273844238757858	0.0443100031714571
0	0	0	0	0	0	1.13936458011243	0	-0.0624950148573446	0	0.285982554876342	0.0301780036866893
0	0	0	0	0	0	1.14098475731043	0	-0.139364580112429	0	0.28623839375005	0.0298801440168525
0	0	0	0	0	0	1.11037694557639	0	-0.0544186763167947	0	0.271406641567226	0.0411162316793084
0	0	0	0	0	0	0.98650478644975	0	0.35107737188894	0	0.222215462050485	0.0722655202288099
0	0	0	0	0	0	0.580779178379187	0	0.773306831767401	0	0.172886665788338	0.102875801494801
0	0	0	0	0	0	0.175339663281605	0	1.02026151901283	0	0.144685073714177	0.120650837275208
0	0	0	0	0	0	-0.0524218161140132	0	1.11764721762004	0	0.133967797149248	0.127772290791897
0	0	0	0	0	0	-0.135112012840924	0	1.1309115585671	0	0.132861539790977	0.128947357289225
0	0	0	0	0	0	-0.139350732537111	0	1.10612437830488	0	0.135983307359969	0.12744553442381
0	0	0	0	0	0	-0.109820244547152	0.0865660809936357	0.984870761676431	0	0.136866926038931	0.117116578853676
0	0	0	0	0	0	-0.0729246099365097	0.461454317465326	0.580222477349953	0	0.126266802668253	0.0800732542078473
0	0	0	0	0	0	-0.042233495844513	0.846377699210787	0.175193405774729	0	0.114138919301744	0.0427099995121468
0	0	0	0	0	0	-0.0217173624923926	1.06249501485734	-0.0524218161140132	0	0.107357089362301	0.0217089844379541
0	0	0	0	0	0	-0.0100731987433314	1.13936458011243	-0.135112012840924	0	0.1051388235906	0.0141304609140588
0	0	0	0	0	0	-0.00425256727150553	1.14098475731043	-0.139350732537111	0	0.105380345657365	0.0138090098962816
0	0	0	0	0	0	0.0849320562203163	1.02381086458275	-0.109820244547152	0	0.109486837268544	0.0188620579393919
0	0	0	0	0	0	0.460897616436092	0.61161654997806	-0.0729246099365097	0	0.12319761223449	0.0320978640261873
0	0	0	0	0	0	0.846231441703911	0.195855796633726	-0.042233495844513	0	0.136962822115761	0.0450062384174868
0	0	0	0	0	0	1.06249501485734	0.0457884286286836	-0.0217173624923926	0	0.143867723201181	0.053218634922376
0	0	0	0	0	0	1.05279849911879	0.332162936096228	-0.0100731987433314	0	0.142772198166698	0.0591687628386553
0	0	0	0	0	0	0.679530439845104	0.709645509171862	-0.00425256727150553	0	0.138888353515042	0.0626892172116082
0	0	0	0	0	0	0.263999246365598	0.953752094054279	-0.00163402477331933	0	0.135652562140042	0.0637837840843736
0	0	0	0	0	0	0.0105758525860415	1.06685041369828	-0.000556701029233766	0	0.133643097913914	0.063498439458681
0	0	0	0	0	0	-0.0971310842679164	1.09889751897279	-0.000146257506876445	0	0.132632519483294	0.0627457898077714
0	0	0	0	0	0	-0.119267394818038	1.08865958308399	0	0	0.13229749728526	0.0619917399699506
0	0	0	0	0	0	-0.0137376658394184	0.976431587706419	0	0	0.147382399586221	0.0651612308488533
0	0	0	0	0	0	0.392636017293445	0.576526611107682	0	0	0.212757497653248	0.0810454512963092
0	0	0	0	0	0	0.805778228139594	0.173705638508286	0	0	0.27987205661148	0.0975272870456549
0	0	0	0	0	0	1.04133435339419	-0.052978517143247	0	0	0.317568090008851	0.106790384400725
0	0	0	0	0	0	1.04287155788234	-0.1352582703478	0	0	0.304436114003213	0.101069897185898
0	0	0	0	0	0	0.675277872573599	-0.139350732537111	0	0	0.189731742807191	0.0621330520782207
0	0	0	0	0	0	0.262365221592279	-0.109820244547152	0	0	0.066329051602504	0.0207694849992362
0	0	0	0	0	0	0.0100191515568077	-0.0729246099365097	0	0	-0.0064593437051102	-0.00332612740200412
0	0	0	0	0	0	-0.0972773417747929	-0.042233495844513	0	0	-0.0354059961752363	-0.0126590551230027
0	0	0	0	0	0	-0.119267394818038	-0.0217173624923926	0	0	-0.0394729564311876	-0.0137179700363848
0	0	0	0	0	0	-0.100303746833054	-0.0100731987433314	0	0	-0.0321091101974458	-0.0110405420099169
0	0	0	0	0	0	-0.0688183001718806	-0.00425256727150553	0	0	-0.021677016479796	-0.00741383114809707
0	0	0	0	0	0	-0.0405994710711937	-0.00163402477331933	0	0	-0.0126722391573356	-0.00432080335061117
0	0	0	0	0	0	-0.0211606614631588	-0.000556701029233766	0	0	-0.00656567417357309	-0.00223415561165467
0	0	0	0	0	0	-0.00992694123645497	-0.000146257506876445	0	0	-0.00306484836756551	-0.00104113113052511
0	0	0	0	0	0	-0.00425256727150553	0	0	0	-0.00130462033355984	-0.000442210555314242
0	0	0	0	0	0	-0.00163402477331933	0	0	0	-0.000501292938761246	-0.000169916889322001
0	0	0	0	0	0	-0.000556701029233766	0	0	0	-0.000170787064867509	-5.78895183930434e-05
0	0	0	0	0	0	-0.000146257506876445	0	0	0	-4.48694882936502e-05	-1.52088395563022e-05
0	0	0	0	0	0	0	0	0	0	0	0
0	0	0	0	0	0	0	0	0	0	0	0
0	0	0	0	0	0	0	0	0	0	0	0
0	0	0	0	0	0	0	0	0	0	0	0
0	0	0	0	0	0	0	0	0	0	0	0
0	0	0	0	0	0	0	0	0	0	0	0
0	0	0	0	0	0	0	0	0	0	0	0
0	0	0	0	0	0	0	0	0	0	0	0
0	0	0	0	0	0	0	0	0	0	0	0
0	0	0	0	0	0	0	0	0	0	0	0
0	0	0	0	0	0	0	0	0	0	0	0
0	0	0	0	0	0	0	0	0	0	0	0
0	0	0	0	0	0	0	0	0	0	0	0
0	0	0	0	0	0	0	0	0	0	0	0
0	0	0	0	0	0	0	0	0	0	0	0
0	0	0	0	0	0	0	0	0	0	0	0
0	0	0	0	0	0	0	0	0	0	0	0
0	0	0	0	0	0	0	0	0	0	0	0
0	0	0	0	0	0	0	0	0	0	0	0
0	0	0	0	0	0	0	0	0	0	0	0
0	0	0	0	0	0	0	0	0	0	0	0
0	0	0	0	0	0	0	0	0	0	0	0
0	0	0	0	0	0	0	0	0	0	0	0
0	0	0	0	0	0	0	0	0	0	0	0
0	0	0	0	0	0	0	0	0	0	0	0
0	0	0	0	0	0	0	0	0	0	0	0
0	0	0	0	0	0	0	0	0	0	0	0
0	0	0	0	0	0	0	0	0	0	0	0
0	0	0	0	0	0	0	0	0	0	0	0
0	0	0	0	0	0	0	0	0	0	0	0
0	0	0	0	0	0	0	0	0	0	0	0
0	0	0	0	0	0	0	0	0	0	0	0
0	0	0	0	0	0	0	0	0	0	0	0
0	0	0	0	0	0	0	0	0	0	0	0
0	0	0	0	0	0	0	0	0	0	0	0
0	0	0	0	0	0	0	0	0	0	0	0
0	0	0	0	0	0	0	0	0	0	0	0
0	0	0	0	0	0	0	0	0	0	0	0
0	0	0	0	0	0	0	0	0	0	0	0
0	0	0	0	0	0	0	0	0	0	0	0
0	0	0	0	0	0	0	0	0	0	0	0
0	0	0	0	0	0	0	0	0	0	0	0
0	0	0	0	0	0	0	0	0	0	0	0
0	0	0	0	0	0	0	0	0	0	0	0
0	0	0	0	0	0	0	0	0	0	0	0
0	0	0	0	0	0	0	0	0	0	0	0
0	0	0	0	0	0	0	0	0	0	0	0
0	0	0	0	0	0	0	0	0	0	0	0
0	0	0	0	0	0	0	0	0	0	0	0
0	0	0	0	0	0	0	0	0	0	0	0
0	0	0	0	0	0	0	0	0	0	0	0
0	0	0	0	0	0	0	0	0	0	0	0
0	0	0	0	0	0	0	0	0	0	0	0
0	0	0	0	0	0	0	0	0	0	0	0
0	0	0	0	0	0	0	0	0	0	0	0
0	0	0	0	0	0	0	0	0	0	0	0
0	0	0	0	0	0	0	0	0	0	0	0
0	0	0	0	0	0	0	0	0	0	0	0
0	0	0	0	0	0	0	0	0	0	0	0
0	0	0	0	0	0	0	0	0	0	0	0
0	0	0	0	0	0	0	0	0	0	0	0
0	0	0	0	0	0	0	0	0	0	0	0
0	0	0	0	0	0	0	0	0	0	0	0
0	0	0	0	0	0	0	0	0	0	0	0
0	0	0.0865660809936357	0	0.0266163327261182	0.0486385772112226	0	0	0	0	0	0
0	0	0.461454317465326	0	0.141882611648596	0.259275702352049	0	0	0	0	0	0
0	0	0.846377699210787	0	0.260234380436108	0.475551239011818	0	0	0	0	0	0
0.0865660809936357	0	0.975928933863709	0	0.324100792258538	0.556699703143347	0	0	0	0	0	0
0.461454317465326	0	0.677910262647104	0	0.33655039868132	0.425448536000052	0	0	0	0	0	0
0.846377699210787	0	0.294607058099643	0	0.325563783976723	0.247247745399833	0	0	0	0	0	0
1.06249501485734	0	0.0478819307190409	0	0.309704664551703	0.129487338575817	0	0	0	0	0	0
1.13936458011243	0	-0.0662937126690434	0	0.29885012749366	0.0710232035371717	0	0	0	0	0	0
1.14098475731043	0	-0.0987512614659173	0	0.301919984515363	0.0454315485652672	0	0	0	0	0	0
1.11037694557639	0	-0.0886595830839929	0	0.309462140212646	0.0404341943251422	0	0	0	0	0	0
1.07307086744339	0	-0.0629976687000547	0	0.314258552850092	0.0469207195481089	0	0	0	0	0	0
1.04223349584451	0	-0.0379809285730075	0	0.309369240198469	0.0778580855449206	0	0	0	0	0	0
1.02171736249239	0	-0.0200833377190732	0	0.28063422913897	0.178571825623929	0	0	0	0	0	0
1.01007319874333	0	-0.00951649771409765	0	0.25025974599498	0.279149624951048	0	0	0	0	0	0
1.00425256727151	0.0865660809936357	-0.00410630976462909	0	0.221461043253809	0.336361866449102	0	0	0	0	0	0
0.915067943779684	0.461454317465326	-0.00163402477331933	0	0.166493908685189	0.359558439301772	0	0	0	0	0	0
0.539102383563908	0.846377699210787	-0.000556701029233766	0	0.116325106163297	0.363377198681702	0	0	0	0	0	0
0.153768558296089	1.06249501485734	-0.000146257506876445	0	0.0905517018359047	0.357642300744801	0	0	0	0	0	0
-0.0624950148573446	1.13936458011243	0	0	0.0833433501961122	0.349105485373714	0	0	0	0	0	0
-0.139364580112429	1.14098475731043	0	0	0.0853997398262772	0.341545614193875	0	0	0	0	0	0
-0.14098475731043	1.11037694557639	0	0	0.0908556562056014	0.336296426701613	0	0	0	0	0	0
-0.110376945576385	1.07307086744339	0	0	0.0965166572075249	0.333183389021375	0	0	0	0	0	0
0.0134952135502495	0.955667414850877	0	0	0.101228346538542	0.308048218814281	0	0	0	0	0	0
0.419220821620813	0.560263045027067	0	0	0.105428910465681	0.205503325609059	0	0	0	0	0	0
0.824660336718395	0.163695499532544	0	0	0.108410218956505	0.100673116686367	0	0	0	0	0	0
1.05242181611401	-0.0582424475858391	0	0	0.113767190775263	0.0459203046895492	0	0	0	0	0	0
1.13511201284092	-0.13773055533911	0	0	0.130807830276267	0.0425483338932686	0	0	0	0	0	0
1.13935073253711	-0.140428056281197	0	0	0.147804223625694	0.0601188433688122	0	0	0	0	0	0
1.10982024454715	-0.110230688069509	0	0	0.15720694382063	0.0785406362175737	0	0	0	0	0	0
1.07292460993651	-0.0730708674433861	0	0	0.160454938733233	0.0922645576389144	0	0	0	0	0	0
1.04223349584451	-0.042233495844513	0	0	0.160413303084752	0.100711250091215	0	0	0	0	0	0
1.02171736249239	-0.0217173624923926	0	0	0.169118523680247	0.109972729079825	0	0	0	0	0	0
1.01007319874333	-0.0100731987433314	0	0	0.211269639773665	0.133582055994495	0	0	0	0	0	0
1.00425256727151	-0.00425256727150553	0	0	0.254898393914082	0.156507475698554	0	0	0	0	0	0
0.915067943779684	-0.00163402477331933	0	0	0.255797335215818	0.154788523693783	0	0	0	0	0	0
0.539102383563908	-0.000556701029233766	0	0	0.16267796542752	0.0973128043793583	0	0	0	0	0	0
0.153768558296089	-0.000146257506876445	0	0	0.0582993809841134	0.0338200244877732	0	0	0	0	0	0
-0.0624950148573446	0	0	0	-0.00396039825165766	-0.00368673801783227	0	0	0	0	0	0
-0.139364580112429	0	0	0	-0.0292000297498912	-0.0186123815152175	0	0	0	0	0	0
-0.14098475731043	0	0	0	-0.0332621489587709	-0.0207242472788642	0	0	0	0	0	0
-0.110376945576385	0	0	0	-0.0273725113581531	-0.0169021661524017	0	0	0	0	0	0
-0.0730708674433861	0	0	0	-0.0186240932022213	-0.011444246997171	0	0	0	0	0	0
-0.042233495844513	0	0	0	-0.0109478418840218	-0.00670746751146038	0	0	0	0	0	0
-0.0217173624923926	0	0	0	-0.00569423178934443	-0.00348184647156965	0	0	0	0	0	0
-0.0100731987433314	0	0	0	-0.00266468750388534	-0.00162690279704635	0	0	0	0	0	0
-0.00425256727150553	0	0	0	-0.00113531883841823	-0.000692078978659693	0	0	0	0	0	0
-0.00163402477331933	0	0	0	-0.000442809792067198	-0.000269254565194706	0	0	0	0	0	0
-0.000556701029233766	0	0	0	-0.000150862258041435	-9.17331830075566e-05	0	0	0	0	0	0
-0.000146257506876445	0	0	0	-3.96348068069153e-05	-2.41003086755423e-05	0	0	0	0	0	0
0	0	0	0	0	0	0	0	0	0	0	0
0	0	0	0	0	0	0	0	0	0	0	0
0	0	0	0	0	0	0	0	0	0	0	0
0	0	0	0	0	0	0	0	0	0	0	0
0	0	0	0	0	0	0	0	0.0865660809936357	0	0.00279891060948419	0.0486385772112226
0	0	0	0	0	0	0.0865660809936357	0	0.461454317465326	0	0.0278091396717101	0.218995096077468
0	0	0	0	0	0	0.461454317465326	0	0.759811618217151	0	0.0960730363541667	0.260829035324521
0	0	0	0	0	0	0.846377699210787	0	0.601040697392019	0	0.160373150720877	0.203146991908705
0	0	0	0	0	0	1.06249501485734	0	0.292986880901642	0	0.195036943337237	0.145774518085026
0	0	0	0	0	0	1.13936458011243	0	0.0784897424530857	0	0.206534682560897	0.110916181607724
0	0	0	0	0	0	1.14098475731043	0	-0.028987634536044	0	0.205786284311301	0.0929647840595914
0	0	0	0	0	0	1.11037694557639	0	-0.0679138898670442	0	0.200022785369272	0.0862460630356261
0	0	0	0	0	0	1.07307086744339	0	-0.0681434497318725	0	0.193471110601488	0.0862787035963253
0	0	0	0	0	0	1.04223349584451	0	-0.0513535049509936	0	0.188216295130857	0.0891005072980808
0	0	0	0	0	0	1.02171736249239	0	-0.0321602971011816	0	0.19052595152602	0.0903700916004212
0	0	0	0	0	0	1.01007319874333	0	-0.017464795220887	0	0.213465710020778	0.0850066174739869
0	0	0	0	0	0	1.00425256727151	0	-0.00843917397001208	0	0.238041591657873	0.0785314408271277
0	0	0	0	0	0	1.00163402477332	0	-0.00369586624227177	0	0.251949259481273	0.0748144441632053
0	0	0	0	0	0	1.00055670102923	0	-0.00148776726644289	0	0.256873388381167	0.0735449643564236
0	0	0	0	0	0	1.00014625750688	0	-0.000556701029233766	0	0.256914993522649	0.0736213112858158
0	0	0	0	0	0	1	0	-0.000146257506876445	0	0.254863379877517	0.0743026266025117
0	0	0	0	0	0	1	0	0	0	0.252389329965075	0.075050092649798
0	0	0	0	0	0	1	0	0	0	0.250344269204945	0.0756679514388011
0	0	0	0	0	0	1	0	0	0	0.243479322832805	0.0974778278444828
0	0	0	0	0	0	1	0	0	0	0.218869576191329	0.190382113244346
0	0	0	0	0	0	1	0	0	0	0.194007940481409	0.285650368837622
0	0	0	0	0	0	1	0	0	0	0.180092312705648	0.339126233415246
0	0	0	0	0	0	1	0	0	0	0.175133061521564	0.358149690318831
0	0	0	0	0	0	1	0	0	0	0.175002821775923	0.358558415779293
0	0	0	0	0	0	1	0	0	0	0.176939341674754	0.350995208592143
0	0	0	0	0	0	1	0	0	0	0.179311475026032	0.341773284358126
0	0	0	0	0	0	1	0	0	0	0.181272291099345	0.334150400402133
0	0	0	0	0	0	1	0	0	0	0.182576823942233	0.329078888283552
0	0	0	0	0	0	1	0	0	0	0.183317226325952	0.326200494165588
0	0	0	0	0	0	1	0	0	0	0.183687335292931	0.324761655640778
0	0	0	0	0	0	1	0	0	0	0.183853837168833	0.324114361641239
0	0	0	0	0	0	1	0.0865660809936357	0	0	0.180887951408125	0.324411607196534
0	0	0	0	0	0	0.913433919006364	0.461454317465326	0	0	0.16777314732882	0.326750716288376
0	0	0	0	0	0	0.538545682534674	0.846377699210787	0	0	0.154289784318122	0.32922046123222
0	0	0	0	0	0	0.153622300789213	1.06249501485734	0	0	0.146714255720339	0.330627411930663
0	0	0	0	0	0	-0.0624950148573446	1.13936458011243	0	0	0.144019758113116	0.331127842394557
0	0	0	0	0	0	-0.139364580112429	1.14098475731043	0	0	0.143962966279198	0.331138389950331
0	0	0	0	0	0	-0.14098475731043	1.11037694557639	0	0	0.145035857418963	0.330939129275784
0	0	0	0	0	0	-0.0238108645827498	0.98650478644975	0	0	0.146343541909315	0.307197755085449
0	0	0	0	0	0	0.38838345002194	0.580779178379187	0	0	0.147424479777384	0.205232963330586
0	0	0	0	0	0	0.804144203366274	0.175339663281605	0	0	0.148143628793556	0.100611307214748
0	0	0	0	0	0	1.04077765236495	-0.0524218161140132	0	0	0.148551789959237	0.0418700967201702
0	0	0	0	0	0	1.1292913813691	-0.135112012840924	0	0	0.148755819701325	0.0209658320757205
0	0	0	0	0	0	1.13673219003892	-0.139350732537111	0	0	0.14884760708782	0.0205089852364885
0	0	0	0	0	0	1.10874292080307	-0.109820244547152	0	0	0.148885370359161	0.0288105132337393
0	0	0	0	0	0	1.07251416641415	-0.0729246099365097	0	0	0.148991128185565	0.0429865849756304
0	0	0	0	0	0	1.04208723833764	-0.042233495844513	0	0	0.14939194994398	0.0689040909010802
0	0	0	0	0	0	1.02171736249239	-0.0217173624923926	0	0	0.151235458772928	0.0976155695431009
0	0	0	0	0	0	1.01007319874333	-0.0100731987433314	0	0	0.157687688963012	0.133087026181184
0	0	0	0	0	0	1.00425256727151	-0.00425256727150553	0	0	0.164159552440381	0.161053944375254
0	0	0	0	0	0	1.00163402477332	-0.00163402477331933	0	0	0.16774937110645	0.174635495837054
0	0	0	0	0	0	0.913990620035598	-0.000556701029233766	0	0	0.154574594298477	0.163781852764937
0	0	0	0	0	0	0.538691940041551	-0.000146257506876445	0	0	0.0921196142477994	0.100468907073445
0	0	0	0	0	0	0.153622300789213	0	0	0	0.0274649099104736	0.0338254303871156
0	0	0	0	0	0	-0.0624950148573446	0	0	0	-0.0091732672102343	-0.00495533744214185
0	0	0	0	0	0	-0.139364580112429	0	0	0	-0.0225011620890886	-0.0199926186579112
0	0	0	0	0	0	-0.14098475731043	0	0	0	-0.0231177884003193	-0.0217466683965895
0	0	0	0	0	0	-0.110376945576385	0	0	0	-0.0182157472313706	-0.0175150570020047
0	0	0	0	0	0	-0.0730708674433861	0	0	0	-0.0120997103223439	-0.0117627910914859
0	0	0	0	0	0	-0.042233495844513	0	0	0	-0.00700725357955663	-0.00685564850490812
0	0	0	0	0	0	-0.0217173624923926	0	0	0	-0.00360806597551511	-0.00354562783628829
0	0	0	0	0	0	-0.0100731987433314	0	0	0	-0.00167539376666243	-0.00165120250095578
0	0	0	0	0	0	-0.00425256727150553	0	0	0	-0.000708320285919429	-0.000700737938828479
0	0	0	0	0	0	-0.00163402477331933	0	0	0	-0.000272168038914343	-0.000269254565194706
0	0	0	0	0	0	-0.000556701029233766	0	0	0	-9.27257835145075e-05	-9.17331830075566e-05
0	0	0	0	0	0	-0.000146257506876445	0	0	0	-2.43610864859781e-05	-2.41003086755423e-05
0	0	0	0	0	0	0	0	0	0	0	0
0	0	0	0	0	0	0	0	0	0	0	0
0	0	0	0	0	0	0	0	0	0	0	0
0	0	0	0	0	0	0	0	0	0	0	0
0	0	0	0	0	0	0	0	0	0	0	0
0	0	0	0	0	0	0	0	0	0	0	0
0	0	0	0	0	0	0	0	0	0	0	0
0	0	0	0	0	0	0	0	0	0	0	0
0	0	0	0	0	0	0	0	0	0	0	0
0	0	0	0	0	0	0	0	0	0	0	0
0	0	0	0	0	0	0	0	0	0	0	0
0	0	0	0	0	0	0	0	0	0	0	0
0	0	0	0	0	0	0	0	0	0	0	0
0	0	0	0	0	0	0	0	0	0	0	0
0	0	0	0	0	0	0	0	0	0	0	0
0	0	0	0	0	0	0	0	0	0	0	0
0	0	0	0	0	0	0	0	0	0	0	0
0	0	0	0	0	0	0	0	0	0	0	0
0	0	0	0	0	0	0	0	0	0	0	0
0	0	0	0	0	0	0	0	0	0	0	0
0	0	0	0	0	0	0	0	0	0	0	0
0	0	0	0	0	0	0	0	0	0	0	0
0	0	0	0	0	0	0	0	0	0	0	0
0	0	0	0	0	0	0	0	0	0	0	0
0	0	0	0	0	0	0	0	0	0	0	0
0	0	0	0	0	0	0	0	0	0	0	0
0	0	0	0	0	0	0	0	0	0	0	0
0	0	0	0	0	0	0	0	0	0	0	0
0	0	0	0.0865660809936357	0.0310795560632952	0.00562946002053455	0	0	0	0	0	0
0	0	0	0.461454317465326	0.165674536327544	0.0300087355423321	0	0	0	0	0	0
0.0865660809936357	0	0	0.846377699210787	0.29035712131471	0.0543566217842343	0	0	0	0	0	0
0.461454317465326	0	0	0.975928933863709	0.30941897145552	0.0654488040089736	0	0	0	0	0	0
0.846377699210787	0	0	0.677910262647104	0.276920371580863	0.0674063055389737	0	0	0	0	0	0
1.06249501485734	0	0	0.294607058099643	0.243760359767246	0.0658040640330201	0	0	0	0	0	0
1.13936458011243	0	0	0.0478819307190409	0.220769933294339	0.0632062463013639	0	0	0	0	0	0
1.14098475731043	0	0	-0.0662937126690434	0.207123092794865	0.0607674013632976	0	0	0	0	0	0
1.11037694557639	0	0	-0.0987512614659173	0.200830344188917	0.0590038637614896	0	0	0	0	0	0
1.07307086744339	0	0	-0.0886595830839929	0.199075346025296	0.0574206440928895	0	0	0	0	0	0
1.04223349584451	0	0	-0.0629976687000547	0.198784153726475	0.0545520346796539	0	0	0	0	0	0
1.02171736249239	0	0	-0.0379809285730075	0.198947579738503	0.051917542725303	0	0	0	0	0	0
1.01007319874333	0	0	-0.0200833377190732	0.199292075840171	0.0504816191096593	0	0	0	0	0	0
1.00425256727151	0	0	-0.00951649771409765	0.199624342442552	0.0499746583725393	0	0	0	0	0	0
1.00163402477332	0	0	-0.00410630976462909	0.199881808413722	0.0499584788428038	0	0	0	0	0	0
1.00055670102923	0	0	-0.00163402477331933	0.200073032193352	0.0501497570533115	0	0	0	0	0	0
1.00014625750688	0	0	-0.000556701029233766	0.20022917873146	0.0503873555765627	0	0	0	0	0	0
1	0	0.0865660809936357	-0.000146257506876445	0.194009251592282	0.0519681663711648	0	0	0	0	0	0
0.913433919006364	0	0.461454317465326	0	0.166695034886722	0.0580990645996787	0	0	0	0	0	0
0.538545682534674	0	0.846377699210787	0	0.13862641138083	0.0643348935941484	0	0	0	0	0	0
0.153622300789213	0	1.06249501485734	0	0.122865361267829	0.0678315290612793	0	0	0	0	0	0
-0.0624950148573446	0	1.13936458011243	0	0.117260754020621	0.0690786718610261	0	0	0	0	0	0
-0.139364580112429	0	1.14098475731043	0	0.117145148362398	0.0691113788502156	0	0	0	0	0	0
-0.14098475731043	0	1.11037694557639	0	0.119380368719135	0.0686239216107067	0	0	0	0	0	0
-0.110376945576385	0	1.07307086744339	0	0.122103874925928	0.0680275645195582	0	0	0	0	0	0
-0.0730708674433861	0.0865660809936357	0.955667414850877	0	0.144078245240252	0.0727073779187681	0	0	0	0	0	0
-0.042233495844513	0.461454317465326	0.560263045027067	0	0.230991173866662	0.0947836847242674	0	0	0	0	0	0
-0.0217173624923926	0.846377699210787	0.163695499532544	0	0.319542925465638	0.117601772239742	0	0	0	0	0	0
-0.0100731987433314	1.06249501485734	-0.0582424475858391	0	0.369208444950732	0.130424590986431	0	0	0	0	0	0
-0.00425256727150553	1.13936458011243	-0.13773055533911	0	0.386913715376409	0.134976690708373	0	0	0	0	0	0
0.0849320562203163	1.14098475731043	-0.140428056281197	0	0.378036023662325	0.133702094550236	0	0	0	0	0	0
0.460897616436092	1.02381086458275	-0.110230688069509	0	0.330706772649351	0.126001806023294	0	0	0	0	0	0
0.846231441703911	0.61161654997806	-0.0730708674433861	0	0.280751036969611	0.117748450375065	0	0	0	0	0	0
1.06249501485734	0.195855796633726	-0.042233495844513	0	0.250443384402495	0.112524709247042	0	0	0	0	0	0
1.13936458011243	-0.0407776523649521	-0.0217173624923926	0	0.23748804144011	0.110096094699411	0	0	0	0	0	0
1.14098475731043	-0.129291381369098	-0.0100731987433314	0	0.23466047328193	0.109374849508897	0	0	0	0	0	0
1.11037694557639	-0.136732190038925	-0.00425256727150553	0	0.237169625720927	0.113333152096953	0	0	0	0	0	0
1.07307086744339	-0.108742920803066	-0.00163402477331933	0	0.242922027070861	0.130335240218569	0	0	0	0	0	0
1.04223349584451	-0.0725141664141523	-0.000556701029233766	0	0.248391105375091	0.14777193133685	0	0	0	0	0	0
1.02171736249239	-0.0420872383376366	-0.000146257506876445	0	0.251851023079708	0.157623570360767	0	0	0	0	0	0
1.01007319874333	-0.0217173624923926	0	0	0.253549877082458	0.161195628553902	0	0	0	0	0	0
1.00425256727151	-0.0100731987433314	0	0	0.254186984686802	0.161358315385485	0	0	0	0	0	0
1.00163402477332	-0.00425256727150553	0	0	0.254278825540211	0.160046009866722	0	0	0	0	0	0
1.00055670102923	-0.00163402477331933	0	0	0.254163002271006	0.158413443132391	0	0	0	0	0	0
1.00014625750688	-0.000556701029233766	0	0	0.254015545129133	0.157056446170116	0	0	0	0	0	0
1	-0.000146257506876445	0	0	0.253903780826158	0.156151651032233	0	0	0	0	0	0
0.913433919006364	0	0	0.0865660809936357	0.240730055661506	0.147283669685969	0	0	0	0	0	0
0.538545682534674	0	0	0.461454317465326	0.183956390191392	0.11085164498214	0	0	0	0	0	0
0.153622300789213	0	0	0.846377699210787	0.125683857861414	0.0735928578016019	0	0	0	0	0	0
-0.0624950148573446	0	0	0.975928933863709	0.084102450845014	0.0476099199578451	0	0	0	0	0	0
-0.139364580112429	0	0	0.677910262647104	0.0340686208459336	0.0181695021780226	0	0	0	0	0	0
-0.14098475731043	0	0	0.294607058099643	-0.00560278004930639	-0.00458711023467298	0	0	0	0	0	0
-0.110376945576385	0	0	0.0478819307190409	-0.0231059787723037	-0.0143190383964118	0	0	0	0	0	0
-0.0730708674433861	0	0	-0.0662937126690434	-0.025333154821336	-0.0152312095848513	0	0	0	0	0	0
-0.042233495844513	0	0	-0.0987512614659173	-0.0208320152108508	-0.0123506702899028	0	0	0	0	0	0
-0.0217173624923926	0	0	-0.0886595830839929	-0.0145920335105719	-0.00857439145218193	0	0	0	0	0	0
-0.0100731987433314	0	0	-0.0629976687000547	-0.00900871929415113	-0.00526104199114232	0	0	0	0	0	0
-0.00425256727150553	0	0	-0.0379809285730075	-0.00496931699207969	-0.00288932471993989	0	0	0	0	0	0
-0.00163402477331933	0	0	-0.0200833377190732	-0.00247167472419706	-0.00143241626744652	0	0	0	0	0	0
-0.000556701029233766	0	0	-0.00951649771409765	-0.0011159884786348	-0.000644984118694682	0	0	0	0	0	0
-0.000146257506876445	0	0	-0.00410630976462909	-0.00045769912672576	-0.000263725551954229	0	0	0	0	0	0
0	0	0	-0.00163402477331933	-0.00016736290141816	-9.59121818019939e-05	0	0	0	0	0	0
0	0	0	-0.000556701029233766	-5.70193922371035e-05	-3.26766222869202e-05	0	0	0	0	0	0
0	0	0	-0.000146257506876445	-1.4980238430109e-05	-8.5848616364267e-06	0	0	0	0	0	0
0	0	0	0	0	0	0	0	0	0	0	0
0	0	0	0	0	0	0	0	0	0	0	0
0	0	0	0	0	0	0	0	0	0	0	0
0	0	0	0	0	0	0	0	0	0.0865660809936357	0.0329725628623174	0.00562946002053455
0	0	0	0	0	0	0	0	0	0.461454317465326	0.175765511341929	0.0300087355423321
0	0	0	0	0	0	0	0	0	0.846377699210787	0.322380793633744	0.0550406044179064
0	0	0	0	0	0	0	0	0	1.06249501485734	0.404698737267063	0.0690948826549792
0	0	0	0	0	0	0	0	0	1.13936458011243	0.433977948517929	0.0740937706655291
0	0	0	0	0	0	0	0	0	1.14098475731043	0.434595065452137	0.0741991320571693
0	0	0	0	0	0	0	0	0	1.11037694557639	0.422936711684765	0.0722086820969184
0	0	0	0	0	0	0	0	0	1.07307086744339	0.408727023637581	0.0697826386285985
0	0	0	0	0	0	0	0	0	1.04223349584451	0.396981231730619	0.067777260210613
0	0	0	0	0	0	0	0	0	1.02171736249239	0.389166744937643	0.0664430799964226
0	0	0	0	0	0	0.0865660809936357	0	0	0.923507117749696	0.364377780648262	0.0650018682778077
0	0	0	0	0	0	0.461454317465326	0	0	0.54279824980618	0.274015508504092	0.0616612520438262
0	0	0	0	0	0	0.846377699210787	0	0	0.155256325562532	0.182513391562621	0.0584495796945341
0	0	0	0	0	0	1.06249501485734	0	0	-0.0619383138281109	0.131288675383913	0.0566719175904141
0	0	0	0	0	0	1.13936458011243	0	0	-0.139218322605553	0.113959046869562	0.0554940532227974
0	0	0	0	0	0	1.14098475731043	0	0	-0.14098475731043	0.117422533406594	0.0531167055521921
0	0	0	0	0	0	1.11037694557639	0	0	-0.110376945576385	0.128623702867026	0.0509404709714847
0	0	0	0	0	0	1.07307086744339	0	0	-0.0730708674433861	0.139643627042519	0.0498775951329879
0	0	0	0	0	0	1.04223349584451	0	0.0865660809936357	-0.042233495844513	0.140538453243278	0.0510242936794582
0	0	0	0	0	0	0.935151281498757	0	0.461454317465326	-0.0217173624923926	0.114391151099052	0.0571782360334057
0	0	0	0	0	0	0.548618881278006	0	0.846377699210787	-0.0100731987433314	0.0849930551366186	0.0636251977797047
0	0	0	0	0	0	0.157874868060718	0.0865660809936357	0.975928933863709	-0.00425256727150553	0.091213998552873	0.0725391384792104
0	0	0	0	0	0	-0.0608609900840253	0.461454317465326	0.677910262647104	-0.00163402477331933	0.185212990958436	0.0963890139811756
0	0	0	0	0	0	-0.138807879083196	0.846377699210787	0.294607058099643	-0.000556701029233766	0.287855435039007	0.119556859449267
0	0	0	0	0	0	-0.140838499803554	1.06249501485734	0.0478819307190409	-0.000146257506876445	0.348042784721227	0.132059223005439
0	0	0	0	0	0	-0.0238108645827498	1.05279849911879	-0.0662937126690434	0	0.360022919033096	0.134739514625274
0	0	0	0	0	0	0.38838345002194	0.679530439845104	-0.0987512614659173	0	0.312767560083595	0.128494605490092
0	0	0	0	0	0	0.804144203366274	0.263999246365598	-0.0886595830839929	0	0.254729373744078	0.12032220714772
0	0	0	0	0	0	1.04077765236495	0.0105758525860415	-0.0629976687000547	0	0.216785537115473	0.114528024653831
0	0	0	0	0	0	1.1292913813691	-0.0971310842679164	-0.0379809285730075	0	0.198739317942949	0.111390302535214
0	0	0	0	0	0	1.13673219003892	-0.119267394818038	-0.0200833377190732	0	0.193262991183279	0.110096910819184
0	0	0	0	0	0	1.10874292080307	-0.100303746833054	-0.00951649771409765	0	0.194343567153885	0.109862568472888
0	0	0	0	0	0	1.07251416641415	-0.0688183001718806	-0.00410630976462909	0	0.190663014436849	0.113919082552497
0	0	0	0	0	0	1.04208723833764	-0.0405994710711937	-0.00163402477331933	0	0.163109952518381	0.130817637381745
0	0	0	0	0	0	1.02171736249239	-0.0211606614631588	-0.000556701029233766	0	0.133744087667097	0.148092870639237
0	0	0	0	0	0	1.01007319874333	-0.00992694123645497	-0.000146257506876445	0	0.117325134008212	0.157805723095221
0	0	0	0	0	0	1.00425256727151	-0.00425256727150553	0	0	0.111709965601241	0.161286682232095
0	0	0	0	0	0	1.00163402477332	-0.00163402477331933	0	0	0.111926713397249	0.161399277938624
0	0	0	0	0	0	1.00055670102923	-0.000556701029233766	0	0	0.11460170534567	0.160062862727099
0	0	0	0	0	0	1.00014625750688	-0.000146257506876445	0	0	0.117741204270162	0.15841986380901
0	0	0	0	0	0	1	0	0	0	0.120310477019575	0.157058734114995
0	0	0	0	0	0	1	0	0	0.0865660809936357	0.117519260146835	0.147798494958763
0	0	0	0	0	0	0.913433919006364	0	0	0.461454317465326	0.0990480782991232	0.11110899349165
0	0	0	0	0	0	0.538545682534674	0	0	0.846377699210787	0.0795751824894824	0.0737086318395667
0	0	0	0	0	0	0.153622300789213	0	0	0.975928933863709	0.0623587541625979	0.047657551844719
0	0	0	0	0	0	-0.0624950148573446	0	0	0.677910262647104	0.0314848379411909	0.0181876491830732
0	0	0	0	0	0	-0.139364580112429	0	0	0.294607058099643	0.00373449751450404	-0.00458064372814674
0	0	0	0	0	0	-0.14098475731043	0	0	0.0478819307190409	-0.0102191988661972	-0.0143190383964118
0	0	0	0	0	0	-0.110376945576385	0	0	-0.0662937126690434	-0.0138170520264074	-0.0152312095848513
0	0	0	0	0	0	-0.0730708674433861	0	0	-0.0987512614659173	-0.0123350575602384	-0.0123506702899028
0	0	0	0	0	0	-0.042233495844513	0	0	-0.0886595830839929	-0.009068882111593	-0.00857439145218193
0	0	0	0	0	0	-0.0217173624923926	0	0	-0.0629976687000547	-0.00578059512253285	-0.00526104199114232
0	0	0	0	0	0	-0.0100731987433314	0	0	-0.0379809285730075	-0.00325970422479015	-0.00288932471993989
0	0	0	0	0	0	-0.00425256727150553	0	0	-0.0200833377190732	-0.00164755586081151	-0.00143241626744652
0	0	0	0	0	0	-0.00163402477331933	0	0	-0.00951649771409765	-0.000753757802197551	-0.000644984118694682
0	0	0	0	0	0	-0.000556701029233766	0	0	-0.00410630976462909	-0.000313609896707976	-0.000263725551954229
0	0	0	0	0	0	-0.000146257506876445	0	0	-0.00163402477331933	-0.000117589521772458	-9.59121818019939e-05
0	0	0	0	0	0	0	0	0	-0.000556701029233766	-4.00619432867318e-05	-3.26766222869202e-05
0	0	0	0	0	0	0	0	0	-0.000146257506876445	-1.05251466012334e-05	-8.5848616364267e-06
0	0	0	0	0	0	0	0	0	0	0	0
0	0	0	0	0	0	0	0	0	0	0	0
0	0	0	0	0	0	0	0	0	0	0	0
0	0	0	0	0	0	0	0	0	0	0	0
0	0	0	0	0	0	0	0	0	0	0	0
0	0	0	0	0	0	0	0	0	0	0	0
0	0	0	0	0	0	0	0	0	0	0	0
0	0	0	0	0	0	0	0	0	0	0	0
0	0	0	0	0	0	0	0	0	0	0	0
0	0	0	0	0	0	0	0	0	0	0	0
0	0	0	0	0	0	0	0	0	0	0	0
0	0	0	0	0	0	0	0	0	0	0	0
0	0	0	0	0	0	0	0	0	0	0	0
0	0	0	0	0	0	0	0	0	0	0	0
0	0	0	0	0	0	0	0	0	0	0	0
0	0	0	0	0	0	0	0	0	0	0	0
0	0	0	0	0	0	0	0	0	0	0	0
0	0	0	0	0	0	0	0	0	0	0	0
0	0	0	0	0	0	0	0	0	0	0	0
0	0	0	0	0	0	0	0	0	0	0	0
