0	0	0	0	0	0	0	0	0	0	0	0
0	0	0	0	0	0	0	0	0	0	0	0
0	0	0	0	0	0	0	0	0	0	0	0
0	0	0	0	0	0	0	0	0	0	0	0
0	0	0	0	0	0	0	0	0	0	0	0
0	0	0	0	0	0	0	0	0	0	0	0
0	0	0	0	0	0	0	0	0	0	0	0
0	0.0865660809936357	0	0	0.031534531422458	0.00901089820244617	0	0	0	0	0	0
0	0.461454317465326	0	0	0.168099855129275	0.0480340317134725	0	0	0	0	0	0
0	0.846377699210787	0	0	0.308320809313205	0.0881017507188493	0	0	0	0	0	0
0.0865660809936357	0.975928933863709	0	0	0.374425237646945	0.104177764061732	0	0	0	0	0	0
0.461454317465326	0.677910262647104	0	0	0.347759910287166	0.084375519073218	0	0	0	0	0	0
0.846377699210787	0.294607058099643	0	0	0.292219165816479	0.0559960986975361	0	0	0	0	0	0
0.975928933863709	0.134448011712677	0	0	0.24662598925683	0.0425535345113562	0	0	0	0	0	0
0.677910262647104	0.395160604796283	0	0	0.209145351843405	0.0579655347088496	0	0	0	0	0	0
0.294607058099643	0.74762643774487	0	0	0.184654839082805	0.0803009071434478	0	0	0	0	0	0
0.0478819307190409	0.973835431773352	0	0	0.188569300193106	0.0953494294088501	0	0	0	0	0	0
-0.0662937126690434	1.07636691141237	0	0	0.24881584601207	0.104212402398053	0	0	0	0	0	0
-0.0987512614659173	1.10300382873742	0	0	0.314436188670925	0.108242844823736	0	0	0	0	0	0
-0.0886595830839929	1.09029360785731	0	0	0.329553264296206	0.115999808313241	0	0	0	0	0	0
-0.0629976687000547	1.06355436972929	0	0	0.243010433547593	0.146283743598983	0	0	0	0	0	0
-0.0379809285730075	1.03812718607988	0	0	0.140544422132733	0.177043502182224	0	0	0	0	0	0
-0.0200833377190732	1.02008333771907	0	0	0.0778757214960436	0.193877296937308	0	0	0	0	0	0
-0.00951649771409765	1.0095164977141	0	0	0.0514281868814829	0.199437390448299	0	0	0	0	0	0
0.0824597712290066	1.00410630976463	0	0	0.0613007618069993	0.220489919432223	0	0	0	0	0	0
0.459820292692007	0.915067943779684	0	0	0.131852630399286	0.310535895037533	0	0	0	0	0	0
0.845820998181553	0.539102383563908	0	0	0.207361560465415	0.402648295459903	0	0	0	0	0	0
1.06234875735047	0.153768558296089	0.0865660809936357	0	0.246540576348442	0.424345326801845	0	0	0	0	0	0
1.05279849911879	-0.0624950148573446	0.461454317465326	0	0.239079713402536	0.315169920919298	0	0	0	0	0	0
0.679530439845104	-0.139364580112429	0.846377699210787	0	0.215613271037551	0.184726223556741	0	0	0	0	0	0
0.263999246365598	-0.14098475731043	1.06249501485734	0	0.196767877313411	0.103738587794285	0	0	0	0	0	0
0.0971419335796771	-0.110376945576385	1.05279849911879	0	0.193656086579	0.0779998092942138	0	0	0	0	0	0
0.364323233197409	-0.0730708674433861	0.679530439845104	0	0.223348229992156	0.1115579660647	0	0	0	0	0	0
0.727110304392749	-0.042233495844513	0.263999246365598	0	0.257835373672934	0.1597225619978	0	0	0	0	0	0
0.962191268024291	-0.0217173624923926	0.0105758525860415	0	0.278551035883702	0.193528982049246	0	0	0	0	0	0
0.983980198946913	-0.0100731987433314	-0.0971310842679164	0	0.262935521452954	0.193001357340517	0	0	0	0	0	0
0.638930968773911	-0.00425256727150553	-0.119267394818038	0	0.160566660847778	0.121211883487189	0	0	0	0	0	0
0.242838584902439	-0.00163402477331933	-0.100303746833054	0	0.0520804663260248	0.0411202099809429	0	0	0	0	0	0
0.000648911349586501	-0.000556701029233766	-0.0688183001718806	0	-0.0107187297509131	-0.00628694765573947	0	0	0	0	0	0
-0.101383651539422	-0.000146257506876445	-0.0405994710711937	0	-0.0346529357646634	-0.0249246692283603	0	0	0	0	0	0
-0.120901419591357	0	-0.0211606614631588	0	-0.0369353432754559	-0.0271889813500007	0	0	0	0	0	0
-0.100860447862288	0	-0.00992694123645497	0	-0.0295416592293383	-0.0219618717110646	0	0	0	0	0	0
-0.068964557678757	0	-0.00425256727150553	0	-0.0197751321908087	-0.0147759872570277	0	0	0	0	0	0
-0.0405994710711937	0	-0.00163402477331933	0	-0.0115063296071447	-0.00863216911790285	0	0	0	0	0	0
-0.0211606614631588	0	-0.000556701029233766	0	-0.0059431970567503	-0.0044704893729184	0	0	0	0	0	0
-0.00992694123645497	0	-0.000146257506876445	0	-0.00276706543789673	-0.00208604877228784	0	0	0	0	0	0
-0.00425256727150553	0	0	0	-0.00117391063928105	-0.000887550736777559	0	0	0	0	0	0
-0.00163402477331933	0	0	0	-0.000451068482584938	-0.000341036319681526	0	0	0	0	0	0
-0.000556701029233766	0	0	0	-0.000153675937237994	-0.000116188734266943	0	0	0	0	0	0
-0.000146257506876445	0	0	0	-4.03740217226936e-05	-3.05253155798946e-05	0	0	0	0	0	0
0	0	0	0	0	0	0	0	0	0	0	0
0	0	0	0	0	0	0	0	0	0	0	0
0	0	0	0	0	0	0	0	0	0	0	0
0	0	0	0	0	0	0	0.0865660809936357	0	0	0.0272287314841153	0.00901089820244617
0	0	0	0	0	0	0	0.461454317465326	0	0	0.145147101014921	0.0480340317134725
0	0	0	0	0	0	0	0.846377699210787	0	0	0.266221952541067	0.0881017507188493
0	0	0	0	0	0	0.0865660809936357	0.975928933863709	0	0	0.323322935316201	0.104177764061732
0	0	0	0	0	0	0.461454317465326	0.677910262647104	0	0	0.300396472888488	0.084375519073218
0	0	0	0	0	0	0.846377699210787	0.294607058099643	0	0	0.252539932591071	0.0559960986975361
0	0	0	0	0	0	1.06249501485734	0.0478819307190409	0	0	0.215757028317084	0.0367815807098746
0	0	0	0	0	0	1.05279849911879	0.0202723683245923	0	0	0.202046749512379	0.0329691671154896
0	0	0	0	0	0	0.679530439845104	0.362703055999409	0	0	0.225415283922508	0.0546354276502939
0	0	0	0	0	0	0.263999246365598	0.757718116126794	0	0	0.256970411414968	0.0804353735282335
0	0	0	0	0	0	0.0105758525860415	0.99949734615729	0	0	0.277176056996523	0.0964001505107572
0	0	0	0	0	0	-0.0971310842679164	1.10138365153942	0	0	0.291666356995014	0.10371079118064
0	0	0	0	0	0	-0.119267394818038	1.12090141959136	0	0	0.317920503190622	0.107250637102322
0	0	0	0	0	0	-0.100303746833054	1.10086044786229	0	0	0.341336353841371	0.108202486887572
0	0	0	0	0	0	-0.0688183001718806	1.06896455767876	0	0	0.352668590209104	0.107362350780165
0	0	0	0	0	0	-0.0405994710711937	1.04059947107119	0	0	0.3484266358273	0.113223195347478
0	0	0	0	0	0	-0.0211606614631588	1.02116066146316	0	0	0.317474776967479	0.143516935190571
0	0	0	0	0	0	-0.00992694123645497	1.00992694123645	0	0	0.284346470029738	0.175010262461691
0	0	0	0	0	0	-0.00425256727150553	1.00425256727151	0	0	0.264492211706408	0.192616772044404
0	0	0	0	0	0	-0.00163402477331933	1.00163402477332	0	0	0.256233780780618	0.19873642945444
0	0	0	0	0	0	0.0860093799644019	0.913990620035598	0	0	0.254678316922253	0.220134882193139
0	0	0	0	0	0	0.461308059958449	0.538691940041551	0	0	0.256283433477795	0.310368896915826
0	0	0	0	0	0	0.846377699210787	0.153622300789213	0	0	0.258815140178702	0.402577285590912
0	0	0	0	0	0	1.06249501485734	-0.0624950148573446	0.0865660809936357	0	0.250283648765171	0.424320328271517
0	0	0	0	0	0	1.05279849911879	-0.139364580112429	0.461454317465326	0	0.205147769644608	0.315163648170349
0	0	0	0	0	0	0.679530439845104	-0.14098475731043	0.846377699210787	0	0.158110750669967	0.184723833737351
0	0	0	0	0	0	0.263999246365598	-0.110376945576385	1.06249501485734	0	0.131650852405144	0.103737736205682
0	0	0	0	0	0	0.0105758525860415	-0.0730708674433861	1.13936458011243	0	0.122285811180719	0.0683389802119666
0	0	0	0	0	0	-0.0105650032742808	-0.042233495844513	1.05441867631679	0	0.135701624299101	0.0697202030988063
0	0	0	0	0	0	0.342186922647288	-0.0217173624923926	0.64892262811106	0	0.198151757455638	0.116764870508025
0	0	0	0	0	0	0.746073952377733	-0.0100731987433314	0.226693168232599	0	0.262983943304899	0.169410153702044
0	0	0	0	0	0	0.993676714685464	-0.00425256727150553	-0.0202615190128316	0	0.300609396307971	0.202489819789635
0	0	0	0	0	0	1.0121990280476	-0.00163402477331933	-0.117647217620037	0	0.289548880164723	0.199273767221014
0	0	0	0	0	0	0.658369778381946	-0.000556701029233766	-0.130911558567099	0	0.180248419530722	0.124873186633974
0	0	0	0	0	0	0.254072305129143	-0.000146257506876445	-0.10612437830488	0	0.0622132615460061	0.0429821480367551
0	0	0	0	0	0	0.00632328531453594	0	-0.0714368426700668	0	-0.00728467346344741	-0.00543979880752988
0	0	0	0	0	0	-0.0987651090412358	0	-0.0416767948152793	0	-0.03473231950985	-0.0245612217642129
0	0	0	0	0	0	-0.119824095847272	0	-0.0215711049855161	0	-0.038368294501539	-0.027050513541976
0	0	0	0	0	0	-0.100450004339931	0	-0.0100731987433314	0	-0.0311075564788239	-0.0219125300713963
0	0	0	0	0	0	-0.0688183001718806	0	-0.00425256727150553	0	-0.0209712789401294	-0.0147759872570277
0	0	0	0	0	0	-0.0405994710711937	0	-0.00163402477331933	0	-0.0122497771213163	-0.00863216911790285
0	0	0	0	0	0	-0.0211606614631588	0	-0.000556701029233766	0	-0.00634342418384047	-0.0044704893729184
0	0	0	0	0	0	-0.00992694123645497	0	-0.000146257506876445	0	-0.00295978322611103	-0.00208604877228784
0	0	0	0	0	0	-0.00425256727150553	0	0	0	-0.00125917416067396	-0.000887550736777559
0	0	0	0	0	0	-0.00163402477331933	0	0	0	-0.000483830505457568	-0.000341036319681526
0	0	0	0	0	0	-0.000556701029233766	0	0	0	-0.000164837733650617	-0.000116188734266943
0	0	0	0	0	0	-0.000146257506876445	0	0	0	-4.33064691762571e-05	-3.05253155798946e-05
0	0	0	0	0	0	0	0	0	0	0	0
0	0	0	0	0	0	0	0	0	0	0	0
0	0	0	0	0	0	0	0	0	0	0	0
0	0	0	0	0	0	0	0	0	0	0	0
0	0	0	0	0	0	0	0	0	0	0	0
0	0	0	0	0	0	0	0	0	0	0	0
0	0	0	0	0	0	0	0	0	0	0	0
0	0	0	0	0	0	0	0	0	0	0	0
0	0	0	0	0	0	0	0	0	0	0	0
0	0	0	0	0	0	0	0	0	0	0	0
0	0	0	0	0	0	0	0	0	0	0	0
0	0	0	0	0	0	0	0	0	0	0	0
0	0	0	0	0	0	0	0	0	0	0	0
0	0	0	0	0	0	0	0	0	0	0	0
0	0	0	0	0	0	0	0	0	0	0	0
0	0	0	0	0	0	0	0	0	0	0	0
0	0	0	0	0	0	0	0	0	0	0	0
0	0	0	0	0	0	0	0	0	0	0	0
0	0	0	0	0	0	0	0	0	0	0	0
0	0	0	0	0	0	0	0	0	0	0	0
0	0	0	0	0	0	0	0	0	0	0	0
0	0	0	0	0	0	0	0	0	0	0	0
0.0865660809936357	0	0	0	0.0351374348665136	0.0102655045466929	0	0	0	0	0	0
0.461454317465326	0	0	0	0.187305707243481	0.0547219111649472	0	0	0	0	0	0
0.846377699210787	0	0	0	0.343547275527872	0.100368343117053	0	0	0	0	0	0
1.06249501485734	0	0	0	0.431269949523186	0.125996779346618	0	0	0	0	0	0
1.05279849911879	0.0865660809936357	0	0	0.439660758248947	0.134442864796565	0	0	0	0	0	0
0.679530439845104	0.461454317465326	0	0	0.341532663628137	0.131735399805128	0	0	0	0	0	0
0.263999246365598	0.846377699210787	0	0	0.227678798042713	0.125128536820749	0	0	0	0	0	0
0.0105758525860415	1.06249501485734	0	0	0.153529999279246	0.175370142035658	0	0	0	0	0	0
-0.0971310842679164	1.13936458011243	0	0	0.111846175967718	0.415095726981592	0	0	0	0	0	0
-0.119267394818038	1.14098475731043	0	0	0.0939419888852377	0.663158150339905	0	0	0	0	0	0
-0.100303746833054	1.11037694557639	0	0	0.0921438171464941	0.802663058798765	0	0	0	0	0	0
-0.0688183001718806	0.98650478644975	0	0.0865660809936357	0.0975960130156316	0.861477994980776	0	0	0	0	0	0
-0.0405994710711937	0.580779178379187	0	0.461454317465326	0.103804568147621	0.902259043086251	0	0	0	0	0	0
-0.0211606614631588	0.175339663281605	0	0.846377699210787	0.108663212687866	0.923234418916976	0	0	0	0	0	0
-0.00992694123645497	-0.0524218161140132	0	1.06249501485734	0.111981335911298	0.921940347127849	0	0	0	0	0	0
0.0823135137221301	-0.135112012840924	0	1.05279849911879	0.124314123653965	0.888771140746701	0	0	0	0	0	0
0.459820292692007	-0.139350732537111	0	0.679530439845104	0.170062321742317	0.783418174913436	0	0	0	0	0	0
0.845820998181553	-0.109820244547152	0	0.263999246365598	0.216456826433364	0.677937928159865	0	0	0	0	0	0
1.06234875735047	-0.0729246099365097	0	0.0105758525860415	0.242480787980331	0.617044533493649	0	0	0	0	0	0
1.13936458011243	-0.042233495844513	0.0865660809936357	-0.0971310842679164	0.246867043019843	0.617974535549453	0	0	0	0	0	0
1.05441867631679	-0.0217173624923926	0.461454317465326	-0.119267394818038	0.225817025294616	0.722143589932523	0	0	0	0	0	0
0.64892262811106	-0.0100731987433314	0.846377699210787	-0.100303746833054	0.200329440547445	0.838490258061973	0	0	0	0	0	0
0.226693168232599	-0.00425256727150553	1.06249501485734	-0.0688183001718806	0.183623339652578	0.908892875602806	0	0	0	0	0	0
-0.0202615190128316	-0.00163402477331933	1.13936458011243	-0.0405994710711937	0.175592347286028	0.938230050330549	0	0	0	0	0	0
-0.117647217620037	-0.000556701029233766	1.05441867631679	0.0654054195304769	0.190619872782426	0.888333190976972	0	0	0	0	0	0
-0.130911558567099	-0.000146257506876445	0.64892262811106	0.451527376228871	0.267008250189914	0.642928889536749	0	0	0	0	0	0
-0.10612437830488	0	0.226693168232599	0.842125131939282	0.346504522761773	0.387790977079276	0	0	0	0	0	0
-0.0714368426700668	0	-0.0202615190128316	1.06086099008403	0.39177753494106	0.241556361020529	0	0	0	0	0	0
-0.0416767948152793	0	-0.117647217620037	1.1388078790832	0.408405890847801	0.186842394899892	0	0	0	0	0	0
0.0649949760081196	0	-0.130911558567099	1.14083849980355	0.39820761227632	0.174228259000946	0	0	0	0	0	0
0.451381118721994	0	-0.10612437830488	1.02381086458275	0.344069709566034	0.156015846517778	0	0	0	0	0	0
0.842125131939282	0	-0.0714368426700668	0.61161654997806	0.287117256711169	0.141996442808101	0	0	0	0	0	0
1.06086099008403	0	-0.0416767948152793	0.195855796633726	0.253112507715686	0.140555866015206	0	0	0	0	0	0
1.05224179808956	0	-0.0215711049855161	-0.0407776523649521	0.217214279114109	0.131123958596046	0	0	0	0	0	0
0.679384182338228	0	-0.0100731987433314	-0.129291381369098	0.119947847495171	0.0733595832192711	0	0	0	0	0	0
0.263999246365598	0	-0.00425256727150553	-0.136732190038925	0.0254664647436723	0.013283429349525	0	0	0	0	0	0
0.0105758525860415	0	-0.00163402477331933	-0.108742920803066	-0.0248595353454303	-0.0189222996708518	0	0	0	0	0	0
-0.0971310842679164	0	-0.000556701029233766	-0.0725141664141523	-0.0405284884281009	-0.028591004329313	0	0	0	0	0	0
-0.119267394818038	0	-0.000146257506876445	-0.0420872383376366	-0.0383808327004602	-0.0266325111834753	0	0	0	0	0	0
-0.100303746833054	0	0	-0.0217173624923926	-0.0291798475737701	-0.0201096315327898	0	0	0	0	0	0
-0.0688183001718806	0	0	-0.0100731987433314	-0.0190064977504842	-0.0130799728679919	0	0	0	0	0	0
-0.0405994710711937	0	0	-0.00425256727150553	-0.0108793514471198	-0.00748056035596212	0	0	0	0	0	0
-0.0211606614631588	0	0	-0.00163402477331933	-0.00555790455766752	-0.00381933602379264	0	0	0	0	0	0
-0.00992694123645497	0	0	-0.000556701029233766	-0.00256352399545756	-0.00176073863449683	0	0	0	0	0	0
-0.00425256727150553	0	0	-0.000146257506876445	-0.00107428813558853	-0.000737374168739857	0	0	0	0	0	0
-0.00163402477331933	0	0	0	-0.000412789102478615	-0.00028333182804657	0	0	0	0	0	0
-0.000556701029233766	0	0	0	-0.000140634415070413	-9.65292098771535e-05	0	0	0	0	0	0
-0.000146257506876445	0	0	0	-3.69477293001169e-05	-2.53603295772912e-05	0	0	0	0	0	0
0	0	0	0	0	0	0	0	0	0	0	0
0	0	0	0	0	0	0	0	0	0	0	0
0	0	0	0	0	0	0	0	0	0	0	0
0	0	0	0	0	0	0	0	0	0	0	0
0	0	0	0	0	0	0.0865660809936357	0	0	0	0.0283985035735155	0.0102655045466929
0	0	0	0	0	0	0.461454317465326	0	0	0	0.151382757924743	0.0547219111649472
0	0	0	0	0	0	0.846377699210787	0	0	0	0.27765909972693	0.100368343117053
0	0	0	0	0	0	1.06249501485734	0	0	0	0.34855763516067	0.125996779346618
0	0	0	0	0	0	1.13936458011243	0	0	0	0.373775140660909	0.135112415200416
0	0	0	0	0	0	1.05441867631679	0.0865660809936357	0	0	0.358418680064301	0.134634994741708
0	0	0	0	0	0	0.64892262811106	0.461454317465326	0	0	0.279572223245597	0.128105749173915
0	0	0	0	0	0	0.226693168232599	0.846377699210787	0	0	0.196686553651481	0.120704567174696
0	0	0	0	0	0	-0.0202615190128316	1.06249501485734	0	0	0.146904925668141	0.115376122025832
0	0	0	0	0	0	-0.117647217620037	1.13936458011243	0	0	0.126066177477986	0.112348648612932
0	0	0	0	0	0	-0.130911558567099	1.14098475731043	0	0	0.12194888180049	0.110955285244495
0	0	0	0	0	0	-0.10612437830488	1.11037694557639	0	0	0.125657017130621	0.110501779140482
0	0	0	0	0	0	-0.0714368426700668	1.07307086744339	0	0	0.131644987500636	0.110479803324794
0	0	0	0	0	0	-0.0416767948152793	1.04223349584451	0	0	0.136088341089476	0.166927708366515
0	0	0	0	0	0	-0.0215711049855161	1.02171736249239	0	0	0.135981847506465	0.411014729085092
0	0	0	0	0	0	-0.0100731987433314	1.01007319874333	0	0	0.134233657121419	0.661595323480383
0	0	0	0	0	0	-0.00425256727150553	1.00425256727151	0	0	0.133147461351819	0.802289346060755
0	0	0	0	0	0	-0.00163402477331933	0.915067943779684	0	0.0865660809936357	0.134219818429475	0.861526233484252
0	0	0	0	0	0	-0.000556701029233766	0.539102383563908	0	0.461454317465326	0.140282773812412	0.902387622616849
0	0	0	0	0	0	-0.000146257506876445	0.153768558296089	0	0.846377699210787	0.14670205098861	0.923335245072066
0	0	0	0	0	0	0	-0.0624950148573446	0	1.06249501485734	0.150491326658102	0.922000914813537
0	0	0	0	0	0	0	-0.139364580112429	0	1.13936458011243	0.152004703724145	0.910092552121937
0	0	0	0	0	0	0	-0.14098475731043	0	1.14098475731043	0.152234648501663	0.896912666659739
0	0	0	0	0	0	0	-0.110376945576385	0	1.11037694557639	0.151870543829369	0.886085285759978
0	0	0	0	0	0	0	-0.0730708674433861	0	1.07307086744339	0.151343299150143	0.878336758626835
0	0	0	0	0	0	0.0865660809936357	-0.042233495844513	0	0.955667414850877	0.15561355711723	0.852070355886962
0	0	0	0	0	0	0.461454317465326	-0.0217173624923926	0	0.560263045027067	0.175777536747005	0.756997879996314
0	0	0	0	0	0	0.846377699210787	-0.0100731987433314	0	0.163695499532544	0.196622139871135	0.660833404854307
0	0	0	0	0	0	1.06249501485734	-0.00425256727150553	0	-0.0582424475858391	0.208335865106489	0.606972252262911
0	0	0	0	0	0	1.13936458011243	-0.00163402477331933	0	-0.13773055533911	0.212493135342164	0.587790332897459
0	0	0	0	0	0	1.14098475731043	-0.000556701029233766	0	-0.140428056281197	0.212564722402561	0.587277525226008
0	0	0	0	0	0	1.02381086458275	-0.000146257506876445	0.0865660809936357	-0.110230688069509	0.203890528494624	0.619571777109305
0	0	0	0	0	0	0.61161654997806	0	0.461454317465326	-0.0730708674433861	0.171553143104668	0.736177276548147
0	0	0	0	0	0	0.195855796633726	0	0.846377699210787	-0.042233495844513	0.138760334530736	0.854083675205621
0	0	0	0	0	0	-0.0407776523649521	0	1.06249501485734	-0.0217173624923926	0.120173734786246	0.921070383325874
0	0	0	0	0	0	-0.129291381369098	0	1.13936458011243	0.0764928822503042	0.133175748306437	0.890673290382985
0	0	0	0	0	0	-0.136732190038925	0	1.05441867631679	0.45720175019382	0.218692190862172	0.653117283160068
0	0	0	0	0	0	-0.108742920803066	0	0.64892262811106	0.844743674437468	0.309289258809077	0.39912722153122
0	0	0	0	0	0	-0.0725141664141523	0	0.226693168232599	1.06193831382811	0.361803073384495	0.250659591049121
0	0	0	0	0	0	-0.0420872383376366	0	-0.0202615190128316	1.13921832260555	0.381899749074546	0.192823456487995
0	0	0	0	0	0	0.0648487185012431	0	-0.117647217620037	1.14098475731043	0.372894338983593	0.17760155815091
0	0	0	0	0	0	0.451381118721994	0	-0.130911558567099	1.02381086458275	0.319062524743146	0.157684096410448
0	0	0	0	0	0	0.842125131939282	0	-0.10612437830488	0.61161654997806	0.261945790910826	0.14274694269161
0	0	0	0	0	0	1.06086099008403	0	-0.0714368426700668	0.195855796633726	0.227556551569467	0.140864637534094
0	0	0	0	0	0	1.1388078790832	0	-0.0416767948152793	-0.0407776523649521	0.213147241337185	0.14625172676561
0	0	0	0	0	0	1.05427241880992	0	-0.0215711049855161	-0.129291381369098	0.190743025131183	0.138405271324711
0	0	0	0	0	0	0.64892262811106	0	-0.0100731987433314	-0.136732190038925	0.10860745514934	0.0800272432675137
0	0	0	0	0	0	0.226693168232599	0	-0.00425256727150553	-0.108742920803066	0.0257799851686684	0.0185513758293483
0	0	0	0	0	0	-0.0202615190128316	0	-0.00163402477331933	-0.0725141664141523	-0.0193738307684362	-0.0152622012410798
0	0	0	0	0	0	-0.117647217620037	0	-0.000556701029233766	-0.0420872383376366	-0.0342243723679832	-0.0263515804566195
0	0	0	0	0	0	-0.130911558567099	0	-0.000146257506876445	-0.0217173624923926	-0.0331407504441608	-0.0254168749679647
0	0	0	0	0	0	-0.10612437830488	0	0	-0.0100731987433314	-0.0254830137429465	-0.0195486626254912
0	0	0	0	0	0	-0.0714368426700668	0	0	-0.00425256727150553	-0.0167195944646856	-0.0128276083382956
0	0	0	0	0	0	-0.0416767948152793	0	0	-0.00163402477331933	-0.00961419991108926	-0.00737673225304032
0	0	0	0	0	0	-0.0215711049855161	0	0	-0.000556701029233766	-0.00492599139846464	-0.0037797791380219
0	0	0	0	0	0	-0.0100731987433314	0	0	-0.000146257506876445	-0.0022761889298057	-0.00174664292783445
0	0	0	0	0	0	-0.00425256727150553	0	0	0	-0.000960930762243023	-0.000737374168739857
0	0	0	0	0	0	-0.00163402477331933	0	0	0	-0.000369232176871322	-0.00028333182804657
0	0	0	0	0	0	-0.000556701029233766	0	0	0	-0.000125794869359866	-9.65292098771535e-05
0	0	0	0	0	0	-0.000146257506876445	0	0	0	-3.30490568622539e-05	-2.53603295772912e-05
0	0	0	0	0	0	0	0	0	0	0	0
0	0	0	0	0	0	0	0	0	0	0	0
0	0	0	0	0	0	0	0	0	0	0	0
0	0	0	0	0	0	0	0	0	0	0	0
0	0	0	0	0	0	0	0	0	0	0	0
0	0	0	0	0	0	0	0	0	0	0	0
0	0	0	0	0	0	0	0	0	0	0	0
0	0	0	0	0	0	0	0	0	0	0	0
0	0	0	0	0	0	0	0	0	0	0	0
0	0	0	0	0	0	0	0	0	0	0	0
0	0	0	0	0	0	0	0	0	0	0	0
0	0	0	0	0	0	0	0	0	0	0	0
0	0	0	0	0	0	0	0	0	0	0	0
0	0	0	0	0	0	0	0	0	0	0	0
0	0	0	0	0	0	0	0	0	0	0	0
0	0	0	0	0	0	0	0	0	0	0	0
0	0	0	0	0	0	0	0	0	0	0	0
0	0	0	0	0	0	0	0	0	0	0	0
0	0	0	0	0	0	0	0	0	0	0	0
0	0	0	0	0	0	0	0	0	0	0	0
0	0	0	0.0865660809936357	0.00214746783552828	0.00180410938595537	0	0	0	0	0	0
0	0	0	0.461454317465326	0.0114474202013985	0.0096170931590403	0	0	0	0	0	0
0	0	0	0.846377699210787	0.020996317089799	0.0176392177361217	0	0	0	0	0	0
0	0	0	1.06249501485734	0.0263575969204733	0.0221432829906653	0	0	0	0	0	0
0	0	0	1.13936458011243	0.0282645207065746	0.0237453088947974	0	0	0	0	0	0
0.0865660809936357	0	0	1.05441867631679	0.0474226970699677	0.0283921239900446	0	0	0	0	0	0
0.461454317465326	0	0	0.64892262811106	0.129456884218023	0.0477317780261315	0	0	0	0	0	0
0.846377699210787	0	0	0.226693168232599	0.213541151894914	0.0674666008593582	0	0	0	0	0	0
1.06249501485734	0	0	-0.0202615190128316	0.254025008805447	0.0734676540472745	0	0	0	0	0	0
1.13936458011243	0	0	-0.117647217620037	0.24242850191801	0.0560330213628296	0	0	0	0	0	0
1.14098475731043	0	0	-0.130911558567099	0.213682144576002	0.034208394577444	0	0	0	0	0	0
1.11037694557639	0	0	-0.0195582973112443	0.184495908146391	0.0718127954957963	0	0	0	0	0	0
0.98650478644975	0	0	0.390017474795259	0.144004716193209	0.288569688297423	0	0	0	0	0	0
0.580779178379187	0	0	0.804700904395508	0.10990595738996	0.515912124926029	0	0	0	0	0	0
0.175339663281605	0	0	1.04092390987183	0.0924180129634043	0.645162364879825	0	0	0	0	0	0
-0.0524218161140132	0.0865660809936357	0	1.04272530037546	0.0870884227990631	0.663650481867858	0	0	0	0	0	0
-0.135112012840924	0.461454317465326	0	0.675277872573599	0.0874465977690112	0.541578466623945	0	0	0	0	0	0
-0.139350732537111	0.846377699210787	0	0.262365221592279	0.0899969106004416	0.396582922040017	0	0	0	0	0	0
-0.109820244547152	1.06249501485734	0	0.0965852325504434	0.116876259204234	0.301520103787223	0	0	0	0	0	0
-0.0729246099365097	1.05279849911879	0	0.364176975690533	0.222926719707557	0.250561139716534	0	0	0	0	0	0
-0.042233495844513	0.679530439845104	0	0.727110304392749	0.330952980012227	0.230363812454609	0	0	0	0	0	0
-0.0217173624923926	0.263999246365598	0	0.962191268024291	0.391648755391466	0.22939534450135	0	0	0	0	0	0
-0.0100731987433314	0.0105758525860415	0	1.07054627994055	0.390116830671632	0.21985405576875	0	0	0	0	0	0
-0.00425256727150553	-0.0971310842679164	0	1.10038528623924	0.289989200419592	0.155017530316891	0	0	0	0	0	0
-0.00163402477331933	-0.119267394818038	0	1.08921628411323	0.178118148968323	0.0863315104750635	0	0	0	0	0	0
0.0860093799644019	-0.100303746833054	0	0.976577845213295	0.121227604592866	0.0489234953634112	0	0	0	0	0	0
0.461308059958449	-0.0688183001718806	0	0.576526611107682	0.141835942661503	0.0389151869661062	0	0	0	0	0	0
0.846377699210787	-0.0405994710711937	0	0.173705638508286	0.186851820266717	0.0425488993127374	0	0	0	0	0	0
0.975928933863709	-0.0211606614631588	0	-0.052978517143247	0.199863149469901	0.0443873568847243	0	0	0	0	0	0
0.677910262647104	-0.00992694123645497	0	-0.1352582703478	0.128835151591326	0.0254096266809533	0	0	0	0	0	0
0.294607058099643	-0.00425256727150553	0	-0.139350732537111	0.0445588826825062	0.00376471338456277	0	0	0	0	0	0
0.0478819307190409	-0.00163402477331933	0	-0.109820244547152	-0.00597448587573874	-0.00801440735097854	0	0	0	0	0	0
-0.0662937126690434	-0.000556701029233766	0	-0.0729246099365097	-0.0262955929548245	-0.0115351378754636	0	0	0	0	0	0
-0.0987512614659173	-0.000146257506876445	0	-0.042233495844513	-0.0292535701698284	-0.0107227158874874	0	0	0	0	0	0
-0.0886595830839929	0	0	-0.0217173624923926	-0.0239536761819676	-0.00814139951630341	0	0	0	0	0	0
-0.0629976687000547	0	0	-0.0100731987433314	-0.0162880125601945	-0.00531671465792026	0	0	0	0	0	0
-0.0379809285730075	0	0	-0.00425256727150553	-0.00957538994231788	-0.00304946666251987	0	0	0	0	0	0
-0.0200833377190732	0	0	-0.00163402477331933	-0.00497704998337572	-0.00155720175314314	0	0	0	0	0	0
-0.00951649771409765	0	0	-0.000556701029233766	-0.00233523486706804	-0.000723678990972037	0	0	0	0	0	0
-0.00410630976462909	0	0	-0.000146257506876445	-0.000997646155909666	-0.000306130478881721	0	0	0	0	0	0
-0.00163402477331933	0	0	0	-0.00039080331594138	-0.000118019812633042	0	0	0	0	0	0
-0.000556701029233766	0	0	0	-0.000133144008441553	-4.02085404307091e-05	0	0	0	0	0	0
-0.000146257506876445	0	0	0	-3.49798360477266e-05	-1.05636608695164e-05	0	0	0	0	0	0
0	0	0	0	0	0	0	0	0	0	0	0
0	0	0	0	0	0	0	0	0	0	0	0
0	0	0	0	0	0	0	0	0	0	0	0
0	0	0	0	0	0	0	0	0	0.0865660809936357	0.00385575508990477	0.00180410938595537
0	0	0	0	0	0	0	0	0	0.461454317465326	0.020553718187338	0.0096170931590403
0	0	0	0	0	0	0	0	0	0.846377699210787	0.0376986584613182	0.0176392177361217
0	0	0	0	0	0	0.0865660809936357	0	0	1.06249501485734	0.0583576699090121	0.0267563322407191
0	0	0	0	0	0	0.461454317465326	0	0	1.05279849911879	0.109561231097243	0.04833590452629
0	0	0	0	0	0	0.846377699210787	0	0	0.679530439845104	0.158692080486414	0.0688819830129627
0	0	0	0	0	0	1.06249501485734	0	0	0.263999246365598	0.18487303659336	0.0797608396000282
0	0	0	0	0	0	1.13936458011243	0	0	0.0105758525860415	0.19384430289027	0.0782066589459924
0	0	0	0	0	0	1.14098475731043	0	0	-0.0971310842679164	0.196297074352119	0.0565469328792298
0	0	0	0	0	0	1.11037694557639	0	0	-0.119267394818038	0.195198988437366	0.0328199986090153
0	0	0	0	0	0	1.07307086744339	0	0	-0.100303746833054	0.192012430647678	0.018423529104735
0	0	0	0	0	0	0.955667414850877	0	0	0.0177477808217551	0.18499690418839	0.0638542978069069
0	0	0	0	0	0	0.560263045027067	0	0	0.420854846394132	0.166828204289565	0.285741890166183
0	0	0	0	0	0	0.163695499532544	0	0	0.825217037747628	0.149134055741502	0.515921313504315
0	0	0	0	0	0	-0.0582424475858391	0	0	1.05256807362089	0.139105344247638	0.646331729053561
0	0	0	0	0	0	-0.13773055533911	0.0865660809936357	0	1.13511201284092	0.151697290914496	0.664936675915562
0	0	0	0	0	0	-0.140428056281197	0.461454317465326	0	1.05278465154348	0.222311518549137	0.542536420332536
0	0	0	0	0	0	-0.110230688069509	0.846377699210787	0	0.648365927081826	0.29632583884265	0.397159118733207
0	0	0	0	0	0	-0.0730708674433861	1.06249501485734	0	0.226546910725722	0.338728628392213	0.303524621575219
0	0	0	0	0	0	-0.042233495844513	1.13936458011243	0	-0.0202615190128316	0.354536138808795	0.259797660671389
0	0	0	0	0	0	-0.0217173624923926	1.14098475731043	0	-0.0310811366264012	0.342965605632055	0.245403055037221
0	0	0	0	0	0	-0.0100731987433314	1.02381086458275	0	0.330542758898227	0.282588990989586	0.241267105534254
0	0	0	0	0	0	-0.00425256727150553	0.61161654997806	0	0.740253320905907	0.219232285992812	0.24260832567951
0	0	0	0	0	0	-0.00163402477331933	0.195855796633726	0	0.991058172187278	0.181760527598522	0.247027311473405
0	0	0	0	0	0	-0.000556701029233766	-0.0407776523649521	0	1.09768778529715	0.166629756164743	0.251682044677825
0	0	0	0	0	0	-0.000146257506876445	-0.129291381369098	0	1.11941365232491	0.164202946964521	0.255271652810767
0	0	0	0	0	0	0	-0.136732190038925	0	1.10030374683305	0.159856391112918	0.24075020852504
0	0	0	0	0	0	0	-0.108742920803066	0	1.06881830017188	0.131298463695709	0.168862746423765
0	0	0	0	0	0	0	-0.0725141664141523	0	1.04059947107119	0.101184704045509	0.0943688145398735
0	0	0	0	0	0	0.0865660809936357	-0.0420872383376366	0	0.934594580469523	0.103536216560733	0.0531445284438231
0	0	0	0	0	0	0.461454317465326	-0.0217173624923926	0	0.548472623771129	0.179549407543502	0.0409610238935987
0	0	0	0	0	0	0.846377699210787	-0.0100731987433314	0	0.157874868060718	0.263641309501037	0.0434356852685883
0	0	0	0	0	0	1.06249501485734	-0.00425256727150553	0	-0.0608609900840253	0.313579587386489	0.0509909075295033
0	0	0	0	0	0	1.13936458011243	-0.00163402477331933	0	-0.138807879083196	0.333726975715365	0.0588602508807708
0	0	0	0	0	0	1.05441867631679	-0.000556701029233766	0	-0.140838499803554	0.310048087985001	0.0586725403175557
0	0	0	0	0	0	0.64892262811106	-0.000146257506876445	0	-0.110376945576385	0.189000597227629	0.035407604577842
0	0	0	0	0	0	0.226693168232599	0	0	-0.0730708674433861	0.0625744211430538	0.00962914841094668
0	0	0	0	0	0	-0.0202615190128316	0	0	-0.042233495844513	-0.0106151253352231	-0.00505368023442839
0	0	0	0	0	0	-0.117647217620037	0	0	-0.0217173624923926	-0.0386666932025577	-0.0102350735244822
0	0	0	0	0	0	-0.130911558567099	0	0	-0.0100731987433314	-0.0415951742024287	-0.0102218939967914
0	0	0	0	0	0	-0.10612437830488	0	0	-0.00425256727150553	-0.0333260873058705	-0.0079712262960582
0	0	0	0	0	0	-0.0714368426700668	0	0	-0.00163402477331933	-0.0223094855835539	-0.00526628323790826
0	0	0	0	0	0	-0.0416767948152793	0	0	-0.000556701029233766	-0.012978425797173	-0.00304650316113085
0	0	0	0	0	0	-0.0215711049855161	0	0	-0.000146257506876445	-0.0067041117415536	-0.00156755068088788
0	0	0	0	0	0	-0.0100731987433314	0	0	0	-0.00312427404373013	-0.000727551410305966
0	0	0	0	0	0	-0.00425256727150553	0	0	0	-0.00131896390452701	-0.000307147847931928
0	0	0	0	0	0	-0.00163402477331933	0	0	0	-0.000506804374278158	-0.000118019812633042
0	0	0	0	0	0	-0.000556701029233766	0	0	0	-0.000172664773134188	-4.02085404307091e-05
0	0	0	0	0	0	-0.000146257506876445	0	0	0	-4.53628032244736e-05	-1.05636608695164e-05
0	0	0	0	0	0	0	0	0	0	0	0
0	0	0	0	0	0	0	0	0	0	0	0
0	0	0	0	0	0	0	0	0	0	0	0
0	0	0	0	0	0	0	0	0	0	0	0
0	0	0	0	0	0	0	0	0	0	0	0
0	0	0	0	0	0	0	0	0	0	0	0
0	0	0	0	0	0	0	0	0	0	0	0
0	0	0	0	0	0	0	0	0	0	0	0
0	0	0	0	0	0	0	0	0	0	0	0
0	0	0	0	0	0	0	0	0	0	0	0
0	0	0	0	0	0	0	0	0	0	0	0
0	0	0	0	0	0	0	0	0	0	0	0
0	0	0	0	0	0	0	0	0	0	0	0
0	0	0	0	0	0	0	0	0	0	0	0
0	0	0	0	0	0	0	0	0	0	0	0
0	0	0	0	0	0	0	0	0	0	0	0
