0	0	0	0	0	0	0	0
-0.014246286	-0.044589968	-0.030220443	0.0557180140183681	0.0014068059	-4.6900288e-07	-0.00019746723	0.169293797827514
-0.001104461	-0.041690695	0.031705416	0.0523886179185575	0.00017292084	-0.00027528091	7.8080661e-06	0.163665566186083
-0.039830823	-0.0047999075	0.069899048	0.0805941094880525	-0.00053284817	0.00061156385	-0.00041913442	0.214788591957351
-0.029216875	0.031894309	0.045419119	0.0627197664384145	-0.00033616314	0.00090926693	-6.0923012e-06	0.117159604722375
-0.028835259	-0.0036873799	0.040762846	0.0500667409179359	-3.4708001e-05	0.00096371028	0.00025729381	0.0715838078145253
-0.043981453	0.03838706	0.011708818	0.0595401629355508	-0.00046849676	0.0010340672	0.00043711255	0.120472882667104
-0.063348647	0.18294576	0.089490466	0.213285596521672	-0.0038558073	0.00089722981	-9.6792238e-05	0.44461009660767
-0.039210252	0.087731636	0.094634316	0.134870076673545	-0.0027977138	0.00050499718	-0.00014865628	0.199605875006075
-0.074318156	0.12553036	0.12713811	0.19350751563529	-0.0034432602	0.0010512209	-0.00043309643	0.179220934552077
-0.091200462	0.037611954	0.098607904	0.139483698273256	-0.0018429937	0.0011708325	-0.00083488203	0.23941409432371
-0.094899527	0.069953229	0.14957877	0.190455199212474	-0.0022839071	0.0021099444	-0.0004275993	0.176376605455193
-0.076490473	0.097415722	0.22661171	0.258250813090044	-0.0033016115	0.0023971183	1.4784978e-05	0.210267613474337
-0.091014857	0.1152673	0.25184695	0.291542691330657	-0.0037772897	0.0026935936	-0.00063098042	0.128507146060451
-0.094150958	0.10424742	0.20561178	0.249014319957192	-0.0032374416	0.0028918132	-0.00041669788	0.108008662635503
-0.043527885	0.13033974	0.23443707	0.271742275669476	-0.0041876158	0.0022641431	0.00028465957	0.219500767478898
-0.043494802	0.12435481	0.25393087	0.286071325564294	-0.0048966718	0.0030989118	0.0008431903	0.130629582182455
-0.033307845	0.1477293	0.29218133	0.32909464932995	-0.0048530863	0.0025899197	0.00026646309	0.128277146825466
-0.034601505	0.13953005	0.29324627	0.326587314313003	-0.0042795028	0.0025406758	0.00010931866	0.0495564410985253
-0.06251565	0.14625361	0.26457963	0.30870812354697	-0.0045619938	0.0026316937	-1.368052e-05	0.0881297489475875
-0.021200631	0.1136415	0.27763679	0.300742488582096	-0.0046755546	0.0028684706	0.0010967687	0.160023632116602
-0.012914778	0.14833043	0.31858575	0.351661183609788	-0.0057478235	0.0025061179	0.00090254412	0.165366049317175
-0.026272228	0.12557623	0.30043253	0.326679238071993	-0.0052104898	0.0027017563	0.00062986048	0.104547656618944
-0.0054359457	0.17334856	0.29776486	0.344591329853998	-0.0056773865	0.0023038758	0.0010581555	0.135929892793056
0.012243575	0.18093436	0.32747614	0.374336439619081	-0.0057943358	0.002584889	0.0015775177	0.100842835358579
-0.041713499	0.2064282	0.39764925	0.449975047952245	-0.007247374	0.0028224279	0.00032615939	0.296720783998478
0.0081344927	0.20971205	0.39823851	0.450154667568502	-0.00666297	0.0022776442	0.0011944531	0.153595170083516
0.0070853607	0.16256825	0.35293243	0.388638570383868	-0.0058685832	0.0021720107	0.0012386427	0.140709505952994
-0.013323663	0.15715193	0.35253113	0.386202598020183	-0.0060759526	0.0023175471	0.00078984202	0.0663119674866703
-0.01048886	0.15645599	0.37305483	0.404670729331031	-0.0062373663	0.00227647	0.00072046776	0.0376476959903985
-0.026848681	0.12475814	0.39880719	0.41872738143498	-0.00593191	0.0022246813	0.00040362067	0.107514635374067
-0.03849847	0.14811541	0.43935962	0.465249591679943	-0.0067043557	0.0026148838	0.00047835199	0.137428463915155
-0.025926243	0.10777541	0.42092983	0.435281094076681	-0.0063590307	0.0026161234	0.00099148409	0.11432685163273
-0.035021804	0.13596366	0.47417292	0.494522599743769	-0.0075798812	0.0033047301	0.0010721499	0.190033047027716
-0.029818254	0.098019309	0.46379302	0.474974608383613	-0.0070350646	0.0033050407	0.0013246334	0.0934083356295613
-0.023019852	0.13492831	0.47040884	0.489918400527785	-0.0078867748	0.0032442863	0.0020391797	0.131673765952304
-0.024213082	0.09751545	0.46660257	0.477298119270594	-0.0071576612	0.0034298556	0.002456299	0.109002469027988
-0.045741546	0.069000823	0.42498102	0.432969132809012	-0.0070380908	0.0039076954	0.0025086893	0.124154665768836
-0.036580811	0.099487965	0.50207953	0.513147021192056	-0.0075780522	0.0039172805	0.002681634	0.152870946661242
-0.044217152	0.068053867	0.5279668	0.534167976620543	-0.0077124506	0.0040189589	0.0027093866	0.0781491789927078
-0.043665295	0.045515598	0.51393924	0.517795200885941	-0.0076477059	0.0041987304	0.003030106	0.0653794659186026
-0.015825887	0.070639306	0.52585201	0.530811366374665	-0.0078796622	0.0036435015	0.0029351334	0.10898377561562
-0.063310577	0.072943047	0.47057066	0.48038074828052	-0.0074017898	0.0041441677	0.0022461708	0.18844483982988
-0.021207438	0.16622666	0.54310666	0.568371271316237	-0.0088173479	0.0037077421	0.0030150761	0.338967194970385
0.046903572	0.07698268	0.50748997	0.515434135207344	-0.0073139942	0.003134056	0.0033655242	0.314346067438464
0.0041740634	0.12621645	0.510099	0.525498815276371	-0.0088271866	0.003532612	0.0035176961	0.19776831624236
-0.022213259	-0.11994268	0.098580912	0.156837086085324	-0.0019784588	0.0042961748	0.0037036684	1.07397701520938
-0.039132042	-0.017879446	0.043451499	0.0611475597690021	-0.0026291287	0.0027951399	0.0014981181	0.391974155028628
-0.078703092	0.30694776	0.19215123	0.370584942017199	-0.0076498515	0.0013903546	-0.00067764126	0.943161069098451
-0.11016031	0.22945449	0.097067663	0.272409229066744	-0.0057336665	0.0021368051	-0.00069552745	0.338060123975625
-0.10940496	0.27781331	0.1864339	0.352004658427936	-0.0067952653	0.0018752051	-0.0010768469	0.223706316854664
-0.098760741	0.23665369	0.13706472	0.290766900492755	-0.0059757237	0.0021043324	-0.00057963659	0.178466978072099
-0.11397826	0.28255614	0.14180451	0.336061802442151	-0.0063992233	0.0025367925	-0.00065604756	0.112478292172331
-0.1351809	0.27464782	0.097994049	0.321415827853852	-0.0058393455	0.0031891337	-0.00047953999	0.142357748544576
-0.05222841	0.33406152	0.13759179	0.365043020247262	-0.0072536416	0.0026534993	0.0011874645	0.362810664635326
-0.089863869	0.30965176	0.15099635	0.356033179824675	-0.0077637938	0.002972183	0.00043409408	0.15456009376516
-0.096776649	0.32515036	0.13495213	0.365103483674609	-0.0068983821	0.0033693778	0.00067943183	0.113852810988398
-0.089450949	0.26891757	0.073988687	0.292903495260281	-0.0054965307	0.0032976661	0.00058406628	0.202968359758049
-0.09851675	0.29115327	0.086857804	0.319405783883069	-0.0059629098	0.0035522396	0.00050545153	0.0841489852532791
-0.11898112	0.31659071	0.072420214	0.345876960739747	-0.0060260097	0.0036656759	0.00021353106	0.083762233444609
-0.11249754	0.28642766	0.11341979	0.327964250617001	-0.0065120668	0.0037594722	0.00040501962	0.11621330374442
-0.12365958	0.28987877	0.087036545	0.326950689230083	-0.0063525499	0.0035776743	0.00024753951	0.0659361404708896
-0.087965443	0.26927205	0.096131756	0.299143227543316	-0.0069720942	0.0032639574	0.0011074099	0.155052645615736
-0.13718592	0.21965276	0.016423612	0.259493827774363	-0.0049215706	0.0038683329	0.00053609689	0.33985849768966
-0.17135111	0.247234	0.068526478	0.308515367269309	-0.005226161	0.0046260149	9.5753741e-05	0.188980072307055
-0.12664685	0.22413356	0.044166374	0.261200968462033	-0.004914059	0.004209106	0.00064362071	0.1560086968931
-0.14519083	0.26328631	0.0316007	0.302322116938201	-0.0050474409	0.0041607712	-3.3667143e-05	0.113212630997561
-0.12091596	0.27027238	0.08251508	0.307370407165349	-0.0054281313	0.0042389104	0.00052283679	0.132941996175008
-0.11291131	0.28832823	0.058815858	0.315184766911609	-0.0053549345	0.0041332404	0.00056511653	0.0608170489965674
-0.10738458	0.2472101	0.042472772	0.272852007368739	-0.0044404684	0.0042516405	0.0007591555	0.124333202888154
-0.094949923	0.28197514	0.058877047	0.303301787200745	-0.0051341256	0.003834755	0.00065137629	0.124520066651116
-0.12530604	0.26314772	0.03347326	0.293374820556754	-0.0047517271	0.0039081776	-0.000119436	0.135918992428557
-0.10503212	0.33746131	0.053068492	0.357390748092007	-0.0061003327	0.003799636	0.00045481551	0.215752671992905
-0.11409427	0.34653647	0.068427482	0.371197181804704	-0.0065200452	0.0036333082	0.00025618235	0.0727299728200531
-0.12573708	0.31074265	0.055287094	0.339746185525185	-0.006125909	0.0037493283	2.2384662e-05	0.097774717242567
-0.10721985	0.34906081	0.095920189	0.377545001251075	-0.006661299	0.0035981888	-8.8962028e-05	0.137362294170211
-0.11054903	0.3244478	0.067810121	0.349407606483911	-0.0055163211	0.0031780419	-0.00077651251	0.168686018141197
-0.082430797	0.17986941	-0.02889202	0.199956469681488	-0.0031139516	0.002911081	-0.00010201445	0.436590157435684
-0.10546349	0.20351504	0.0035334672	0.22924529356049	-0.0036211338	0.0033002284	-0.00027974554	0.13280684429373
-0.12452862	0.19863394	-0.017329352	0.235081104642138	-0.0034003387	0.0036070006	-0.00031354838	0.0728775561173488
-0.14511653	0.24387734	0.048039408	0.287824163276308	-0.0045502834	0.0036711526	-0.00071017905	0.211736435201425
-0.1851473	0.25770491	0.091674878	0.330296270932193	-0.0048244668	0.0045375471	-0.00083323592	0.16067554709828
-0.18124902	0.304614	0.15441503	0.386632768576153	-0.0055907267	0.0043892384	-0.0008106054	0.160407477055862
-0.20422301	0.29372692	0.14154416	0.384730152933523	-0.0058128053	0.0047987473	-0.0010773285	0.0916474697945806
-0.19862602	0.35982408	0.19301328	0.454070248557693	-0.0068713672	0.0047541406	-0.00088681641	0.187847302014212
-0.18662168	0.31080504	0.14315523	0.389770245416164	-0.006310996	0.004421143	-0.0008604872	0.15686633005644
-0.15440591	0.28049306	0.11613909	0.340596285912104	-0.0054376351	0.0041404843	-0.00065672581	0.157432938048476
-0.20028549	0.31093322	0.16966153	0.406913724966423	-0.0063114426	0.0047019606	-0.0010343261	0.220486382629096
-0.17820059	0.31210384	0.15090042	0.389788652958587	-0.005795501	0.0044404057	-0.0010018909	0.0825132146765233
-0.15717381	0.3295925	0.20784287	0.420158876159963	-0.0071325181	0.0042849705	-0.00055167366	0.192591361822742
-0.17096148	0.37646051	0.22550246	0.470958281272664	-0.0070113518	0.0043812071	-0.00091501222	0.107352342894508
-0.20225599	0.34707778	0.23438104	0.465085952026171	-0.0067124162	0.0043354562	-0.0015648012	0.119279593372569
-0.17030455	0.36891669	0.13989204	0.429735903511238	-0.0067416371	0.0040865817	-0.00084956304	0.19794602720556
-0.15887661	0.44677795	0.22977438	0.526923694205982	-0.0079034278	0.0040822898	-0.00052398739	0.253754449161153
-0.15039076	0.41803574	0.2171398	0.494490599864917	-0.0071852334	0.0039327211	-0.00077299839	0.105701344189097
-0.18482847	0.41664974	0.22299096	0.507428356919802	-0.0075661876	0.0041240033	-0.0013262661	0.0979500750174098
-0.20379674	0.41381558	0.24491307	0.522263206958128	-0.0078466249	0.0040570455	-0.0016660039	0.0780811848717326
-0.19900964	0.39748836	0.24955113	0.509781913795199	-0.0072672775	0.0043004333	-0.0012812966	0.0861245044462325
-0.20323392	0.4643966	0.30200069	0.590061560424506	-0.0089249839	0.0042987207	-0.0015080535	0.217890865485373
-0.20420528	0.47274224	0.29376387	0.592859370489725	-0.0091358973	0.004289754	-0.0016315924	0.0347247699765238
-0.21587719	0.48281129	0.30767605	0.611861303448226	-0.0090330769	0.0044478784	-0.0017769259	0.0559670549831034
-0.21722521	0.491948	0.30411628	0.617807687168574	-0.0089726071	0.0044937072	-0.0016160341	0.027404019990662
-0.21375244	0.4690714	0.31554736	0.604390784432459	-0.0093287242	0.0043617146	-0.0016259509	0.0626817749011184
-0.21532965	0.50188566	0.31502822	0.630475101236462	-0.0093875117	0.0042671652	-0.0018389347	0.053226644977688
-0.20170361	0.50416072	0.30500129	0.622806683313221	-0.0091236874	0.004258154	-0.0017012142	0.0464558299563002
-0.20938508	0.55840567	0.32618154	0.679745100057019	-0.010177705	0.0043773583	-0.001763736	0.144893852556453
-0.21022134	0.53266779	0.32513174	0.658512440771097	-0.0096220559	0.0044393878	-0.0017570538	0.0588419796420971
-0.24620901	0.55614129	0.37164906	0.712765764362268	-0.010849269	0.0047923558	-0.0022370136	0.208985530827529
-0.26444492	0.51339924	0.33696314	0.668621008542989	-0.010289094	0.0050256606	-0.0024544707	0.146210724585911
-0.21688264	0.55294243	0.33891765	0.683848363242318	-0.010537257	0.004669319	-0.0018145011	0.151283689327838
-0.25830086	0.59359037	0.364786	0.743059679588037	-0.011163901	0.0049925312	-0.0025421841	0.191811468614247
-0.24278316	0.58482239	0.38317118	0.740122316787901	-0.011195251	0.0047581735	-0.0023420082	0.065965039956409
-0.2151512	0.56532443	0.36416192	0.706042246607348	-0.010813802	0.0044083429	-0.002387128	0.104959149794986
-0.20351807	0.54927389	0.33025689	0.672451503414729	-0.010306679	0.0043424872	-0.0020246244	0.108362814628457
-0.22025152	0.57465544	0.37678674	0.721600896773093	-0.010922018	0.004637925	-0.0023813869	0.152021814366274
-0.20905472	0.57625058	0.37503467	0.718623413622618	-0.011198202	0.0045357787	-0.002127624	0.0461486699198466
-0.2320412	0.5685452	0.37262487	0.718286890234673	-0.010916786	0.0045372303	-0.0025889992	0.0703137997489619
-0.25397213	0.58528343	0.37553453	0.740327440712299	-0.010871888	0.0048700055	-0.0025865915	0.0605828649230379
-0.23438476	0.60410077	0.35862108	0.740596404970492	-0.010913449	0.004409415	-0.0024842132	0.0855446497940496
-0.23316593	0.53696622	0.32094308	0.667610315179252	-0.0098737062	0.0043519045	-0.0026270558	0.168036172651803
-0.23106543	0.56519339	0.33770706	0.697768485541315	-0.010301293	0.0040381133	-0.0029411675	0.0998661347081968
-0.23935434	0.53448374	0.33574009	0.675044277388107	-0.0095723747	0.0043381121	-0.0026699572	0.105971899095336
-0.23717784	0.49300706	0.3252753	0.636485121418403	-0.0096340197	0.0042268495	-0.0025357404	0.0694741899916053
-0.25310394	0.55094205	0.33547586	0.69292337205817	-0.010756867	0.0045429782	-0.0024684146	0.159376736984232
-0.27303645	0.54967872	0.33470797	0.69908870927155	-0.010672794	0.0046650076	-0.0029915626	0.0584262496966905
-0.260527	0.51258059	0.33450471	0.665211680584408	-0.010256441	0.0043257695	-0.0029165255	0.0913422497674216
-0.23406866	0.55034584	0.37507392	0.705938472293207	-0.010993888	0.0039658946	-0.0026401979	0.173475274023435
-0.26873006	0.53211187	0.34494355	0.688727043195708	-0.010371673	0.0043085863	-0.0030409441	0.151308384280218
-0.25708527	0.55759503	0.36630415	0.71497117692876	-0.010730362	0.0040744289	-0.0032499175	0.0985795398580985
-0.27998526	0.53021578	0.31199752	0.675916393989986	-0.010190225	0.0045949768	-0.0034080588	0.165527179369601
-0.2668852	0.54943547	0.32158092	0.690305246815644	-0.010351926	0.0050014855	-0.0027053081	0.105451169128203
-0.27638681	0.57221335	0.30630674	0.705437173410663	-0.010514971	0.0046795492	-0.0034233876	0.107706709150062
-0.30207293	0.57025984	0.29170757	0.708193226846258	-0.010717883	0.0046701913	-0.0039368631	0.0785260697005482
-0.28261648	0.5879625	0.35139264	0.740978247737415	-0.010672766	0.0044548995	-0.0040559142	0.115817174975504
-0.29920901	0.6336018	0.35226156	0.784261104022158	-0.01146127	0.0044998032	-0.0043792667	0.120938758908036
-0.28460423	0.58991612	0.31017971	0.724715150155861	-0.010770413	0.0042733843	-0.0040501926	0.16268980921463
-0.2798806	0.55305242	0.24788179	0.667566859076917	-0.009630564	0.0035281308	-0.0047728597	0.234273725266078
-0.33481966	0.57988353	0.33883035	0.750449944479243	-0.01130041	0.0043824864	-0.0052685783	0.323714728746656
-0.3454829	0.57210237	0.35142929	0.755090790449686	-0.010810947	0.0045699733	-0.0053985139	0.0713876147374026
-0.34236623	0.55515525	0.29917273	0.717576692363003	-0.0097237839	0.0041977889	-0.0056164629	0.156185172194058
-0.31237271	0.56101096	0.29490412	0.706596382092238	-0.0098719188	0.0046597107	-0.0047750394	0.112691848546804
-0.2903913	0.56222624	0.30632691	0.703037429907097	-0.010025615	0.0046204824	-0.0043303607	0.066499639809122
-0.27574551	0.55222618	0.2886841	0.681416062149523	-0.0096666896	0.0045934546	-0.0041098818	0.0726102648812981
-0.29215204	0.53582413	0.30302027	0.681382122452073	-0.0098615796	0.0046433998	-0.0044375013	0.0757674849110587
-0.31161468	0.52413462	0.30886389	0.683533255387021	-0.0098139516	0.0046542569	-0.0048248557	0.0592877448786889
-0.30666797	0.5375824	0.38488798	0.728820168328348	-0.010963619	0.0049569505	-0.0044222236	0.187168231640497
-0.30154206	0.55749108	0.35132106	0.724672619482849	-0.010457391	0.0048929604	-0.0041868228	0.0988824547020087
-0.33198978	0.54657342	0.3754708	0.741578073521315	-0.010956088	0.0050277457	-0.0048701787	0.131357029071699
-0.3160711	0.5388131	0.32950992	0.706255820765554	-0.010722916	0.0048614913	-0.0045906167	0.103589299918496
-0.33135076	0.52154362	0.3229313	0.697198464022241	-0.010635451	0.0052596573	-0.0044118534	0.0723474748551972
-0.31655469	0.54880133	0.32229378	0.710818578961927	-0.010184695	0.0048988986	-0.0048269498	0.104021854562375
-0.32550766	0.53734608	0.31745916	0.703900820199797	-0.010174859	0.0051146248	-0.0047148782	0.04212452997615
-0.33350743	0.51068492	0.32768705	0.692390855022157	-0.0099412633	0.0053051868	-0.0046532356	0.0691788349585398
-0.28144849	0.4717261	0.30666652	0.629112963173865	-0.0086875161	0.0048057941	-0.0038977491	0.237469604736481
-0.31028225	0.53411579	0.32785602	0.699317039433923	-0.010062659	0.0051674077	-0.0042893989	0.218833259358789
-0.30721554	0.48030895	0.30744625	0.647766371546607	-0.008989933	0.0053146267	-0.003961464	0.154677312348152
-0.28658694	0.47057543	0.28901094	0.622174117862461	-0.0091400034	0.0049621793	-0.0035914022	0.092426409796169
-0.2624142	0.47220705	0.25072759	0.595571183670391	-0.0084706851	0.0043579624	-0.003541863	0.130241428915513
-0.26482715	0.44459429	0.27778284	0.587333643065159	-0.0085882215	0.0045425164	-0.0035196205	0.0732976049834986
-0.27921431	0.46624419	0.27247559	0.60793685754639	-0.0091665418	0.0048621417	-0.0035441465	0.0874678895289802
-0.27039806	0.48625441	0.29706622	0.630719272863372	-0.0094584234	0.0049857422	-0.0031532323	0.0937369148198079
-0.29339638	0.53234483	0.31336937	0.683866080368832	-0.0098959695	0.0053050396	-0.0033854212	0.13484350973159
-0.25622084	0.42083464	0.35906433	0.609654087292609	-0.0090023338	0.0049036068	-0.0027671895	0.29004569788619
-0.28389481	0.43869897	0.57671357	0.778236205304111	-0.0085046659	0.0059180652	-0.0017357252	0.390367065281962
-0.3252258	0.44005867	0.63582039	0.838862934195784	-0.0080896938	0.0060198329	-0.0020423711	0.14296679478886
-0.33620071	0.40507178	0.53714331	0.752088425542255	-0.0074588926	0.0055825803	-0.0027259656	0.232221293637406
-0.33803877	0.43400241	0.50279119	0.745269939451832	-0.0071569712	0.0059444174	-0.002175426	0.125835714496331
-0.35435784	0.39904233	0.43101839	0.685989148907974	-0.0063351412	0.0055383491	-0.0027686475	0.214107938269195
-0.38468947	0.39521239	0.44096552	0.706136963603566	-0.0064984853	0.0060165328	-0.0029720137	0.0863533997456035
-0.40963414	0.28976123	0.35173583	0.612764059953292	-0.004166364	0.005346535	-0.0044824729	0.44525440076923
-0.31211526	0.41838245	0.38270544	0.647242816722182	-0.0059530336	0.0052825709	-0.0019152579	0.478002097868511
-0.43809608	0.19214833	0.15314094	0.502296031775326	-0.00077462904	0.0058900884	-0.0047297059	1.01179760678919
-0.7191297	-0.53079772	-0.51518451	1.03165344196742	0.014047322	0.010214492	-0.0048968837	2.63797478970428
-0.3850778	-0.36343058	-0.34987169	0.634647065695125	0.012994433	0.0074358311	-0.00014659735	1.0958234020576
-0.42261144	-0.43633964	-0.38031245	0.716680033403475	0.013642149	0.0071770703	-0.0018269221	0.27022352701365
-0.48051456	-0.47244964	-0.43084806	0.799833079782205	0.013928056	0.0078537414	-0.0023840131	0.220532183945623
-0.4522253	-0.4984794	-0.44253136	0.805495772036017	0.014689049	0.0069485666	-0.0026106632	0.160643212512523
-0.47927847	-0.48677314	-0.38872442	0.785978763285203	0.013401939	0.0075569291	-0.0030856489	0.211089274865388
-0.52375872	-0.40106003	-0.39332762	0.768035781129046	0.01210772	0.007720765	-0.0039962096	0.253227333901702
-0.48772166	-0.38643616	-0.38076429	0.729511321315787	0.011851683	0.0075592288	-0.0034489306	0.111466869614755
-0.53590101	-0.36360641	-0.38648578	0.754168928062086	0.011267902	0.0081297389	-0.0040270244	0.163349833796171
-0.52689419	-0.36850487	-0.39109148	0.752572835277798	0.011886299	0.0079387205	-0.0038333195	0.0686669944776621
-0.5191264	-0.41316709	-0.48241204	0.820317401846986	0.012731881	0.0076779363	-0.0037693021	0.202269748702924
-0.53024268	-0.41291263	-0.47101178	0.820674257306678	0.01268043	0.0078458234	-0.0038312285	0.036834224989363
-0.51085127	-0.37624888	-0.46588148	0.787132640136882	0.011765155	0.0076875935	-0.0034781579	0.132514233302653
-0.4753989	-0.42210473	-0.48661951	0.800609183511045	0.013055563	0.0074638129	-0.0030630639	0.198510375351136
-0.47892089	-0.4220675	-0.44438047	0.777804728419713	0.01291052	0.0070928408	-0.0036619398	0.101542809439806
-0.46528733	-0.40630084	-0.45140271	0.765073250505191	0.012730319	0.0069530717	-0.0037195925	0.0553035999817215
-0.48976999	-0.34775373	-0.45318038	0.752449172137532	0.011227226	0.007133436	-0.0039750952	0.181755432878192
-0.46851284	-0.37589683	-0.44672645	0.748576802458183	0.012302812	0.0067076187	-0.0040552868	0.13493392224572
-0.45692131	-0.44833174	-0.4321244	0.772340552929149	0.012609387	0.0065537005	-0.0039807619	0.125379394931511
-0.46748447	-0.41551859	-0.41509969	0.750669821535983	0.011731188	0.0067826444	-0.0038689999	0.121346263561057
-0.45498346	-0.46127101	-0.51218362	0.825901298059457	0.013084985	0.006582638	-0.0036135753	0.245798754779461
-0.46446046	-0.42456744	-0.48383878	0.793776413761113	0.01296383	0.006810143	-0.0036871024	0.0956347649709349
-0.43959278	-0.41521218	-0.49265504	0.779969201370081	0.012877462	0.0064452868	-0.0035985652	0.0700272698960252
-0.42757043	-0.41585297	-0.46767291	0.757936749350547	0.012162535	0.006384221	-0.0034239573	0.0851753042271561
-0.43158198	-0.4254863	-0.50108658	0.78637736335967	0.012699545	0.0061635146	-0.0034864811	0.0880705596544621
-0.45051293	-0.38158759	-0.4578765	0.747142475162163	0.012102315	0.0065689396	-0.0037652255	0.170109709372251
-0.36478763	-0.43253377	-0.74151162	0.932735203466908	0.012103189	0.0058245488	-0.0025156446	0.520048880075748
-0.33407053	-0.41073096	-0.54384324	0.758991772162716	0.011909415	0.0054349864	-0.0017620229	0.317036193969976
-0.37150645	-0.41415951	-0.38806728	0.678337199276025	0.012695599	0.005995165	-0.00198481	0.275097913598394
-0.36437128	-0.45939097	-0.51754838	0.782088753689122	0.013075655	0.0056150983	-0.0022362133	0.232424029738153
-0.41465118	-0.47726865	-0.45457305	0.778689683464804	0.012616916	0.0062426167	-0.0026216723	0.204718729164766
-0.38782441	-0.45757903	-0.42990532	0.737973526525099	0.01300597	0.0058716969	-0.0025719369	0.111669579770744
-0.418022	-0.49569909	-0.43316357	0.779801679073579	0.013363586	0.0065475517	-0.0022482255	0.139435009190889
-0.37771649	-0.44579707	-0.44160043	0.732404064854019	0.012734473	0.0057416722	-0.0019520602	0.185202278336788
-0.41021563	-0.3951601	-0.45310496	0.727827227097825	0.011781567	0.0063799825	-0.0021207358	0.182635232645543
-0.41640277	-0.45547859	-0.52397507	0.809568951228718	0.013117194	0.0062718501	-0.0025315377	0.230103799889136
-0.39112352	-0.36306213	-0.44645839	0.695785032994185	0.011436479	0.0060051491	-0.0021410833	0.312105899945447
-0.40545091	-0.3612799	-0.45894107	0.711013721595148	0.011084141	0.0060771741	-0.0024886166	0.067187114820649
-0.39052944	-0.39066655	-0.49123781	0.739221335439672	0.011936772	0.0056498647	-0.0024793794	0.141063738546104
-0.39573836	-0.31186597	-0.41815684	0.654770475554844	0.010444152	0.0057605192	-0.0026061255	0.243591493064957
-0.39356603	-0.30464556	-0.41426884	0.647550622725838	0.0097495331	0.0055519881	-0.0028600743	0.071135679248759
-0.41227724	-0.30933399	-0.3722907	0.635814757062014	0.0093960336	0.005663097	-0.0029588502	0.0935469949031056
-0.45517687	-0.20730353	-0.30596693	0.58632456778399	0.0081027879	0.0053493597	-0.0031097274	0.299146865422397
-0.40405089	-0.16688845	-0.36531806	0.569707083873246	0.0080362756	0.0056883829	-0.0025551206	0.19889930456281
-0.37315454	-0.11802927	-0.35190221	0.52631776020027	0.0072804259	0.0053562123	-0.0020260029	0.174028278715398
-0.42474527	-0.09842274	-0.32722835	0.54513665550961	0.0065483591	0.0056304205	-0.0027223453	0.181001988436251
-0.40643282	-0.1240908	-0.31805676	0.530797764124426	0.0068710353	0.005414797	-0.0026354624	0.0844112299077543
-0.40653599	-0.16138251	-0.29326216	0.526610406455328	0.0074598477	0.0055402594	-0.0027236747	0.102313834569161
-0.44949235	-0.15236432	-0.22847935	0.526745737613516	0.006595302	0.006784063	-0.0026519001	0.225763549644191
-0.48035323	-0.13167148	-0.28607241	0.574381430740959	0.0063846016	0.0074816657	-0.0028212122	0.163027539263134
-0.49101643	-0.1509486	-0.31339134	0.601744751833284	0.0070404546	0.0077375308	-0.0026070899	0.11355126935692
-0.49105141	-0.088560632	-0.27446001	0.569475872967791	0.0061012136	0.0075495964	-0.0027449141	0.164604256254522
-0.47450182	-0.06986454	-0.25596474	0.543646005463106	0.0055709369	0.0076989201	-0.0025228271	0.0988253216595962
-0.508844	-0.042093052	-0.23673117	0.562792757782333	0.0047282984	0.008039943	-0.0028858635	0.158682126571223
-0.4814341	-0.010671964	-0.13895182	0.501198854487657	0.0040833431	0.0082507651	-0.0022262129	0.232381736823562
-0.49080783	0.03554191	-0.089391879	0.500146439942251	0.0030883852	0.0086604036	-0.002150396	0.179168207803907
-0.52947315	0.054507535	-0.021659928	0.532711967599437	0.0022219747	0.009418884	-0.0021790113	0.208038203735922
-0.4930741	0.098749499	-0.041156268	0.504546697580362	0.0019463866	0.0090985993	-0.0016898678	0.154388168644127
-0.48400121	0.054208054	-0.084649466	0.494329056898354	0.0032541042	0.0091373733	-0.0016355725	0.16714687334046
-0.46537703	0.036143381	-0.066719132	0.471522604565853	0.002654952	0.0089899993	-0.0012452599	0.111461126421358
-0.47810353	0.040219486	-0.06286581	0.483893275960228	0.0027268484	0.0091020646	-0.001591915	0.0471867669095072
-0.47686291	0.057495937	-0.018180629	0.480660538193028	0.0024320287	0.0091544855	-0.0015344657	0.0834367469459188
-0.49450166	0.093728602	0.019311002	0.503676341884224	0.0018643946	0.0092994521	-0.001813802	0.14095989556721
-0.47221011	0.086892819	0.020706881	0.480584565816181	0.0023442379	0.0093959677	-0.0012027388	0.0898943162925986
-0.49195893	0.070581651	0.030583778	0.497936467575316	0.0025543736	0.0093287906	-0.0016517777	0.0822544697914074
-0.48168931	0.089947591	0.024962333	0.490650872376461	0.0018937278	0.0092076747	-0.0014549188	0.0841880343796951
-0.46126573	0.098826048	0.048783061	0.474249352636628	0.0015452543	0.009033515	-0.0012021009	0.0918953198671701
-0.48183063	0.12093552	0.057897034	0.500138203449671	0.0011400227	0.0093864421	-0.0013572196	0.0974522147620076
-0.48370739	0.12085029	0.065606736	0.502873617862649	0.0012453925	0.0093780736	-0.0013721936	0.0161073069975545
-0.47139473	0.1072733	0.046382775	0.485666463924949	0.001561429	0.0092308534	-0.0011735641	0.0782079209112647
-0.46823642	0.096923111	0.046459554	0.480414325991861	0.00108854	0.009037081	-0.0012943535	0.0529578177608596
-0.46134511	0.11413289	0.081888093	0.482256453430994	0.00080299914	0.0091236633	-0.0011386429	0.08592131594228
-0.44007127	0.11944959	0.077501851	0.462533743784178	0.00098239229	0.0088305728	-0.00079276753	0.0718947328493181
-0.44158317	0.10136422	0.046630519	0.455461092109597	0.001374038	0.0087643	-0.0010093915	0.0841957258530636
-0.4259168	0.1224741	0.042684874	0.445226935574933	0.0011692633	0.0086794682	-0.00052776737	0.0792834262480924
-0.43236666	0.13002114	0.068063623	0.456595096669184	0.00086415938	0.0086955283	-0.00061824366	0.0599576644392783
-0.46036144	0.10878479	0.072013394	0.478490036353545	0.0011949629	0.0090935307	-0.00089713043	0.103565535248047
-0.45325073	0.13187291	0.067544439	0.476853163853639	0.00087142141	0.0089249484	-0.00078079134	0.0650909289161797
-0.45131547	0.11419007	0.058236323	0.469165743489959	0.0010763879	0.0090549438	-0.0008792749	0.050598488475494
-0.43398458	0.071839321	0.068367191	0.44517140128803	0.0012468966	0.0091958958	-0.00052882899	0.102907837394174
-0.4599116	0.13268918	0.13311122	0.49683366954497	-0.00012462204	0.0096826665	-0.00078689955	0.257338897349085
-0.43954253	0.13026234	0.090033967	0.467195920481797	0.00034828938	0.009252718	-0.00054124917	0.123298677583195
-0.45824001	0.092007549	0.087613931	0.47552654683315	0.0010016408	0.0093470896	-0.00098538201	0.118965099234704
-0.43664627	0.074191754	0.06867915	0.448197732157618	0.0012379849	0.0091155987	-0.00045628325	0.108191003638071
-0.44771011	0.094269501	0.093693326	0.467021970309688	0.0010616912	0.0094516956	-0.00059572887	0.0887475739038406
-0.44425029	0.13352089	0.14102249	0.484843779909855	-0.00047038308	0.0097606187	-0.00011739935	0.206006710218569
-0.43952265	0.11974039	0.18661468	0.492283413951635	2.2350417e-05	0.0096851603	-0.00015729131	0.0945045225997456
-0.40142689	0.012133452	0.089053049	0.411365061968934	0.0020114899	0.0091926895	0.00065979708	0.408199244868056
-0.38668989	0.0059389276	0.070071565	0.393032271080632	0.002694615	0.0086472764	0.00072144561	0.104422343897357
-0.42286201	-0.027138214	0.089278846	0.433035188527955	0.0026274685	0.0094451264	0.00032290023	0.151633635409396
-0.38814357	-0.026967827	0.091402299	0.399671208480086	0.0026771593	0.0092802346	0.00092018877	0.0776058365464775
-0.43656942	0.095329561	0.13950083	0.468125053004299	0.00029546331	0.009736038	0.00021146464	0.396132915915014
-0.42743796	0.30373154	0.18962977	0.557597980367564	-0.0028642723	0.0082390815	-0.00070385139	0.546262711691822
-0.44470036	0.30197153	0.22380017	0.58226431387017	-0.0029342066	0.0080250147	-0.0015352152	0.108961054281746
-0.4596748	0.29839342	0.25194075	0.603169707764655	-0.0036075814	0.0084110956	-0.0017492444	0.110367374223575
-0.47197385	0.25866115	0.23985259	0.589231847860291	-0.0024905807	0.0090199842	-0.0014023772	0.167757301539275
-0.52427061	0.20020929	0.21127667	0.599650951469574	-0.0016550745	0.010124795	-0.0011495067	0.248983910941768
-0.5180568	0.18226333	0.17906003	0.577637657907212	-0.0013650295	0.010054151	-0.0010766399	0.0780541999476254
-0.47202759	0.14764749	0.18488792	0.528008873018659	-0.00087425873	0.0096977039	-0.00058234645	0.153548505407787
-0.44979694	0.19664597	0.22100918	0.538360457681354	-0.0015941729	0.0096139439	-0.00038666658	0.157318091205844
-0.44857831	0.21855093	0.20068502	0.537830351001802	-0.0017066819	0.0096543993	-0.00046445166	0.0549852239959146
-0.4464142	0.21617244	0.20217752	0.535622919011635	-0.0014883565	0.009879497	-0.00026569775	0.0381439504382009
-0.4387492	0.22686048	0.19705677	0.531787465524812	-0.0014437982	0.010103657	0.0001005787	0.055223527373977
-0.39565006	0.21769367	0.2286146	0.506156239978559	-0.0016724094	0.0093679669	0.00058665897	0.15634285740629
-0.41054387	0.22795342	0.22482403	0.520629307040733	-0.0014723664	0.0092077257	0.00013969489	0.0693065437887232
-0.45919491	0.21738893	0.23898341	0.561454345883689	-0.0019283515	0.0097733804	-0.00060705429	0.161794357557891
-0.43399147	0.17583735	0.22170735	0.518094121498986	-0.001303974	0.0095190943	-6.1826068e-05	0.155225670220966
-0.44979689	0.20021108	0.2491634	0.551800796219069	-0.001793088	0.0097505502	-0.00013509574	0.107327178329573
-0.45232372	0.18946938	0.26668133	0.558224260851131	-0.0015623129	0.0097766648	-0.00015472539	0.0446124274743421
-0.43497313	0.17525914	0.25446001	0.533542207013406	-0.0010593945	0.009637769	0.00016290008	0.091754133162656
-0.42736021	0.16450912	0.24948247	0.521480107474599	-0.0015349282	0.0097436914	0.00041134811	0.0648356862415464
-0.44229712	0.17040632	0.25793157	0.53962371246907	-0.0017372745	0.010099804	0.00042528931	0.0579032148886491
-0.44668846	0.16883103	0.2682139	0.547698085756416	-0.0016606412	0.010098019	0.00023917406	0.0294756374856316
-0.43328947	0.15894452	0.27121775	0.535315041042164	-0.0014980051	0.010070017	0.00065676991	0.0567010473392775
-0.40374068	0.14411349	0.26451712	0.503730623905215	-0.0013341944	0.0099819117	0.0011735286	0.0895141842019279
-0.40850492	0.15751203	0.28376303	0.521735341388436	-0.0018589842	0.010152424	0.001145159	0.0735922746885213
-0.43761828	0.1764338	0.26186679	0.539641418422921	-0.0015707781	0.010539264	0.00061557741	0.130162754020099
-0.44397837	0.21233404	0.28529642	0.568855504355363	-0.0025342473	0.010428035	0.00037826315	0.131290581106034
-0.42836943	0.22123365	0.29606958	0.565775479012853	-0.0021639078	0.010094153	0.00052102316	0.0776307853105786
-0.39457572	0.18533978	0.32095921	0.541346143745193	-0.0017804953	0.0098916495	0.001056685	0.150656101545068
-0.45283744	0.18949409	0.34451261	0.599715512272022	-0.0025297774	0.010310742	0.0002771253	0.183366142983287
-0.42832439	0.1908844	0.37788498	0.602242223147657	-0.0028932387	0.0099749819	0.00060715337	0.110738203246223
-0.44675967	0.20672864	0.32490076	0.589823225367852	-0.0021701884	0.010270118	0.00056720061	0.140170697158784
-0.43942869	0.18009845	0.30946154	0.56683284134451	-0.0014546073	0.0098996655	0.00014574129	0.12477503497475
-0.41430059	0.171585	0.24551011	0.511235371635766	-0.00072198845	0.009765403	0.00049231182	0.158265573089029
-0.43546864	0.27777029	0.37068446	0.635764295407996	-0.0038469836	0.0092351057	-0.00068182601	0.493999136739113
-0.47243982	0.44345272	0.4696568	0.800266960572077	-0.0071090561	0.0083062335	-0.0027099978	0.612581683132562
-0.46638429	0.52212663	0.49510527	0.857472887090743	-0.0088494887	0.0083266824	-0.0022593252	0.220755603826048
-0.46210431	0.49716507	0.49522395	0.840214413588748	-0.0083887789	0.0078880152	-0.0026851053	0.0956180744596071
-0.46841712	0.46327949	0.44328564	0.794068411910437	-0.0068324903	0.0078660938	-0.0030507742	0.18933063704523
-0.46511602	0.42014418	0.43973241	0.765649160159483	-0.0061747441	0.0087068016	-0.0022966386	0.162619117275715
-0.51266561	0.38992777	0.4183546	0.768043139956998	-0.0061822182	0.010101595	-0.0023767969	0.173265094345803
-0.54145257	0.42564618	0.41778372	0.805536338600088	-0.0069414613	0.010602342	-0.0026852894	0.143500378765447
-0.48130832	0.38955334	0.38286731	0.72800884656233	-0.0058742958	0.0099893719	-0.0016453649	0.267156499645282
-0.47656233	0.34587694	0.36221835	0.69133540707497	-0.0050968267	0.0099100366	-0.0017901309	0.119149869013582
-0.48061452	0.37962495	0.38244104	0.722057178188552	-0.0056927169	0.010053353	-0.0017822674	0.0953763945530502
-0.45311492	0.31830669	0.37619896	0.669445992691303	-0.0051400365	0.0094007995	-0.0014869062	0.170089694015707
-0.44706383	0.30800904	0.37419771	0.65936299788905	-0.0049542541	0.0096004698	-0.0011982661	0.0520546299199577
-0.44121861	0.31455824	0.36547298	0.653598689772486	-0.0046754835	0.0094915646	-0.0011405381	0.0433893399517747
-0.41984503	0.30791878	0.35971338	0.632832947975541	-0.0046825552	0.0094052926	-0.00080236793	0.0553483334180931
-0.42755605	0.33352111	0.36249806	0.652261719105911	-0.0051512441	0.009305979	-0.0012956988	0.0891646980333319
-0.42700039	0.31302676	0.36371176	0.642340509308379	-0.005198154	0.0093375939	-0.0012300286	0.0294734599991291
-0.42619951	0.30868566	0.38490724	0.651986535457822	-0.0050768663	0.0097651886	-0.00067508525	0.0815287469773626
-0.40008146	0.27427352	0.38331101	0.61823819745802	-0.0047221525	0.0095404809	0.00019083544	0.134393528030707
-0.42592969	0.25013791	0.35260364	0.606889118195337	-0.004215194	0.0099230028	-0.00024397241	0.146905621940693
-0.44978654	0.28980399	0.36487733	0.647633963078698	-0.0050709815	0.01033583	-0.00055564458	0.15481096198461
-0.43374377	0.31558563	0.39178823	0.664248421182048	-0.0057006591	0.010003077	-0.00030500485	0.129388825870307
-0.44035793	0.30806223	0.39278176	0.665653780170409	-0.0051396035	0.0098926154	-0.00065499864	0.0662066390399343
-0.41175836	0.28149434	0.38131633	0.627842459544267	-0.0049322803	0.0095877843	-0.00036080331	0.106950371369376
-0.42186692	0.28465082	0.3780604	0.633977486639012	-0.0051268937	0.0099419211	-0.00029254058	0.0473716163914536
-0.42521487	0.29332405	0.37607688	0.63896831192795	-0.0052169804	0.0098929019	-0.00026166742	0.0225036529981702
-0.42148219	0.29112435	0.35914741	0.625609691229145	-0.0048619352	0.0098337814	-0.00020913049	0.0461969814060259
-0.43550352	0.26892897	0.33166012	0.609905354982284	-0.0043820468	0.0099641509	-0.0005226657	0.109893655200932
-0.44236183	0.30329331	0.34624656	0.63840230328809	-0.0057006534	0.01035632	-0.00038137217	0.148412546592027
-0.44649705	0.26387306	0.34669183	0.623846000581245	-0.0051381155	0.010227192	-0.00061043121	0.0900369865996128
-0.43575578	0.26089586	0.36649038	0.626310584455582	-0.0051425753	0.010194334	-0.0003366609	0.0490714254571778
-0.45261787	0.23579177	0.35495925	0.621656467997907	-0.0047801652	0.010240156	-0.00073323502	0.0937376207706975
-0.43537504	0.28337916	0.38721619	0.647913228430647	-0.0059439489	0.010157346	-0.00061998276	0.165079454711999
-0.44415614	0.27926912	0.41635872	0.669791386780475	-0.0061069629	0.010425173	-0.00054472892	0.0673384119500633
-0.43800414	0.23383002	0.43966563	0.663196781591736	-0.0055896662	0.010583842	0.00020347077	0.146106278330697
-0.45875915	0.20811034	0.25512024	0.564673541244227	-0.003424216	0.010592661	0.00013121916	0.343346099344685
-0.49240453	0.23281169	0.25122482	0.599814483277296	-0.0046947765	0.011001984	-0.00014283278	0.159938917541127
-0.50542217	0.13575448	0.2325436	0.572675627793378	-0.0032332661	0.011019336	-0.00051782815	0.22144895188637
-0.48151963	0.21717706	0.28452661	0.59998535087423	-0.0046354881	0.011209809	0.00036796606	0.281232583293712
-0.48732545	0.18469251	0.25605516	0.580656234299115	-0.0039549949	0.011007277	-6.8696303e-05	0.132746197302741
-0.46078352	0.18925103	0.33405863	0.599777102711606	-0.0047834267	0.010169552	-7.7741823e-05	0.19286403359072
-0.46038869	0.21534931	0.31141066	0.596078577336099	-0.0037080223	0.010065729	-0.0004335319	0.125891951162798
-0.44962457	0.18688353	0.33351119	0.590184226820882	-0.0046631257	0.010340775	0.00027656167	0.158342575895569
-0.42967001	0.18168159	0.33524417	0.574467728560375	-0.0047619928	0.0099919557	0.00039208931	0.0550501819063524
-0.4694603	0.1728474	0.30011488	0.583385068509869	-0.0037327182	0.010244597	-0.00049476395	0.192192224241535
-0.50998014	0.14206216	0.27985711	0.598816668535402	-0.0030413662	0.010524001	-0.0010977419	0.1702495463094
-0.49226851	0.17179559	0.31155828	0.607380089003275	-0.004122895	0.010453177	-0.00083710518	0.149795703326813
-0.46070246	0.1916406	0.33988753	0.603735380169087	-0.0043544475	0.01011828	-0.00028691206	0.135572440548904
-0.4970832	0.19711239	0.34605374	0.636944419067896	-0.0046145062	0.010735693	-0.00079091593	0.117092517706308
-0.51634427	0.25043077	0.31490035	0.65459086928764	-0.0046335022	0.010993458	-0.0010922068	0.132635433407326
-0.5366198	0.27008846	0.30786426	0.675047397271154	-0.0047524647	0.011252383	-0.001221638	0.0723352449558108
-0.54217283	0.37864834	0.38743582	0.766441424763848	-0.007469912	0.010640128	-0.0024539105	0.421783163817189
-0.56956546	0.38901262	0.45291952	0.825149515749301	-0.0082410531	0.01125486	-0.0027858625	0.189131863484482
-0.61847341	0.33940479	0.46922615	0.847276902904708	-0.0072962667	0.012684752	-0.0025736223	0.244168332132414
-0.68677125	0.41002995	0.49831591	0.942389545720183	-0.0086262906	0.01335409	-0.0036197372	0.320286592088628
-0.66424391	0.43954625	0.50352585	0.942315849107598	-0.0090198785	0.012970337	-0.0036756033	0.0989139297548762
-0.62117494	0.39824875	0.4804749	0.880520586068592	-0.0077588756	0.012373201	-0.0033911787	0.214545590331069
-0.61688003	0.42093103	0.4844264	0.890164501902104	-0.0082710111	0.012310243	-0.0032803903	0.0652227847168047
-0.62868895	0.40674796	0.5029216	0.902010994701741	-0.0077933699	0.012532938	-0.0032803995	0.0795044597499713
-0.66233344	0.46844603	0.55382328	0.982266508761727	-0.0095127619	0.01265946	-0.0039458684	0.271813373792123
-0.66593742	0.455222	0.54858199	0.975521356195043	-0.0093014858	0.012736424	-0.0040687262	0.0426241949755392
-0.60836333	0.42365473	0.5255374	0.908723737083401	-0.0088434092	0.01180218	-0.00364407	0.203034787941419
-0.64753171	0.45304215	0.53576895	0.954773728647918	-0.0092684432	0.01234584	-0.0043339283	0.161714963821295
-0.57772331	0.47829713	0.55211401	0.931322848169137	-0.0086138823	0.010630866	-0.0039731313	0.247925023809616
-0.53872026	0.5240942	0.55750345	0.935790759609225	-0.0089888213	0.0086456822	-0.0053776509	0.278421657818982
-0.58400081	0.53800104	0.55695103	0.969895105122095	-0.0097725447	0.0091703158	-0.005973374	0.154943813255845
-0.65011658	0.51936518	0.60959227	1.03150108745996	-0.009065668	0.0094395592	-0.0073322353	0.254141933996106
-0.62595372	0.49480361	0.5913036	0.99312064696281	-0.0091792919	0.0099537615	-0.0062667332	0.151679512193577
-0.63131812	0.51174641	0.57836272	0.997472000947406	-0.0098950031	0.010230833	-0.0061822754	0.0891101041906446
-0.61114973	0.55714972	0.66502391	1.06121468320356	-0.010472451	0.010320077	-0.0058566434	0.201849084525443
-0.60951104	0.60731038	0.73487864	1.13153710547462	-0.011258804	0.010560285	-0.0058090399	0.175362303957896
-0.59175384	0.60406802	0.72565909	1.11429434838426	-0.010911728	0.010176422	-0.0055531788	0.0795591147601631
-0.57215885	0.55104157	0.70955475	1.06511994852643	-0.01016983	0.0099809333	-0.0055481993	0.135844089133706
-0.56902077	0.55129066	0.76229711	1.09945573462918	-0.011241451	0.010335536	-0.0051326761	0.14821687219385
-0.55797144	0.6014481	0.7865151	1.13652010425566	-0.011402882	0.010905776	-0.004837503	0.136766964551351
-0.58275062	0.63067128	0.88571056	1.23362382622205	-0.012783554	0.011228052	-0.0054752849	0.270234308906639
-0.58176469	0.59842455	0.88962775	1.21983590295726	-0.012152922	0.010928838	-0.0055802902	0.0888924144192783
-0.57122234	0.58171212	0.84535291	1.17443837416675	-0.011401832	0.010898906	-0.0051238609	0.133402183919103
-0.59505576	0.59936517	0.87690113	1.21749150153649	-0.012264543	0.011309893	-0.0055369613	0.15737460837082
-0.60400034	0.61830403	0.87501486	1.22994605144095	-0.012389436	0.01147121	-0.0058967241	0.0620683498901878
-0.63821426	0.61983661	0.88387928	1.25409626679014	-0.012409472	0.011542608	-0.0064614921	0.0774210196239332
-0.64318867	0.65950755	0.92064868	1.30239620151055	-0.013458556	0.011535358	-0.0064881425	0.135563967594547
-0.60014774	0.62131716	0.89313074	1.24253565014068	-0.01219618	0.011196459	-0.0057235529	0.227042484796637
-0.60365528	0.64372387	0.88669581	1.25100342819323	-0.012745713	0.01118363	-0.0058038313	0.0644811996531855
-0.62069808	0.67498637	0.91907387	1.29829483736101	-0.013707886	0.011288643	-0.0061926068	0.153481433019422
-0.61416353	0.68661546	0.96859151	1.33671505742142	-0.014374623	0.011407521	-0.006207294	0.107696389379014
-0.626438	0.67230539	0.97406812	1.33911456106914	-0.013904169	0.011519562	-0.0063623447	0.0689384347723788
-0.60959266	0.68843078	1.0361263	1.38531507590475	-0.015018194	0.011256006	-0.0061708662	0.173481882066896
-0.61070865	0.70654916	1.0533865	1.40776414539644	-0.015375289	0.011390374	-0.0060472748	0.0672472898961468
-0.60038097	0.69760324	1.0159302	1.37084709609375	-0.014640566	0.011383969	-0.0055135348	0.120473298856942
-0.63138004	0.70070701	1.0164634	1.38666106612723	-0.015067907	0.011743913	-0.0056451176	0.0805794297355133
-0.6185426	0.71585075	0.98479203	1.36559605544313	-0.014753185	0.011597567	-0.0052933899	0.100292334837874
-0.66103623	0.7039074	1.0114636	1.39839663160075	-0.014892522	0.011917794	-0.0059335946	0.136096984379294
-0.62795918	0.69414204	1.0147494	1.38053694200553	-0.014701747	0.011449803	-0.0057972486	0.0858838097667182
-0.61851815	0.71104234	1.0716491	1.42708713983516	-0.015674105	0.011687978	-0.0057150045	0.147879883055391
-0.64619093	0.69577681	1.1013046	1.45414576619031	-0.015597831	0.01175201	-0.006176874	0.102702584793263
-0.6686296	0.70110336	1.1059062	1.47025167457748	-0.015400517	0.011954162	-0.0066479946	0.0758961497489365
-0.63639475	0.71826407	1.0826302	1.44671687003109	-0.015185329	0.011746716	-0.0059888712	0.126759429364076
-0.63912663	0.68354066	1.0544641	1.40982453562037	-0.014222345	0.012013851	-0.0057369023	0.139725783066517
-0.63848004	0.67872911	1.0782188	1.42509148720818	-0.01488565	0.011490489	-0.0061344101	0.108421578962499
-0.6531893	0.71536304	1.1272625	1.48631130135607	-0.015999649	0.011835077	-0.0062927231	0.181231887026354
-0.7093238	0.8674569	1.0262494	1.51947673809256	-0.017947839	0.010881246	-0.0078068529	0.530048975555598
-0.76271123	1.0080109	1.0296678	1.63034664205002	-0.020115841	0.010343954	-0.0086578467	0.375174197163538
-0.74014204	0.97402662	1.0233131	1.59490056005871	-0.01824034	0.01039551	-0.0085516669	0.1645699962533
-0.70453441	0.96067569	1.0215198	1.56932126029792	-0.018026924	0.0098959775	-0.0083354865	0.0972083046990144
-0.72131448	0.96056394	0.98525551	1.55361065968001	-0.01808476	0.010274613	-0.0083197016	0.075768929886499
-0.69598486	0.88845051	0.92974614	1.46224728377706	-0.016368429	0.010220568	-0.0079236141	0.261275584336974
-0.7253568	0.89965531	0.95159914	1.49701806514356	-0.016655088	0.011511007	-0.0074735491	0.163787885284163
-0.70195098	0.90885091	0.92571755	1.47502479209971	-0.016579746	0.011810777	-0.006503836	0.125724263043273
-0.70238031	0.91786967	0.9284666	1.4825225321381	-0.01631894	0.011346889	-0.0072329505	0.0848875639475665
-0.77070705	0.92741812	0.93716918	1.52721308210934	-0.017136964	0.012046344	-0.0077373038	0.187669382879407
-0.77516528	0.92169163	0.91712991	1.51377803655164	-0.016583738	0.012040542	-0.0077702653	0.0598234646471755
-0.75144462	0.93356591	0.8994267	1.49839337755943	-0.016395029	0.011949754	-0.0074018464	0.0856939448802607
-0.8044662	0.9421854	0.89443832	1.52803766419549	-0.017141463	0.012993193	-0.0074952178	0.160791666765084
-0.83479672	0.95275298	0.83955181	1.51969439240129	-0.016603294	0.012720423	-0.0083360375	0.178372543394576
-0.83297982	0.95589304	0.87727141	1.54181451908168	-0.016808348	0.013041598	-0.0079185225	0.0898637597613897
-0.8539164	0.97443445	0.8848023	1.56893939513961	-0.017365754	0.013151339	-0.0082420423	0.0965422195658965
-0.82993913	0.95541797	0.88933722	1.54678477745981	-0.017021313	0.013220705	-0.007666782	0.0969820345175714
-0.87804702	0.98122147	0.90538831	1.59796437206982	-0.017630499	0.013365034	-0.0086045578	0.174527017804621
-0.81108014	0.99853002	0.88311801	1.56038796904167	-0.017006015	0.012698637	-0.0081213403	0.195250653641033
-0.83691396	0.97055475	0.84900787	1.53727546734877	-0.017057628	0.012670146	-0.0083945991	0.105587369957156
-0.80269011	0.94349695	0.917871	1.54174741121628	-0.017105279	0.012308291	-0.0083576734	0.152466364900959
-0.8099037	0.93727592	0.9116797	1.53804747289465	-0.01680433	0.012353283	-0.0084090416	0.0394913799427424
-0.84007927	0.91355675	0.91962931	1.54468028509636	-0.016559719	0.012703581	-0.0087632765	0.109301544787352
-0.83485057	0.91441938	0.90248435	1.53219329026851	-0.015988431	0.012595166	-0.0086781459	0.0614779696076199
-0.87222461	0.93662282	0.96651407	1.60380407928848	-0.016706037	0.013054337	-0.0094328641	0.220181958132843
-0.8180363	0.91744339	0.88845966	1.51665629904066	-0.015969894	0.012266544	-0.0090161462	0.248454842999576
-0.79560125	0.83422832	0.84662614	1.43027761634687	-0.014609466	0.012050782	-0.0085819015	0.248005369562998
-0.80225099	0.92235224	0.91430638	1.52653085854748	-0.016468016	0.012014106	-0.0088578037	0.271010296581521
