0	0	0	0	0	0	0	0
-0.018963979	-0.04112729	-0.010818119	0.0465630559666642	0.00071180833	0.00077471702	3.6842889e-05	0.147077798229839
-0.020189413	0.063805707	0.04150482	0.0787491633370591	-0.00091157156	0.00057689905	-0.00019283018	0.261024907495729
-0.013107082	0.12419219	0.067084583	0.141759786017879	-0.0022226111	0.00034486229	-5.1206592e-06	0.179587863305512
-0.0081206096	0.13959399	0.080874676	0.161533710297574	-0.0027661715	0.00055599411	0.00039226835	0.0917824263750716
0.011675972	0.15577621	0.11721935	0.195302155488698	-0.0034227014	0.00037858423	0.00070491208	0.129652650435149
-0.012163942	0.17156946	0.15379189	0.230729249379967	-0.0038926432	7.4702053e-05	0.0002165886	0.139313076332725
-0.011061349	0.1769013	0.14408251	0.228421087186122	-0.0037960813	0.0001638498	0.00049629382	0.0394145563010592
-0.011176893	0.1748443	0.18095599	0.251874021082968	-0.0038487417	0.00041724016	0.00072295034	0.0656813879415428
-0.00096720223	0.17165953	0.16920432	0.241035332734927	-0.0039167418	2.6440643e-05	0.00047715167	0.0603760449640637
-0.022628893	0.21112572	0.18921816	0.284411055547617	-0.0048466266	-0.00058982361	-0.00038972609	0.201793057900119
-0.020584993	0.26342803	0.21328696	0.339572372599027	-0.0059633852	-0.00076079598	-0.00041847601	0.144239051587944
-0.017612991	0.28253035	0.22940823	0.364364861251495	-0.0063138664	-0.0010464445	-0.00075834289	0.0869954217799636
-0.026169647	0.28616606	0.21126687	0.356664484746695	-0.0063453301	-0.0012810851	-0.0011216011	0.0618018513731586
-0.04180144	0.29258844	0.23103727	0.375144739716233	-0.006508302	-0.0013431578	-0.001230701	0.0585317979877786
-0.046091354	0.32215731	0.23301103	0.400254775613796	-0.0067700215	-0.0014683305	-0.0013143933	0.0593617689573449
-0.058612479	0.29464736	0.21490538	0.369373539662006	-0.0064592731	-0.0017408136	-0.0018469419	0.11392572958068
-0.062762369	0.29643729	0.23942114	0.386182164456019	-0.0070435076	-0.001885421	-0.0019933254	0.0742168495717138
-0.043026626	0.3212069	0.26143103	0.416378849846405	-0.0077587461	-0.0017805272	-0.0017481811	0.119779072204629
-0.062160537	0.32062857	0.24717867	0.409589925612608	-0.0074209134	-0.0015974591	-0.0019916268	0.0721819258768324
-0.06467429	0.34788226	0.24630546	0.431127835143503	-0.0080167085	-0.0014333656	-0.0019771402	0.0693594125501834
-0.064167274	0.35616052	0.27416281	0.454018723673768	-0.0084852049	-0.0016031979	-0.0019202489	0.0714036257751825
-0.082675578	0.35779724	0.26673603	0.453874680775886	-0.0082960716	-0.0022775313	-0.0027211664	0.110791012276738
-0.09484226	0.36932674	0.27216639	0.468478216149446	-0.0083463668	-0.002336228	-0.0027085567	0.0352066219993094
-0.1021593	0.36880199	0.27391441	0.470617184567349	-0.0083117656	-0.0022997853	-0.002918855	0.0236569199804368
-0.112103	0.36598861	0.28130673	0.475024443162691	-0.0084630031	-0.0024679999	-0.0031454352	0.047451014958643
-0.1035444	0.32523571	0.22054828	0.406375754249097	-0.0075264257	-0.0027837563	-0.0033959327	0.185211513190116
-0.088218641	0.31767081	0.22374306	0.3984447628519	-0.0074815472	-0.0031058238	-0.0033257877	0.0479399889294942
-0.09812873	0.33456057	0.24493052	0.426087998279238	-0.0080832235	-0.0032103583	-0.0034228154	0.088149233541935
-0.099901499	0.34016096	0.25400042	0.436126130346194	-0.0082043708	-0.0029443443	-0.0032277843	0.0455526789416239
-0.11207753	0.378549	0.27082537	0.478755782385485	-0.0088632939	-0.002990078	-0.0035773455	0.12009992031479
-0.092526027	0.37554248	0.25928745	0.465642783348414	-0.0088847681	-0.0033200933	-0.0034588251	0.0575964379216319
-0.080699392	0.40234069	0.26404247	0.48796398295627	-0.0092166944	-0.0034356156	-0.0034428198	0.066552559920592
-0.068094729	0.38513025	0.27113474	0.475895207811041	-0.0090507111	-0.0036690927	-0.0034257477	0.0577339979639476
-0.062481827	0.38709412	0.29226925	0.489047186822902	-0.0094254287	-0.003714001	-0.0035747312	0.0571417518833067
-0.056229444	0.38357779	0.2980009	0.488976694490283	-0.0095371594	-0.0039986732	-0.0036827279	0.0407203429464089
-0.05083486	0.41208422	0.31640342	0.522023669532258	-0.0098721442	-0.0035449921	-0.0032800868	0.111868883591154
-0.050482304	0.40031174	0.30539322	0.506026650504639	-0.009768122	-0.0033908779	-0.0032123965	0.039426570989383
-0.054477255	0.40931432	0.31265512	0.517937455617579	-0.010319351	-0.0033178183	-0.0032881933	0.0552637006493369
-0.071504463	0.42153795	0.31537227	0.531287869430569	-0.010321092	-0.0031190244	-0.0034616137	0.0506657529727673
-0.062043476	0.44874433	0.30762008	0.547586504801313	-0.010424794	-0.0033721788	-0.0033722437	0.0667308769623896
-0.065381915	0.45268347	0.33210255	0.565233776889537	-0.01103065	-0.0034649915	-0.0033585365	0.0673788435350239
-0.044303379	0.44348416	0.34140682	0.561426403283846	-0.01086595	-0.0036075913	-0.0032720959	0.0592691359833057
-0.055372189	0.44437358	0.35597479	0.572059445365787	-0.011146144	-0.0035285552	-0.0035757129	0.0596685548948338
-0.050741796	0.45138301	0.36604559	0.583361573585725	-0.011317825	-0.0035018249	-0.0035065454	0.0350895629887287
-0.04223631	0.48301119	0.38083174	0.616535911151216	-0.011878272	-0.0037340036	-0.0035675004	0.0975988506067096
-0.046756117	0.50089819	0.39709255	0.640911557461477	-0.012173749	-0.0040310719	-0.0036926753	0.0745536268875529
-0.051195302	0.51317903	0.4220796	0.666426938617259	-0.012622208	-0.003942407	-0.003760373	0.0719481548100013
-0.04408861	0.49305038	0.42985466	0.655604691467039	-0.012629455	-0.0040583467	-0.0036078882	0.0487939769893659
-0.051337318	0.50195539	0.44689808	0.674027171319652	-0.012761829	-0.0038864809	-0.0037557272	0.0558010779778597
-0.066310338	0.53762912	0.47812938	0.722530162427032	-0.013660578	-0.0038530915	-0.0038505586	0.13322653848572
-0.080684648	0.53360967	0.47461403	0.718684749951767	-0.01385799	-0.0042145146	-0.0043634568	0.0754957746045202
-0.075871369	0.57340701	0.49006287	0.758098727280102	-0.014488627	-0.0040110666	-0.0042345471	0.10820919345548
-0.064770713	0.53476753	0.47336005	0.717106193907731	-0.013884983	-0.0040321923	-0.0040941111	0.104703240535961
-0.088360756	0.53890755	0.45710533	0.712161676420673	-0.01368052	-0.0037196835	-0.0044040309	0.0853293628565925
-0.08122221	0.56127701	0.46247315	0.731785722614719	-0.014256087	-0.0039222036	-0.0043577982	0.0760918155852555
-0.070408806	0.56871878	0.4696813	0.740944649927863	-0.014460043	-0.0041743563	-0.0041654099	0.0578881739340892
-0.079401268	0.59251399	0.44128751	0.743042432292886	-0.014332114	-0.003992114	-0.0043042663	0.0836328469774509
-0.057205083	0.57636428	0.45651474	0.737478076025466	-0.014019718	-0.0040040907	-0.0040719608	0.0814070349103638
-0.06163371	0.56689786	0.46898039	0.738318700891083	-0.013937545	-0.0041415156	-0.0040438624	0.0387455119933909
-0.068245052	0.57913415	0.46429304	0.745400414415733	-0.014260538	-0.0040292499	-0.0040936545	0.0477875219265949
-0.069796503	0.54634048	0.43702053	0.70309772831317	-0.013578877	-0.004245982	-0.004250242	0.114366660310913
-0.069892388	0.54682122	0.41287706	0.688742229877677	-0.012916046	-0.003762833	-0.0042650577	0.0827598791583382
-0.052135084	0.62431328	0.45928554	0.776806504749501	-0.014859508	-0.0043675789	-0.004177052	0.273468508245021
-0.087173547	0.61797543	0.45210257	0.770642325064521	-0.014511219	-0.004355701	-0.0047836837	0.0968992124468904
-0.078705677	0.65293618	0.47935761	0.813820592643079	-0.015009278	-0.0046487989	-0.0048325516	0.112684899689905
-0.085001494	0.6203349	0.47724356	0.787275083882194	-0.014459364	-0.0048120774	-0.0051109523	0.090590806599525
-0.039429505	0.57722393	0.48525347	0.755124546929996	-0.014300356	-0.0050308802	-0.0042980103	0.156230507850525
-0.06219143	0.55492026	0.4433528	0.712997878111676	-0.014139831	-0.0050037032	-0.0046067259	0.111787144930044
-0.079608271	0.57038401	0.46526995	0.74037255625009	-0.014334886	-0.005189137	-0.0048735171	0.0871617409316938
-0.084744937	0.53483535	0.445226	0.701039761377881	-0.013755053	-0.0058868358	-0.0053608405	0.148972034645201
-0.05593347	0.51143517	0.41126207	0.65865846718907	-0.013574325	-0.0060033185	-0.0051064286	0.113756706950103
-0.057712989	0.50992377	0.40468369	0.653545659661468	-0.013363624	-0.0059231247	-0.0052352095	0.0308530839749885
-0.063568604	0.53304026	0.43558643	0.691309210263773	-0.0138563	-0.0061074949	-0.0052737017	0.095651764737685
-0.060715335	0.50112383	0.43805034	0.668355852276425	-0.013405678	-0.0060156384	-0.0050874744	0.073668898794298
-0.059474773	0.52410376	0.43966095	0.686675870279742	-0.014004635	-0.0059119811	-0.0050925667	0.061216431550022
-0.076988466	0.53326293	0.44669883	0.699883148198745	-0.014178501	-0.0059462761	-0.0053554538	0.0572631479511162
-0.082463757	0.51369108	0.45268933	0.689642245215568	-0.013854553	-0.0061330947	-0.0054147616	0.059541360915157
-0.11306275	0.53281808	0.44246086	0.701747749867706	-0.014085921	-0.0060454797	-0.0057296646	0.0916487629077396
-0.12588832	0.5313658	0.44736257	0.705925457508842	-0.014073446	-0.006307079	-0.0059899738	0.0458987349259519
-0.12666466	0.52384611	0.43961257	0.695498306796683	-0.013864581	-0.0065961239	-0.00618879	0.0508823349143348
-0.12915921	0.52923196	0.44174281	0.701359593361324	-0.013757077	-0.0067097953	-0.006357721	0.0295159599843081
-0.11077508	0.5404393	0.44497343	0.708764494553347	-0.014029003	-0.006825463	-0.0062691223	0.0566317099534371
-0.10833727	0.53260432	0.45327697	0.707717696038538	-0.014033388	-0.0066182455	-0.0060398043	0.0406223549563398
-0.1338734	0.53023056	0.43392279	0.698108531438241	-0.014135876	-0.0065937998	-0.0062845031	0.0658456949672019
-0.14504645	0.53790265	0.34404073	0.654783748602207	-0.013825416	-0.0061694777	-0.0062692078	0.146231069778487
-0.15389708	0.55419788	0.36579766	0.68163592150832	-0.013848902	-0.0063281565	-0.0063115986	0.0581305699914906
-0.12928668	0.57104153	0.36930921	0.69223750779699	-0.014293316	-0.0067024309	-0.0062887065	0.0870446247078868
-0.12534768	0.57315907	0.39819992	0.709074422534513	-0.014303713	-0.0071180796	-0.0068020389	0.0819161545685863
-0.11930746	0.52858816	0.40612992	0.677186255636545	-0.013641103	-0.0070063567	-0.0063487055	0.119924444196917
-0.13781773	0.55065596	0.40258538	0.69590998065527	-0.013856617	-0.0066603562	-0.0069731577	0.10342094438556
-0.16076843	0.45513505	0.15870925	0.508117139898597	-0.011325554	-0.0053490798	-0.0079597503	0.6037942995215
-0.11404526	0.45805914	0.17559522	0.503644893107093	-0.011641605	-0.0049430612	-0.0070202117	0.14961363806695
-0.096848125	0.53539326	0.22532049	0.588892881077096	-0.012716002	-0.0061765103	-0.0070785386	0.26256516850631
-0.062586266	0.51340221	0.2896479	0.592785607027631	-0.012918767	-0.0062135751	-0.0064371567	0.164640903432848
-0.11104549	0.54283656	0.31853052	0.639112137182079	-0.012937069	-0.0070908757	-0.0075990114	0.209649054325789
-0.076961756	0.51662405	0.35521403	0.631664885864211	-0.013504293	-0.0069237481	-0.0071342712	0.156934343400949
-0.09666243	0.54842583	0.3764881	0.672203693701771	-0.013782264	-0.0071656102	-0.0074019966	0.1121544488858
-0.099743035	0.49927207	0.36314964	0.625379032223839	-0.013470575	-0.0071618036	-0.0073565969	0.0836175899367204
-0.1116103	0.47584064	0.30747185	0.5774254170749	-0.012772826	-0.0081540565	-0.007964339	0.205863681789355
-0.10137016	0.43865304	0.26553535	0.522686733081384	-0.012172777	-0.0088126858	-0.0077956053	0.160734838944655
-0.10245296	0.445555	0.21593294	0.505611413651635	-0.011860843	-0.0089477873	-0.0078913877	0.0847280649297985
-0.13915471	0.48292924	0.21819488	0.547899342781479	-0.012348471	-0.0085323923	-0.0081603993	0.134939659568554
-0.13788967	0.50420656	0.23476634	0.573020986209701	-0.012794541	-0.0082134594	-0.008186971	0.0786925497474618
-0.10715671	0.46253371	0.22066287	0.523557155983017	-0.012046563	-0.0084548422	-0.0077965899	0.155496373974939
-0.12664865	0.46478122	0.21838242	0.528916197876911	-0.012041811	-0.0087564211	-0.0081774249	0.0583781948277851
-0.13172042	0.44813041	0.20057413	0.508331697847971	-0.01172722	-0.0089308183	-0.0083154395	0.0708810099186097
-0.12157674	0.47401065	0.22010266	0.536574487803442	-0.012132392	-0.0089575057	-0.0080154242	0.0921461848051294
-0.12311606	0.43942544	0.21966137	0.506461646148446	-0.011894219	-0.0087097355	-0.0080703604	0.0636097899398186
-0.11283381	0.42046934	0.20951566	0.483138433934196	-0.01161549	-0.0089526104	-0.0082092059	0.0724065299194628
-0.1297224	0.41716141	0.18817054	0.475667630997569	-0.011221858	-0.0096936801	-0.0089589911	0.135765983146899
-0.10365282	0.40279157	0.18058453	0.453426651656404	-0.011073854	-0.0092760762	-0.0083509634	0.106707209373217
-0.14114056	0.41498068	0.18027783	0.4739511772745	-0.011521954	-0.0089573015	-0.0088878008	0.115169154422745
-0.13467811	0.45789213	0.19271592	0.514725967725114	-0.012118898	-0.0088998945	-0.0086035524	0.1087419595086
-0.12189674	0.43141776	0.19730163	0.489804075183845	-0.011555977	-0.0091756147	-0.0085555887	0.0881716945844802
-0.1321484	0.41677415	0.20942612	0.484791905325405	-0.011436765	-0.0089440917	-0.0083849614	0.0630878749602665
-0.12445198	0.41533992	0.19992141	0.477455877173917	-0.011706536	-0.0089401853	-0.0081527045	0.0439320749329965
-0.14329434	0.44346747	0.14872037	0.489197724112831	-0.011739553	-0.0088309257	-0.0086981685	0.132557979659098
-0.147526	0.46053837	0.13615669	0.502392431421904	-0.011572572	-0.0089353962	-0.0087959288	0.0523268299859783
-0.10061122	0.43639712	0.14671648	0.47126509465244	-0.011318283	-0.0088553175	-0.008103112	0.132975044271864
-0.1130749	0.42828884	0.14651992	0.466567626861704	-0.011329509	-0.0093801118	-0.0084212956	0.0634787146317757
-0.095752504	0.42616655	0.16669063	0.467517097538656	-0.011713833	-0.0093218924	-0.0084478771	0.0630716408812862
-0.11683796	0.43110362	0.16381007	0.475746969625105	-0.011917517	-0.0092841986	-0.0083903576	0.0438479509818874
-0.125794	0.42139421	0.15884445	0.467577555014488	-0.011693378	-0.0090758772	-0.0085058434	0.0510283799544972
-0.13139099	0.4177639	0.14803985	0.46228353375868	-0.011339415	-0.009593086	-0.0086237358	0.0694851096159534
-0.10524668	0.40042884	0.11136964	0.428746214290573	-0.010996028	-0.0097069791	-0.0088619207	0.114922829884416
-0.061948724	0.38759908	0.11450217	0.408878268139533	-0.011064716	-0.0093075467	-0.0078034503	0.135589783396001
-0.054610496	0.36723081	0.079657508	0.379718438671856	-0.010851448	-0.009402212	-0.0079561958	0.0855850999705996
-0.070712213	0.33684944	0.033195415	0.345788516108753	-0.0097776649	-0.0088884324	-0.0076264192	0.188812142063398
-0.074765263	0.3479248	0.012076431	0.356072115156743	-0.0096155135	-0.0088765507	-0.0078147887	0.0543675239771895
-0.088175292	0.34008825	0.066078411	0.357493015746647	-0.010003325	-0.0088081546	-0.0078287849	0.0987587488778152
-0.021306387	0.28779882	-0.062848868	0.295350813659397	-0.0081339027	-0.0084771752	-0.0073701749	0.381036185112795
0.0083036643	0.33042944	-0.032801231	0.332157321783874	-0.0083097964	-0.0086561387	-0.0070379226	0.136643783200309
-0.028889651	0.39327344	-1.2154663e-05	0.394333121474815	-0.0096042645	-0.007747755	-0.006698561	0.259937055475087
-0.00074468066	0.37081208	0.023448577	0.371553480654584	-0.0096715658	-0.0082268918	-0.0064388653	0.114373751736717
0.012454225	0.38198632	0.044973765	0.384826319169789	-0.01006351	-0.0083557078	-0.0065256774	0.0762769485287451
0.010385621	0.34675064	0.06901173	0.353703952962867	-0.0098322298	-0.008638426	-0.0067255168	0.0970341389105216
-0.020625802	0.33402905	0.046706071	0.337908696278008	-0.0093949457	-0.0082179394	-0.0066922781	0.110589141670836
0.0049852081	0.33565381	0.016186812	0.336080861326615	-0.009503659	-0.0084599171	-0.006866863	0.0840188240567192
-0.0084732586	0.35803612	0.050827917	0.361725222347731	-0.0097236315	-0.0086169586	-0.0071108124	0.101530051639511
-0.0051128519	0.34491926	0.019343251	0.345499057209637	-0.009287096	-0.0086888306	-0.0069400431	0.0819207725155439
-0.0015412962	0.35418729	0.024436232	0.355032592061459	-0.0093007619	-0.0088451255	-0.0068731071	0.0297774066914158
-0.027006933	0.37397743	0.03738264	0.376810236528735	-0.0095001124	-0.0088852824	-0.0072390665	0.0884755246812528
-0.021827126	0.36334035	0.028562342	0.365114284502904	-0.009345217	-0.0089677229	-0.0071954192	0.0386863449909172
-0.030917158	0.37162806	0.027987792	0.373960695981805	-0.0095967497	-0.0088865153	-0.0072745487	0.0385457819646977
-0.033217691	0.3688105	0.023474705	0.371046710914486	-0.0096427541	-0.0088064344	-0.0072748792	0.0159519699987272
-0.038116922	0.37607543	0.032661353	0.379410586004436	-0.0098293186	-0.0087950018	-0.0075185665	0.0434350289563206
-0.060555175	0.37715674	0.032445757	0.383362573674076	-0.0096518789	-0.0088468464	-0.0076658155	0.0425618239814193
-0.071374841	0.37021624	0.024637508	0.37783784761186	-0.0096745496	-0.0088444457	-0.0077844943	0.0327559249964933
-0.071012963	0.36941736	0.037989201	0.378094176331807	-0.0098152763	-0.0087272595	-0.0076179369	0.035735965981215
-0.068301145	0.36760702	0.024966092	0.374730934553506	-0.0096134113	-0.0089170582	-0.0077259569	0.0425294519659926
-0.10583199	0.37901688	0.016327513	0.393853771231227	-0.0098257658	-0.0086721638	-0.0081602528	0.102156523778798
-0.10109615	0.37558391	0.030562871	0.390150988822883	-0.0098787833	-0.0088082134	-0.0081368426	0.0330280329944165
-0.096203025	0.38419608	0.021649586	0.396648905810275	-0.0099268013	-0.0089336114	-0.0079969906	0.0380819799899627
-0.13637288	0.39062182	0.027124342	0.414630797925745	-0.0099208785	-0.0091655422	-0.0087896112	0.103594059936587
-0.13526426	0.39259702	0.01531403	0.415527808529187	-0.0096448943	-0.0091787395	-0.0087448145	0.0315930419560143
-0.12028055	0.36928157	0.0049280513	0.388407742378525	-0.0093017262	-0.0090263931	-0.0086281666	0.0792932586051332
-0.13334604	0.35058134	-0.026845832	0.376044067943704	-0.0090151269	-0.0090871284	-0.0089971098	0.099353493145864
-0.12302094	0.34359574	-0.061636577	0.3701232927673	-0.0090167009	-0.0088818271	-0.0087445351	0.0750739449484044
-0.1129754	0.35593412	-0.037749792	0.375336629682446	-0.008981001	-0.0090323407	-0.0086349133	0.0610624699900572
-0.099544177	0.3392204	-0.011274261	0.353704158742675	-0.0090344208	-0.0091133241	-0.0082893559	0.0806185039126114
-0.094400483	0.34308438	-0.0091263876	0.355951729791053	-0.0091200532	-0.0092084312	-0.0084543396	0.0284417073875438
-0.086489189	0.33818884	-0.014551034	0.349376307017079	-0.0091880858	-0.0092630995	-0.0083849537	0.0278358203983077
-0.095953902	0.33387397	-0.005409939	0.347430923483461	-0.0091012022	-0.0091721167	-0.0085635978	0.0407462029851871
-0.086776401	0.30846287	-0.023791485	0.321318410144291	-0.0085637178	-0.0090515189	-0.0084855706	0.0897756166718695
-0.093217665	0.32812438	-0.0078178557	0.341198271810076	-0.0092878552	-0.0093850506	-0.0084347476	0.0975010074313458
-0.095802426	0.30664046	-0.0030029931	0.321271683321228	-0.0090274566	-0.0093100257	-0.0087148651	0.0596605935165439
-0.1182653	0.32149398	-0.005661319	0.342603430941884	-0.0091724672	-0.0095203629	-0.0092914001	0.0865688594750188
-0.10468308	0.35648494	-0.025039061	0.372380201220274	-0.0094205984	-0.0094247612	-0.0090497207	0.0972215369369434
-0.10119321	0.34232334	-0.046973902	0.360044278288053	-0.0091411494	-0.0093369643	-0.0088530174	0.0677837709372702
-0.11087946	0.37639296	0.019520806	0.392870178117839	-0.010106539	-0.0093406196	-0.0087966378	0.161521801125208
-0.11877661	0.37359911	0.021099561	0.392593134874105	-0.0097299485	-0.0091442802	-0.0088166254	0.0419156298729481
-0.12556745	0.3423985	-0.0069200319	0.36476266824231	-0.0089380563	-0.0089394241	-0.0087049005	0.121434701844621
-0.11841791	0.37254888	0.032289723	0.39224749280198	-0.0099782175	-0.0085158998	-0.0084580598	0.162035982365842
-0.12371942	0.36491776	0.0063941527	0.385373003254386	-0.0097928357	-0.0087789885	-0.008692312	0.0729643352220101
-0.096582142	0.41815487	-0.037490832	0.430798291479989	-0.0090326875	-0.0085958312	-0.0082462821	0.193726141587268
-0.042594081	0.33895874	-0.009905346	0.341768048591441	-0.0085691264	-0.0083180794	-0.007462746	0.237012125745673
-0.078376309	0.33356698	0.02150234	0.34332510334122	-0.0089475043	-0.0084969233	-0.0080260465	0.12860778850285
-0.11535279	0.34723283	0.024141545	0.366687494449402	-0.0089270023	-0.0089521736	-0.0086496519	0.108249420298186
-0.13686876	0.33131647	0.02293759	0.359207173915286	-0.0086049064	-0.0090222363	-0.0090065566	0.0760894498349524
-0.11700459	0.34134912	0.018564324	0.361322473604147	-0.0087039696	-0.0093094135	-0.009105092	0.0585088759466405
-0.1409916	0.32653707	0.030164814	0.356952385281846	-0.0084415581	-0.0096512324	-0.0093508126	0.0928970998482415
-0.16764337	0.27193143	0.024046884	0.320358010289912	-0.0080235796	-0.009728959	-0.0094617233	0.117706129844047
-0.17892881	0.26954453	-0.0031149821	0.323542077347631	-0.0078296963	-0.0097958309	-0.0099735392	0.0794627608048744
-0.15598159	0.27878417	0.00038834131	0.319454254425403	-0.0080157353	-0.010084706	-0.0097931509	0.0684553033341354
-0.16769478	0.24304258	-0.012091644	0.295529089578213	-0.0073439868	-0.010376484	-0.010073933	0.122150194580624
-0.14841367	0.24133576	-0.012675629	0.283602253284758	-0.0073267636	-0.010819278	-0.0099150731	0.0525157698107682
-0.18658637	0.23669877	-0.0070647891	0.301480832615139	-0.0072898322	-0.010670988	-0.010360135	0.0799346947094393
-0.22481652	0.24205027	0.0093643961	0.330482212511205	-0.00755987	-0.011247934	-0.011336556	0.151181072819468
-0.23375302	0.2416925	0.011507579	0.336434485880701	-0.0077139951	-0.011379007	-0.011610915	0.0394153078446567
-0.23993966	0.23560244	0.020207213	0.33687962483964	-0.0076492185	-0.011696191	-0.011862432	0.0526502138998052
-0.2842812	0.19676423	0.020850863	0.346362124616387	-0.0075401894	-0.011678788	-0.012441495	0.119098154592772
-0.27059287	0.21847369	0.0086477993	0.347887968963841	-0.0077053395	-0.011191348	-0.012065148	0.099047708338284
-0.25733649	0.23824265	0.022117004	0.351384107822876	-0.0078592579	-0.01141179	-0.012019758	0.067482064669891
-0.28879549	0.24161332	0.01645243	0.376895892652955	-0.0076614106	-0.011246399	-0.012379774	0.0766569588772274
-0.26681006	0.25963637	0.028848656	0.373404469305051	-0.0081797974	-0.011439231	-0.012077997	0.103054495637591
-0.27978702	0.23891152	0.0055979829	0.367954927079037	-0.0076097682	-0.01125956	-0.012299951	0.105535192679259
-0.27925037	0.24627349	0.0055481264	0.372373713799011	-0.0076276825	-0.011284544	-0.012307929	0.0104922914999545
-0.2507969	0.20327289	0.020302089	0.32346735179354	-0.0075436531	-0.011311636	-0.011605314	0.126894851876101
-0.26346042	0.2276368	-0.0077893134	0.348267970138024	-0.0075776405	-0.011708942	-0.012073884	0.110112002054931
-0.28534301	0.20674559	-0.033412563	0.353950239025964	-0.0071782688	-0.01212661	-0.012785742	0.144841933563984
-0.27120357	0.21840919	-0.018422091	0.348702343115175	-0.0075008173	-0.011848931	-0.012207781	0.0997029364832724
-0.29776237	0.20885529	-0.055413646	0.367904380664344	-0.0068321268	-0.011411335	-0.012602745	0.148166779074143
-0.29112125	0.17762827	-0.057143793	0.345787214314211	-0.006806885	-0.011931163	-0.012540167	0.0699806767068132
-0.24887727	-0.007619256	-0.27207479	0.368812472590327	-0.0031968478	-0.0097574594	-0.011830461	0.767094722842676
-0.32433879	0.11813277	-0.19103122	0.394517336832268	-0.0040861492	-0.0098118668	-0.013558543	0.415846643783362
-0.3123132	0.15143351	-0.09186658	0.359041935386462	-0.0054374032	-0.010960785	-0.012869259	0.3039637710181
-0.2640633	0.11630742	-0.10558005	0.307252321898385	-0.0043513263	-0.010894432	-0.012002104	0.198068700971974
-0.25452148	0.11846592	-0.093732809	0.295974994663176	-0.0053768714	-0.010753423	-0.012194385	0.0914893137322451
-0.25154802	0.12813733	-0.032748873	0.284197238530249	-0.0059853289	-0.010546475	-0.012095783	0.119329180510239
-0.24698645	0.11001868	-0.012642373	0.27067738366479	-0.0063115048	-0.01041809	-0.012019271	0.0693403649223623
-0.25508244	0.14776001	0.016171278	0.295231404128536	-0.0070736312	-0.010965028	-0.01256781	0.167531139393052
-0.28580409	0.15584671	0.047419288	0.328969244387647	-0.0070145151	-0.011512781	-0.01317385	0.130701814193459
-0.30286125	0.1420946	0.036498071	0.336523284911228	-0.006653816	-0.011872489	-0.013615082	0.0998124416263074
-0.30398442	0.13688787	0.042766071	0.3361156845264	-0.0067036721	-0.011855734	-0.013557967	0.0187842049993438
-0.29508935	0.080566937	0.049646186	0.309892722736968	-0.0054937629	-0.011927894	-0.013649654	0.14078392430769
-0.29955625	0.09486865	0.0045010159	0.31425191616125	-0.0054814205	-0.012671868	-0.013852572	0.111875502224698
-0.28986239	0.084718494	-0.040014775	0.304628643729444	-0.0052172593	-0.012055715	-0.013396356	0.131186316176445
-0.33275669	0.097624232	-0.0090872595	0.346900682758864	-0.005549949	-0.011929237	-0.013905381	0.135137188144296
-0.33609761	0.057186743	0.02103076	0.341576082138135	-0.0048830121	-0.012170692	-0.013941729	0.121133422852538
-0.35483113	0.062967685	0.032951966	0.361878283728937	-0.005571063	-0.012580109	-0.014135313	0.100988262163302
-0.37648213	0.063376605	0.024531966	0.38256660286346	-0.0055415286	-0.012573396	-0.014501593	0.0506062898975697
-0.37407985	0.04041496	0.024143193	0.377030498681551	-0.0049441048	-0.012303001	-0.014503328	0.0692303875145852
-0.35367151	0.053052945	0.021781067	0.358291176054493	-0.0051308019	-0.012506331	-0.014252916	0.0674304059362164
-0.32791527	0.048858821	-0.0011101011	0.331537088442809	-0.005094739	-0.012765816	-0.014210561	0.0697366770633444
-0.34972992	0.072760714	-0.0039722473	0.357240699240174	-0.0052307492	-0.012280161	-0.014460712	0.0921694989235077
-0.37045305	0.073134281	0.0092274119	0.377715806449852	-0.005605082	-0.012388772	-0.014626685	0.0667421960785277
-0.38076962	0.015180543	-0.043389985	0.383534409406796	-0.0040296208	-0.011429523	-0.014261752	0.265869854813169
-0.39823726	0.014037776	-0.0056763323	0.398525024503749	-0.0043713714	-0.012375049	-0.015303486	0.172774585500557
-0.38422854	0.035713199	-0.046418856	0.388666584266893	-0.0042941681	-0.012250852	-0.014725074	0.115417281291897
-0.39798483	0.031462829	-0.058097208	0.403431679589255	-0.0040167407	-0.01271126	-0.015074615	0.0840538316632204
-0.41314828	0.015054916	-0.037742313	0.415141703461981	-0.0041814761	-0.012688302	-0.015134432	0.0643017779902152
-0.39485468	0.02148364	-0.047906622	0.398330025904404	-0.0041515565	-0.012785509	-0.015201911	0.0446169129973905
-0.42183753	0.0039736289	-0.028207649	0.422798253195591	-0.0040185309	-0.012231424	-0.01533905	0.105404313735327
-0.39162766	0.04123471	0.018873729	0.394244521879791	-0.0048935505	-0.012428974	-0.014721496	0.199058507197511
-0.43619794	0.022459311	0.0026917849	0.436784053299552	-0.0043958384	-0.01322615	-0.015449896	0.180692025982597
-0.40795997	-0.0099241443	0.0067373837	0.408136273935078	-0.0043198329	-0.013457244	-0.014987411	0.103146248867286
-0.41928868	-0.0087462696	-0.028626867	0.420355792064644	-0.0040129286	-0.013188572	-0.015121247	0.0833414502943778
-0.41298699	0.027090938	-0.0090096177	0.41397263924332	-0.0044619706	-0.013326164	-0.015439869	0.107018946638551
-0.41388466	-0.026823889	-0.060429307	0.419132119920318	-0.003624871	-0.012975324	-0.014746084	0.200318414292261
-0.42363827	-0.0083358322	-0.09690467	0.434660079803596	-0.003706238	-0.011614116	-0.014451194	0.151590274490943
-0.43785704	0.029281108	-0.098911849	0.449844111482931	-0.0039098834	-0.011929455	-0.014511668	0.0828158091166176
-0.38148867	-0.04805828	-0.16285225	0.417569226530152	-0.0019722563	-0.011753846	-0.013749112	0.341437747909458
-0.36264168	-0.26254386	-0.40017095	0.600479021882384	0.0037582008	-0.011117603	-0.01312641	0.820120981924002
-0.36192029	0.0082887852	-0.26380027	0.447934797404543	0.00095136659	-0.012685432	-0.013417092	0.64119192155093
-0.31211309	-0.028014465	-0.16726031	0.355211771341942	0.0002201518	-0.011831104	-0.011968177	0.33437329124937
-0.34876738	-0.0113667	-0.11989316	0.368974602155406	-0.0001263611	-0.012452259	-0.01243734	0.172510749198879
-0.34408262	-0.049836642	-0.077439396	0.35619292570845	0.00023341278	-0.012604715	-0.012403129	0.112930509895517
-0.35672172	-0.036502718	-0.090553359	0.369841513039476	0.00026499623	-0.013144241	-0.012842502	0.0896111089960383
-0.37536554	-0.035321313	-0.069818269	0.383433794099701	0.00024604832	-0.01381833	-0.013328116	0.0994928596232748
-0.39149948	0.026051619	-0.071917783	0.39890186412754	-0.00016007087	-0.013814979	-0.013304346	0.101268395360425
-0.37376928	0.002518421	-0.078437667	0.381919212295551	0.00050620868	-0.013966042	-0.013092595	0.0992379588568286
-0.39347044	0.011669916	-0.065864814	0.399115707303653	0.00034728878	-0.013743285	-0.013085066	0.0608858029686097
-0.38440665	0.035243809	-0.041182191	0.38820944281742	2.0557247e-05	-0.01394578	-0.01304862	0.0856039325599347
-0.39779684	0.036509805	-0.042906356	0.40176640870078	-3.3554854e-05	-0.013959887	-0.013158732	0.0252969060468826
-0.38860839	0.016703415	-0.037722519	0.390792110067181	7.4079083e-05	-0.013688671	-0.012939195	0.0640980237837958
-0.38098963	0.0093851466	-0.027287807	0.38208088614207	0.00044003579	-0.013974478	-0.012884014	0.0607189755989067
-0.39864794	0.0083467216	-0.014916063	0.399014206217187	0.00012089878	-0.013753248	-0.013036454	0.0657088294023467
-0.38153725	-0.011303188	-0.034852267	0.383292467590436	0.00045845793	-0.013958635	-0.012910681	0.0901327609976726
-0.40739822	-0.0075845358	-0.060593906	0.411949579787147	0.00073754215	-0.013976675	-0.013252802	0.0872835220712762
-0.41672921	-0.00072657983	-0.062836042	0.421440542140525	0.00099311578	-0.014139064	-0.013456378	0.0495080134087238
-0.43198702	-0.0046919128	-0.039903644	0.43385147262477	0.00067572116	-0.014042562	-0.013395196	0.0659094719010378
-0.44588908	-0.006981296	-0.038980012	0.447644112540985	0.00080478053	-0.014140103	-0.013636259	0.0404982436644037
-0.46006568	0.0083210375	-0.046703857	0.462505048445544	0.00041043568	-0.01375153	-0.013787146	0.0838930207428559
-0.47374141	0.031839423	-0.052540489	0.477708253424745	0.00045931887	-0.013909631	-0.013904787	0.0592620069881318
-0.50043044	0.026855225	-0.048519962	0.503493808403714	0.00045955348	-0.013828493	-0.014151378	0.0520919354676486
-0.48111157	0.010911254	-0.037598275	0.482701800840532	0.00032270381	-0.013745822	-0.01387845	0.0708069614511287
-0.49377544	0.026390066	-0.026367456	0.495182656669829	0.00019819191	-0.013822548	-0.014190058	0.0650157959320021
-0.49437283	0.024220363	-0.034397706	0.496159574334833	0.00019378996	-0.013818071	-0.014032477	0.0191203404918476
-0.49679934	0.022310501	-0.044555167	0.499292004327833	0.00049402893	-0.014018054	-0.014299375	0.052849831387344
-0.51981446	0.047432195	-0.032506644	0.522985246304093	-0.00017822359	-0.013934332	-0.014365646	0.10129761236524
-0.51081925	-0.044814565	-0.13924357	0.531350565251461	0.0027602935	-0.013131979	-0.014752569	0.41436849644124
-0.5280873	-0.13789234	-0.24851112	0.599706820551192	0.0054201707	-0.012850873	-0.01494428	0.376248045733861
-0.53762482	0.025820536	-0.12593044	0.552779904553298	0.0015469064	-0.013451905	-0.015052676	0.524965569487972
-0.56096777	0.049950323	-0.11839278	0.575496936657968	0.0013391143	-0.013145549	-0.01530909	0.0935385018862845
-0.58370885	0.08262815	-0.088798006	0.596178260766292	0.00092872571	-0.013429983	-0.015732135	0.140907060150334
-0.61181634	0.091022755	-0.055579705	0.621042252529305	0.00048889233	-0.01382368	-0.016243022	0.136941264417805
-0.59942355	0.083970815	-0.090266417	0.611970355576465	0.0005473226	-0.013897858	-0.016044452	0.0706903554824223
-0.59782685	0.10408513	-0.10086489	0.615145822470373	0.00037487586	-0.01379568	-0.015978744	0.0493261249865029
-0.58188672	0.1125431	-0.091305424	0.59966222552516	0.00026632196	-0.01380258	-0.015743989	0.0514680109703816
-0.58356153	0.12813372	-0.096648954	0.605229980921528	-4.3268535e-05	-0.013912676	-0.015807119	0.0467497846848768
-0.56124427	0.11584314	-0.096353612	0.581118561257803	0.00015075274	-0.013953252	-0.015551998	0.0593890957000509
-0.55400746	0.1085179	-0.073878358	0.569349112704005	3.6405156e-05	-0.013738811	-0.01527764	0.0671946331333171
-0.55284296	0.12827518	-0.061607299	0.570863661057235	-0.00054256022	-0.013947005	-0.015392318	0.0782847073737459
-0.56604465	0.092494058	-0.072257873	0.578085544508262	0.00010517185	-0.013851493	-0.015663343	0.110346838890542
-0.55969471	0.078044912	-0.080343933	0.570792715669165	0.00040259534	-0.013670902	-0.015367939	0.0675560703792126
-0.52943882	0.075841868	-0.069635516	0.539357542038033	0.00028535813	-0.014056925	-0.015261103	0.0736721613742636
-0.55169061	0.091985458	-0.05964153	0.562477524658882	-7.6199288e-05	-0.013842756	-0.015239048	0.0782784367810449
-0.53038053	0.097362112	-0.042726217	0.540932913655023	-0.00020207061	-0.014148919	-0.014990246	0.0776438630039705
-0.52625888	0.094416136	-0.015853247	0.534896383383238	-0.00037852673	-0.014318192	-0.015145726	0.0590010519706186
-0.52723867	0.10046006	-0.030320655	0.537579929794818	-0.00061874981	-0.013992889	-0.015082449	0.0529312758988747
-0.51659239	0.10596984	-0.021122223	0.527772159837936	-0.00062829333	-0.014151063	-0.014761406	0.0497925179228174
-0.51892296	0.10699106	-0.036305944	0.531080264088976	-0.00041195343	-0.013677066	-0.01456781	0.0627321557419258
-0.49867241	0.11013682	-0.018165465	0.511012989789484	-3.7711999e-05	-0.013414242	-0.014113425	0.0961093102075315
-0.45254808	0.077234419	-0.022070355	0.459621606062835	0.00026686032	-0.013448189	-0.013269544	0.142051635639063
-0.47772574	0.089240358	0.0021898937	0.485994361890067	0.00012460078	-0.01346692	-0.013721028	0.0920675745022603
-0.42448912	0.033918271	0.14595898	0.45016162202996	0.00059736295	-0.013685678	-0.012115676	0.367171392938804
-0.380235	0.072811662	0.14892333	0.414799170161286	0.00013001625	-0.013714734	-0.010901899	0.171620842061872
-0.43393322	0.063898529	0.18154075	0.474697909557747	0.000728624	-0.013585825	-0.011216047	0.147312009984073
-0.42011043	0.048213531	0.20673825	0.470699502845855	0.00056623913	-0.013305788	-0.010710493	0.102104081176136
-0.44264555	0.026959262	0.19627439	0.484959298201673	0.0011180416	-0.013825172	-0.010932361	0.11890597183532
-0.46509267	0.073232239	0.18740522	0.506749315737013	0.00039954295	-0.014014558	-0.011714169	0.162073897717562
-0.4561939	0.085854192	0.1980917	0.504702029211368	0.00043501022	-0.013677308	-0.011192465	0.076928266124172
-0.47900241	0.097407718	0.18704579	0.523371474068371	0.0003369451	-0.013893515	-0.011556379	0.0793172518765748
-0.44427837	0.087226215	0.18654036	0.489682538530845	0.0005699963	-0.014265863	-0.01126248	0.0903758828131935
-0.45388359	0.10644263	0.20012441	0.507336304861433	0.00036765723	-0.014167701	-0.011351468	0.0618801384793031
-0.48607033	0.12373093	0.21516757	0.545775404287037	0.00023245582	-0.014299384	-0.011696079	0.0950929704048339
-0.49673635	0.10842178	0.20565689	0.548449669700113	0.00017838377	-0.014429712	-0.011859353	0.0528695524859909
-0.53786491	0.10182816	0.20890657	0.585926267176561	0.00060088565	-0.014507671	-0.012482059	0.107130203338842
-0.53409823	0.087443616	0.21799595	0.58346340029576	0.00063390782	-0.014101321	-0.012097696	0.0684273622418407
-0.53315374	0.13253875	0.20776981	0.58735655668	0.00012135205	-0.014241349	-0.012106183	0.0893193022137468
-0.5616058	0.11917423	0.22985637	0.618415331730472	-0.00010207436	-0.014318208	-0.012790361	0.113126309808603
-0.56380359	0.11201079	0.22800872	0.618392174569949	0.00014948169	-0.01436973	-0.012687663	0.0314976824642948
-0.55383192	0.11978824	0.23509387	0.613472204557599	-0.00029069775	-0.014262725	-0.012242648	0.0744442416361594
-0.58967169	0.1461448	0.21858087	0.645638134936632	-0.00036557396	-0.014147572	-0.012834727	0.117814740063532
-0.56720488	0.15548637	0.208824	0.624103236754618	-0.0004644496	-0.014047762	-0.012718616	0.0573050819926535
-0.5491095	0.13138099	0.19358459	0.596872851626792	-0.0001105891	-0.01417123	-0.01235057	0.0997088947999035
-0.54087769	0.14953687	0.1968562	0.594695144176891	-0.00038506281	-0.014882846	-0.012232234	0.0848805847027183
-0.55850791	0.15118758	0.21127255	0.615974723720322	-0.00045653166	-0.01488915	-0.012558611	0.0539047724268092
-0.55344261	0.13486515	0.21302123	0.608165582451726	-0.0002986546	-0.014279532	-0.012137386	0.0825724123641082
-0.53988482	0.15087048	0.20955746	0.598457892957821	-0.00023251993	-0.014779685	-0.012030985	0.0666613232362321
-0.5409795	0.13564521	0.21619417	0.598162487588601	-0.00033283502	-0.014411346	-0.011711112	0.0623830143255992
-0.56176927	0.1229094	0.18338571	0.603590715598655	0.00019056557	-0.014919671	-0.012359816	0.15035551835892
-0.57818749	0.10726371	0.21836114	0.627286110588752	-0.0002623072	-0.014878408	-0.012432523	0.0953814783055502
-0.53787802	0.038799242	0.027645731	0.539983733108155	0.0031245278	-0.014372246	-0.01265239	0.505132465771864
-0.45412447	-0.050527429	-0.16123949	0.484541255694075	0.0035886809	-0.013787903	-0.012251399	0.434439796241665
-0.44357827	0.063530619	-0.052734105	0.451196971395938	0.0021457574	-0.014434358	-0.011741427	0.363077150902098
-0.50884475	0.18806732	0.062540276	0.546080197934975	0.00051048074	-0.014971783	-0.012670865	0.460184533893618
-0.49493525	0.19088451	0.11906326	0.543667046759623	-0.00033337984	-0.014509786	-0.011986045	0.172783550873565
-0.51169026	0.23138257	0.14626605	0.580309032551859	-0.00054760933	-0.014431031	-0.011995096	0.0995576344784976
-0.53270322	0.22193834	0.1878562	0.606893153066307	-0.00061321139	-0.014049352	-0.011869272	0.100702592879423
-0.55676917	0.23889866	0.2367248	0.650463764822703	-0.0011908187	-0.014264225	-0.01245297	0.15870378466355
-0.54872658	0.24890233	0.28684944	0.667334871489748	-0.0019967983	-0.014105026	-0.012130022	0.132577228830659
-0.53898363	0.24002185	0.2869803	0.656103295581945	-0.0017026857	-0.014619393	-0.012328442	0.0690992696472059
-0.51234221	0.18062294	0.26488994	0.604388837516984	-0.00083870644	-0.014835359	-0.011813935	0.187853301351671
-0.52796459	0.23159062	0.27074841	0.636934474717282	-0.0014110262	-0.014274395	-0.012119578	0.144394867182208
-0.49986337	0.19281564	0.27497108	0.602204578638134	-0.001009921	-0.014502534	-0.011312858	0.142897078747048
-0.48705911	0.17441614	0.24548356	0.572634040864465	-0.00097601008	-0.014256295	-0.010584919	0.111095725165207
-0.49892685	0.18708932	0.22190466	0.577210614454291	-0.0011643426	-0.014083179	-0.010915948	0.0827436958997034
-0.52789882	0.20863127	0.2103065	0.605337091975583	-0.0010346738	-0.01403337	-0.011177656	0.0841713699578573
-0.54301512	0.20703824	0.20041568	0.614733029990072	-0.00078302626	-0.014036294	-0.011139762	0.0412234269666866
-0.569673	0.22719483	0.21051826	0.648430995173084	-0.0012507305	-0.014316066	-0.0114907	0.111837761651192
-0.55728285	0.25567386	0.24490722	0.660236960491876	-0.0020724057	-0.013986339	-0.011451917	0.134767398769458
-0.56043936	0.26440647	0.24489082	0.666314168643698	-0.0021896909	-0.014332394	-0.011474563	0.0362048299102782
-0.55881696	0.23798023	0.23155608	0.650022463334507	-0.0019087511	-0.014031216	-0.011435902	0.0724223198967691
-0.56348026	0.25210537	0.22126525	0.655763243747366	-0.0019720931	-0.014121906	-0.011579807	0.0439761199917081
-0.5594976	0.24625339	0.22603679	0.651744525811883	-0.0017571538	-0.0136352	-0.011185613	0.069398144611509
-0.58457575	0.2559336	0.24759559	0.684495720428163	-0.0019012083	-0.013895709	-0.011591841	0.096856734817281
-0.6025534	0.23515774	0.23370643	0.687741563348335	-0.0018711973	-0.013636315	-0.011763225	0.0756821199530951
-0.58407885	0.27640635	0.24995479	0.692839065282544	-0.0027425235	-0.013134571	-0.011181782	0.17369717794916
-0.61579298	0.26070401	0.23562989	0.709005655907464	-0.0022650772	-0.013390075	-0.011749557	0.12677763435719
-0.6099136	0.25940187	0.22082884	0.698605257781676	-0.0022087564	-0.013273386	-0.011615544	0.0373337099913036
-0.6101757	0.24094182	0.19223711	0.683609868241056	-0.0019198737	-0.013001443	-0.011476834	0.0822906649023167
-0.60622961	0.24958055	0.23591609	0.696750452098843	-0.0022666421	-0.01291577	-0.011264435	0.0885058198918559
-0.62576434	0.26318666	0.24985313	0.723377366101807	-0.0025767761	-0.013004286	-0.011407342	0.0741557299303299
-0.6341707	0.23045757	0.21954821	0.709566476676427	-0.0020373093	-0.013210871	-0.01164213	0.120482359627589
-0.66350189	0.23491705	0.20001598	0.731728891509441	-0.0018928605	-0.012918729	-0.011831063	0.084599089927726
-0.64550263	0.26477194	0.21096186	0.728891440423703	-0.0021555274	-0.01248238	-0.011548291	0.107889424742054
