0	0	0	0	1.3877788e-17	-3.469447e-18	4.8148249e-35	0
-0.066718186	0.0019237969	0.054851358	0.0863926432752651	-0.00068775376	0.0020175287	-0.0028815348	0.402834136267533
-0.046324966	0.0092519052	0.018645855	0.0507864955811283	0.0011469531	0.0022712946	-0.002226993	0.20107754581529
-0.040209305	0.039643387	-0.090467242	0.106642900450529	0.0014319654	0.001794492	-0.0017071217	0.209704549233224
-0.13672926	0.058757945	0.026269188	0.151120669926221	0.001227792	-2.4814433e-05	-0.0026749756	0.381937615198295
-0.14778579	0.050921155	0.024547693	0.158228293879699	0.00070180082	-0.00072144181	-0.0024028965	0.0953496968005593
-0.10671972	-0.031726936	0.07383306	0.133592731291003	-0.00084439933	-0.00024285648	-0.0018679532	0.300985958751556
-0.1371333	-0.036035115	0.15370955	0.209118859128381	-0.00073343117	-0.0010507486	-0.001868037	0.160545451898606
-0.1076007	-0.0076880502	0.10422093	0.149996729985799	3.6799176e-05	-0.00044398005	-0.0013483546	0.202202347890237
-0.054244508	-0.10167024	0.16318862	0.199774447933974	-0.001726186	-0.00014167098	-0.00134245	0.309866002626683
-0.15682809	-0.12764576	0.16082059	0.258363604300168	-0.0023213285	-0.0011700065	-0.0026481167	0.277384360658146
-0.17308333	-0.1108924	0.098418593	0.22790608361724	-0.0022406412	-0.0016587904	-0.0030404548	0.143501061629807
-0.084497478	-0.074173044	0.086898515	0.142101429105381	-0.001775681	-0.00071401722	-0.0025548513	0.231592127795145
0.00071957072	-0.13947762	0.15302051	0.207050237245809	-0.0031134209	-1.5362437e-05	-0.00160207	0.366102411370201
-0.019833627	-0.16493157	0.16517333	0.23426059097921	-0.0041797414	0.00022103269	-0.0025746759	0.171926039599777
0.047154818	-0.18839293	0.1884231	0.270589610939164	-0.0041634038	0.00011589013	-0.0015796953	0.16952261094545
0.019090007	-0.20431285	0.22832229	0.306984099186304	-0.0047377061	0.00051875533	-0.0030778387	0.207649458463986
-0.027854949	-0.23393866	0.16631416	0.288380988698794	-0.0053399594	0.00056890565	-0.0038324125	0.208927765649564
0.011016987	-0.21477992	0.14328707	0.25842401681529	-0.0048303422	0.0011074817	-0.0030370464	0.173235731850566
-0.058329911	-0.23895959	0.13557874	0.280865909127868	-0.0048463208	0.00093631636	-0.0048880076	0.203140141778088
0.002303398	-0.26106132	0.14205284	0.297215961540686	-0.0052712375	0.0011156561	-0.0040483274	0.161405969594759
-0.017284801	-0.23464361	0.12720206	0.267463552895876	-0.0046028055	0.00092338134	-0.0043030768	0.116629496328548
-0.0026419849	-0.26399342	0.15485612	0.306071762482204	-0.005399918	0.0010640261	-0.004273727	0.120002038038993
0.0072329425	-0.26574666	0.15918686	0.309861354729859	-0.005386856	0.0012175519	-0.0042979266	0.0254982773924271
-0.025333549	-0.25844559	0.14870694	0.299248501582793	-0.0046631253	0.001243151	-0.0049804405	0.121939665047856
-0.0032245053	-0.30322564	0.17779851	0.351523109263188	-0.0052609054	0.0022226007	-0.0059721012	0.224425184265815
-0.11070667	-0.26762861	0.15926976	0.330526695023985	-0.0045276509	0.0011008591	-0.0070992908	0.310717222954389
-0.081140749	-0.25644128	0.15515868	0.310515969340808	-0.0050553715	0.0013850942	-0.0068033825	0.100257530592004
-0.051594442	-0.24365816	0.14409345	0.287739826427937	-0.0041222729	0.0024105252	-0.0069415511	0.158229563055602
-0.039363389	-0.34865291	0.20596558	0.406853964205549	-0.0057641516	0.0020547185	-0.0064886105	0.301629223491484
-0.014869928	-0.3169071	0.20545892	0.377974327959852	-0.0054391019	0.0022939027	-0.0065114657	0.0861003858999181
-0.034067284	-0.27998079	0.19491081	0.342841138813616	-0.0042959077	0.0023703655	-0.0067949054	0.141826607839061
-0.013936434	-0.30992742	0.19960486	0.368905584121618	-0.0053232259	0.002444744	-0.0065291187	0.123145697701248
-0.080965356	-0.32799938	0.23238577	0.410051372697476	-0.005208197	0.0020545305	-0.0076664004	0.200007993808522
-0.16421421	-0.32498685	0.23755868	0.43476072256149	-0.0051206977	0.0012082229	-0.0081525165	0.162430442496459
-0.050241431	-0.28449844	0.1931466	0.347518593521154	-0.0046635542	0.0020689697	-0.0067142266	0.336682271273736
-0.052988439	-0.29863005	0.22786089	0.379352430626523	-0.0055272279	0.0019359237	-0.0068645014	0.108942631645853
-0.04670284	-0.2804197	0.1990098	0.347017670887515	-0.005661986	0.0019169421	-0.0067991619	0.0643009989943064
-0.017456313	-0.28105894	0.23163665	0.364629110522871	-0.0064066966	0.0018539491	-0.0060641041	0.139650685311623
-0.0032673583	-0.2406035	0.25391071	0.349816192442852	-0.0054973609	0.0018572528	-0.0057306866	0.139221298056277
-0.073485839	-0.33857796	0.29490493	0.454977055761717	-0.0065746708	0.0011707139	-0.006603882	0.341039366033963
-0.10783799	-0.32813384	0.36423924	0.501967203108095	-0.0066241538	0.00077516414	-0.0070726068	0.159818458656273
-0.091724832	-0.32066023	0.36246788	0.492564099321881	-0.0061520706	0.00066694588	-0.006789894	0.0685088407310973
-0.062735835	-0.35673345	0.35627429	0.508060930457218	-0.0069867411	0.0011131702	-0.0066740571	0.141092391600211
-0.068115274	-0.36242765	0.3486691	0.507507274166024	-0.0067999507	0.00090566945	-0.0069593539	0.0526582264194311
-0.076235054	-0.34493866	0.34130451	0.491205894882501	-0.0071819368	0.00087465487	-0.0068044347	0.0613693538760734
-0.076136208	-0.37011729	0.33466424	0.504761016779566	-0.0070223472	0.001121521	-0.0068804197	0.056039782459275
-0.031521472	-0.34101364	0.32039913	0.468977087252515	-0.0071915626	0.0015698925	-0.0061891942	0.153424115114069
-0.064190267	-0.34515975	0.33242569	0.483489899345963	-0.0068589804	0.0013134147	-0.0068238203	0.11002576935572
-0.060496639	-0.34024721	0.37292708	0.508431523649357	-0.0067226435	0.0013555766	-0.0067429028	0.0620783729934605
-0.059888094	-0.36407751	0.35227658	0.510135085940233	-0.0069860606	0.0012804923	-0.0068148731	0.0656129299602621
0.020796151	-0.25330115	0.44437447	0.511920523202106	-0.0061196447	0.001248422	-0.004905647	0.423944094146176
0.05843834	-0.19921803	0.45393161	0.499156057377078	-0.0052869315	0.00022362722	-0.0035149999	0.263690193952025
0.048193649	-0.28007814	0.43072849	0.516036262686524	-0.0061480688	-3.42495e-05	-0.0036477581	0.176896530629018
-0.0042385251	-0.27217966	0.47171892	0.544626910736795	-0.0060467793	-0.00081578744	-0.0045885385	0.192501473368629
-0.046201556	-0.30842304	0.49500009	0.585050805041469	-0.0060963029	-0.00072073647	-0.0052915709	0.143867928674048
0.017199219	-0.30760822	0.48565992	0.575138407724771	-0.0064788712	0.0008920498	-0.0053569354	0.176591709643215
-0.034856889	-0.35019303	0.46527124	0.583375940318485	-0.0066664101	0.0010602418	-0.0070229038	0.216114553343403
-0.075162253	-0.31618742	0.40931582	0.522650255280302	-0.0060300977	0.00077607367	-0.0081643017	0.233360311817528
-0.051155827	-0.36430326	0.4085768	0.54978976471095	-0.0075231802	0.0010822231	-0.0080030419	0.170885865497063
-0.033296401	-0.32426024	0.3872605	0.506185784494844	-0.0065370643	0.0012639384	-0.0074232472	0.166600038583691
-0.033411166	-0.33618448	0.39140874	0.51704652823004	-0.0073910046	0.0013510464	-0.0072775211	0.0705259636948732
-0.051731026	-0.3303703	0.37661703	0.503647715629808	-0.0067728764	0.0015567122	-0.0075484957	0.0936641794483912
-0.029394668	-0.31476572	0.32949852	0.456629805943654	-0.0059334834	0.0015868979	-0.0074640174	0.132762296766562
-0.0070624094	-0.36075602	0.37035079	0.517063333883189	-0.0076898225	0.0017790571	-0.0071932318	0.220139012256714
-0.014409108	-0.38699902	0.36409134	0.531543382742473	-0.0078258643	0.0019701394	-0.007309221	0.0620048135769685
0.0052031389	-0.37345377	0.33690913	0.502993591270289	-0.0077872967	0.0020383831	-0.007343549	0.0673966718991341
0.036219112	-0.34065821	0.33693872	0.480507586984546	-0.0068728257	0.0023308537	-0.0069979287	0.141469216368675
0.061460013	-0.37248956	0.34387802	0.510664173548599	-0.0080175777	0.0023905557	-0.0067918533	0.134538017856015
0.091476725	-0.32998897	0.28638859	0.446406917532171	-0.0067843772	0.002990676	-0.0065171193	0.23540946759938
0.052950287	-0.33506256	0.26251502	0.428934479533572	-0.0066916406	0.0030340102	-0.0073143935	0.114140846942368
0.068396434	-0.37040378	0.29192265	0.476545764859187	-0.007366631	0.0030450619	-0.0068616042	0.137136566165906
0.066767137	-0.34334427	0.26417289	0.438326880462471	-0.006747968	0.0031474943	-0.0069643939	0.0976328215021869
0.066783137	-0.32479507	0.27214398	0.428968729319639	-0.0064262138	0.0032015266	-0.0072505158	0.0596317098814767
0.10137326	-0.31299415	0.25549029	0.416553914951635	-0.0069232122	0.0033753653	-0.0065489813	0.131663312014008
0.12306695	-0.36888432	0.29008899	0.485152283147658	-0.0076413327	0.0035554412	-0.0064675101	0.161165939215182
0.11294044	-0.35672339	0.29963126	0.479360002429983	-0.0071825637	0.0040533014	-0.0068471191	0.0986416194277887
0.097735344	-0.38491212	0.30675834	0.501806951674893	-0.0076222354	0.0045248892	-0.0077409973	0.140777789116464
0.099751359	-0.38451887	0.30649612	0.501741932255495	-0.0071102445	0.0044383813	-0.0077149565	0.0338984647190092
0.11097718	-0.44553128	0.31080068	0.554446677893964	-0.0086615269	0.004290923	-0.0074940473	0.172525278193516
0.11251314	-0.41779752	0.30089656	0.527022498770824	-0.0080284749	0.0042383238	-0.0077885248	0.0881802744179576
0.12859866	-0.38910998	0.25225688	0.481225233541146	-0.0078383821	0.0045836485	-0.0078587177	0.123693259899178
0.15748381	-0.43092719	0.29799883	0.54708563879413	-0.0082125568	0.004629421	-0.0073737372	0.161690694653014
0.16305018	-0.4235244	0.27584869	0.531084530341554	-0.0081936814	0.0047693203	-0.007368919	0.0432989449942814
0.1752761	-0.44946055	0.30846749	0.572615656111857	-0.0090757997	0.0047874005	-0.0074582784	0.120258763568491
0.17434915	-0.39378884	0.24428742	0.49511980387026	-0.007414057	0.004935432	-0.0072878299	0.219789855423097
0.18702042	-0.43857125	0.28558511	0.55576994690002	-0.008769955	0.0049793013	-0.0074824741	0.178471939791204
0.16197812	-0.42009052	0.28498214	0.532848736952228	-0.0078537526	0.0048788387	-0.0076364708	0.102659083388019
0.20108455	-0.41741645	0.27052944	0.536523687162103	-0.0078843999	0.0050526359	-0.0072469105	0.0859334398658396
0.20245884	-0.42148025	0.28720632	0.548746438058736	-0.0088936285	0.0052006632	-0.0073517971	0.0852220928492927
0.21295348	-0.44027596	0.26932115	0.558324267281438	-0.0086645996	0.0052320748	-0.0071597979	0.0697975049601619
0.19965768	-0.45840996	0.28080676	0.573459080555781	-0.009103946	0.0051475606	-0.0073556337	0.0789002298064183
0.19525389	-0.40254192	0.27279	0.52400235020219	-0.0085061248	0.0052352983	-0.0072131663	0.109689904547453
0.15941116	-0.44125202	0.29749455	0.555534220697815	-0.0095500214	0.0052175446	-0.00743453	0.163408077607484
0.14207992	-0.43149598	0.3026437	0.545865087336658	-0.0097645443	0.0045240954	-0.0072534189	0.0866905892723476
0.14442828	-0.38837904	0.26167774	0.490074531460866	-0.0084073608	0.0046060248	-0.0073254136	0.161986634790035
0.14199093	-0.4103567	0.32185355	0.540503240586731	-0.0086335816	0.0044228729	-0.0075689296	0.117235254932997
0.14843086	-0.46110621	0.33329962	0.587995998109722	-0.0099122259	0.004188281	-0.0074883196	0.148327815616813
0.14755406	-0.39790489	0.24524337	0.490147745723014	-0.0089013942	0.0040526514	-0.0071696783	0.225389497775634
0.13218304	-0.42102039	0.3339405	0.55339568339448	-0.010152123	0.0030813298	-0.0066045964	0.266540258638766
0.16844432	-0.44900512	0.43131419	0.644989160545999	-0.011154917	0.0031201547	-0.0058221515	0.252822886901057
0.1888021	-0.3337066	0.42714899	0.573988316523943	-0.0088575491	0.0034975057	-0.0053927629	0.295026849462133
0.14042179	-0.39461261	0.38086078	0.566120415477153	-0.0087992769	0.0030176992	-0.00733972	0.279826304394014
0.040011698	-0.48784234	0.44226604	0.659689574580954	-0.011109323	0.0021964155	-0.0084436667	0.466808877361526
0.12240106	-0.49932538	0.40734951	0.65592795175881	-0.010965608	0.0034106656	-0.0086949493	0.209251313230981
0.13933334	-0.51641394	0.39129323	0.662727341299355	-0.011231873	0.004085268	-0.0089271789	0.108731969294989
0.06133652	-0.49928525	0.36261775	0.620112539921856	-0.010419235	0.0034615794	-0.0097788305	0.238199897089647
0.0080581507	-0.4879402	0.3503344	0.600736851202008	-0.010368378	0.0027927417	-0.01037112	0.142505978243518
0.034978267	-0.48079435	0.33380873	0.586357360641494	-0.0096503075	0.0027488918	-0.010878834	0.114073355255802
-0.29640346	-0.51439283	0.36006438	0.694335187355621	-0.010602835	0.00043629809	-0.014117724	0.71643631914694
-0.26727713	-0.51324382	0.36783387	0.685680712072613	-0.010787808	0.0013562819	-0.013148165	0.141770616965824
-0.41191775	-0.5356673	0.34053024	0.756687870531047	-0.010306065	0.0006541123	-0.014303015	0.311305855837086
-0.47312443	-0.54548194	0.36276286	0.808080544082314	-0.0099613367	0.00072974002	-0.016038259	0.201033930028452
-0.55229758	-0.5871133	0.37798535	0.890285105303559	-0.010097769	0.00062807136	-0.016650237	0.178530947515028
-0.61185707	-0.63315605	0.41012209	0.971316522286405	-0.010763478	0.00031796913	-0.016893152	0.198675290793384
-0.76326604	-0.62975482	0.42518973	1.07701090413607	-0.010285836	-0.00035897259	-0.018058956	0.285897221825788
-0.84148456	-0.69889333	0.46128731	1.18715379534579	-0.011717919	-0.0010983208	-0.018273998	0.302778263518536
-0.77702426	-0.67429183	0.49714027	1.14262181875237	-0.010566424	-0.00089826787	-0.018750572	0.216320853076956
-0.74352643	-0.64920994	0.47673609	1.09616713954207	-0.010292717	-0.0011526197	-0.018119627	0.136934090899721
-0.76966789	-0.62847355	0.44089383	1.08708556851737	-0.009691537	-0.0010021167	-0.018950534	0.161849608345105
-0.761603	-0.62391817	0.41151423	1.06707871029163	-0.0099432286	-0.0010449934	-0.018114452	0.0985323837490164
-0.78592171	-0.69000521	0.47491179	1.14861713915363	-0.011213002	-0.0016481154	-0.018683599	0.275905424893669
-0.75927198	-0.66692214	0.46796284	1.11367333633169	-0.010730723	-0.0013716859	-0.018429262	0.107334024688021
-0.78891091	-0.66689085	0.4940698	1.14508899086612	-0.010379495	-0.0020063368	-0.018677301	0.117473074345388
-0.92691557	-0.679919	0.50626744	1.25609276778173	-0.01032871	-0.002809478	-0.019651695	0.254646456993088
-0.7678884	-0.64560936	0.51982919	1.12990549487567	-0.010457817	-0.0021168799	-0.017700726	0.345532248832667
-0.69313999	-0.63530169	0.6031426	1.11706413378499	-0.010422696	-0.0017132237	-0.016966408	0.227024249037968
-0.65955583	-0.68191193	0.57414998	1.10890304927767	-0.011015605	-0.00099483686	-0.017454632	0.199163010550935
-1.0278596	-0.70559028	0.55585737	1.36503861349266	-0.010962661	-0.0039446859	-0.020821556	0.728760449007039
-1.0298224	-0.68100968	0.56202886	1.35653411282885	-0.01083833	-0.0033108639	-0.020162337	0.1035834888687
-0.9854428	-0.64042629	0.52216202	1.28603908188106	-0.010398345	-0.0034265995	-0.019201423	0.200661557970852
-0.903647	-0.67954949	0.56522514	1.26405888662526	-0.011302918	-0.0030477629	-0.018907506	0.242848448291814
-1.0200011	-0.69948918	0.54747822	1.35256044534529	-0.010843873	-0.0034053807	-0.020458454	0.272421241930878
-0.94243401	-0.64056141	0.55015636	1.26537457048667	-0.010114599	-0.002963931	-0.019099978	0.265632978789802
-0.78370438	-0.64429185	0.57074777	1.16406939662873	-0.010461324	-0.001753136	-0.017844336	0.323709572090773
-0.79961197	-0.66606006	0.57014649	1.18662644760422	-0.010580282	-0.0018508136	-0.018099381	0.0618611099599887
-0.8524182	-0.67887407	0.54139323	1.21679637577511	-0.010902143	-0.0025160534	-0.018751888	0.176353888738426
-0.85938316	-0.68892485	0.58529921	1.24728987403319	-0.011458419	-0.002333571	-0.018729702	0.0989689396287016
-0.88591831	-0.65639703	0.50687891	1.21352154591044	-0.010658716	-0.0024527777	-0.018641701	0.187828803929572
-0.79222137	-0.67161362	0.55542734	1.1777856696673	-0.011522788	-0.0016234777	-0.017598243	0.294303455100839
-0.78753371	-0.46119172	0.50031701	1.04078060006817	-0.0094823583	-0.0036541382	-0.014318681	0.637752391370757
-0.70866473	-0.27249654	0.74930124	1.06672977464936	-0.0069843646	-0.0036414785	-0.012103602	0.752834954883618
-0.67942335	-0.15524369	0.75485709	1.02738791025265	-0.0017186888	-0.0040569772	-0.011423491	0.470114050021961
-0.66227676	-0.29826386	0.72251863	1.02450232196676	-0.0054990751	-0.004366773	-0.010766473	0.429865111791559
-0.61878738	-0.19723026	0.65046606	0.919186429577186	-0.0030809323	-0.0041359961	-0.010336487	0.370520805350683
-0.63015872	-0.21047833	0.59653425	0.892890951468705	-0.0040796464	-0.0042351128	-0.0094388783	0.178323191415988
-0.62499855	-0.26497138	0.67990014	0.96077948567464	-0.0052304191	-0.0042214019	-0.0086992064	0.23822688098202
-0.5910844	-0.22152645	0.61710448	0.88276422401966	-0.0047192918	-0.005049719	-0.008414139	0.221380328489554
-0.61430727	-0.22529978	0.63874206	0.914398617702337	-0.0043110739	-0.0054248932	-0.008262003	0.0954101847409264
-0.75156381	-0.2151383	0.62724728	1.00228329273515	-0.0036955248	-0.0062730379	-0.010355725	0.336783569121804
-0.80253048	-0.34962965	0.75684116	1.15719687389757	-0.0078457413	-0.0056746513	-0.011582081	0.613799701785031
-0.5472791	-0.3175026	0.69700622	0.94135008632403	-0.0072240615	-0.0043023957	-0.0078874685	0.63164065404918
-0.56505276	-0.29334259	0.56730446	0.852741958054966	-0.0067068274	-0.0043308539	-0.0086513825	0.237115743782932
-0.56217445	-0.32595074	0.52407566	0.834828901358707	-0.00745071	-0.0045642771	-0.0089597216	0.142997504054856
-0.44553243	-0.30678221	0.58895729	0.799678160260947	-0.0074711988	-0.0032220283	-0.0071121051	0.36120986682202
-0.56177603	-0.35205623	0.62068658	0.908178246577438	-0.0082716331	-0.0038750699	-0.0083626211	0.328446499277339
-0.56434261	-0.36682208	0.64099178	0.929468386694624	-0.0087758932	-0.0042089148	-0.0091578544	0.119304543607641
-0.69872141	-0.40165562	0.66327598	1.04377865063189	-0.008640064	-0.0049251547	-0.010180511	0.285232822001129
-0.73275531	-0.42305159	0.62866094	1.05409561692306	-0.0092364632	-0.0050575834	-0.010551363	0.145028904446957
-0.6805734	-0.42113937	0.66112711	1.03808842461927	-0.0088974701	-0.0033472124	-0.0105325	0.18997164449494
-0.71266648	-0.44162275	0.65723893	1.06531083545635	-0.0092294382	-0.0037930019	-0.010938397	0.115647369599902
-0.65992817	-0.5034947	0.70016305	1.08592835816777	-0.010284638	-0.004088668	-0.0098023914	0.281877949444207
-0.6654018	-0.47779348	0.68264026	1.06632260106715	-0.00981509	-0.0039480588	-0.0098684545	0.0825086547779332
-0.71443155	-0.43214164	0.65229691	1.05955183707681	-0.0096856596	-0.0045335111	-0.010264574	0.180575049447938
-0.6867695	-0.39782231	0.62177092	1.00822319623268	-0.0081106277	-0.0041614878	-0.010911953	0.222229071187445
-0.76404505	-0.46584891	0.6465264	1.10398207923619	-0.0098053858	-0.0045030223	-0.011869693	0.319759247945764
-0.78217839	-0.44683669	0.62541719	1.096637005969	-0.0094200553	-0.0052369062	-0.011717221	0.121839089049963
-0.80118411	-0.44791588	0.59698484	1.09495000473195	-0.0095688576	-0.0052868067	-0.01225275	0.085228849672908
-0.82543612	-0.45405718	0.6197362	1.12764607412993	-0.0096002701	-0.0054400787	-0.012388523	0.0691675449872197
-0.82358866	-0.45381421	0.60427452	1.11776263741447	-0.010043646	-0.0054550448	-0.012439915	0.0430388098181272
-0.81289355	-0.48352955	0.61624852	1.12887509838644	-0.0096945195	-0.0059003493	-0.011481299	0.140036797892142
-0.80571054	-0.47427433	0.61102321	1.11689524017373	-0.010333819	-0.0053347042	-0.011163452	0.0978031190117168
-0.84689079	-0.46607556	0.61978494	1.14829604617753	-0.0098438114	-0.0057478043	-0.012331529	0.161699981287751
-0.78765809	-0.45125074	0.61132255	1.09441662872578	-0.0094649799	-0.0046440994	-0.011998845	0.173280927008995
-0.89295769	-0.46017722	0.6332201	1.18747808610562	-0.0091948317	-0.0055912537	-0.013397265	0.266909747491399
-0.94895166	-0.49450142	0.63024473	1.24187331362404	-0.010174562	-0.0061540133	-0.013444629	0.172786232669278
-0.93018833	-0.46424254	0.58593193	1.19335145359922	-0.0097110054	-0.0060054609	-0.013360404	0.128151709784402
-0.88199428	-0.4572221	0.57778653	1.14926203841011	-0.0092900543	-0.0054241327	-0.012900375	0.136475304232495
-0.87321218	-0.47125386	0.56369609	1.14119805193776	-0.009668148	-0.0057707326	-0.012479911	0.0941621796457882
-0.92883328	-0.41078951	0.53993336	1.15022055137373	-0.0088751848	-0.0058632259	-0.013293498	0.224800352837642
-0.87532615	-0.42129314	0.53589438	1.10944425961851	-0.010242028	-0.00542277	-0.012607699	0.192704638829973
-0.91028271	-0.43670505	0.58797727	1.16835062496543	-0.0096639043	-0.0059487538	-0.01264691	0.15961728429416
-0.92364624	-0.43025952	0.55589288	1.16071638450203	-0.0096009039	-0.0062424761	-0.012779174	0.0763427849418663
-0.92098441	-0.49963178	0.59147964	1.20320088247289	-0.01042135	-0.006187165	-0.012953176	0.160108808838113
-0.86037929	-0.37868978	0.45052452	1.04241585524136	-0.0094187868	-0.0045060669	-0.013684011	0.493227042189586
-0.79993626	-0.36364075	0.40034985	0.965615149797461	-0.0048050841	-0.0010843091	-0.014006721	0.543574966863716
-0.78839963	-0.47791776	0.53418938	1.06552224547981	-0.0061855829	-0.00019685008	-0.013285458	0.40911420328107
-0.76797142	-0.70039655	0.73719177	1.27427906478308	-0.014843133	-0.0030058961	-0.010958993	1.13556102169261
-0.72151357	-0.7216678	0.95388922	1.39688614041488	-0.018115666	-0.0031856539	-0.010344328	0.487774266489305
-0.68573542	-0.63320026	0.92406211	1.31341783855873	-0.017064286	-0.0033426558	-0.010105614	0.226427592542358
-0.67250618	-0.65891199	1.0028165	1.37552553788587	-0.016943287	-0.0036898098	-0.010307031	0.151173859892124
-0.6558042	-0.71325553	1.0139435	1.40245998909255	-0.018429057	-0.0040240212	-0.0096206074	0.207492762415388
-0.6801204	-0.73473248	1.0262112	1.4337032477708	-0.018869651	-0.0042478137	-0.0099017633	0.105337969752161
-0.69870349	-0.79214133	1.0686681	1.50257311355886	-0.021031468	-0.0058387562	-0.0090261621	0.349866844163991
-0.68935036	-0.77368262	1.0930833	1.5061938175617	-0.020953331	-0.0058563973	-0.0089980726	0.0584204199989485
-0.67727251	-0.77676984	1.0705144	1.48595777791386	-0.021423822	-0.0057724457	-0.0087661888	0.0770502897558151
-0.66649962	-0.80719778	1.1039553	1.52135048686855	-0.022495352	-0.0058297394	-0.0086132874	0.138727982429024
-0.67421355	-0.79954753	1.1025991	1.51972528407391	-0.022306355	-0.0061781963	-0.0083143312	0.0585408848421241
-0.66308425	-0.80249644	1.0880382	1.5058248183205	-0.023080714	-0.006008953	-0.0082452554	0.0792730140218591
-0.64402865	-0.7872369	1.0972669	1.49616492693087	-0.022782151	-0.0063119509	-0.007680147	0.10187730451063
-0.67217393	-0.77027075	1.0744803	1.48311925871297	-0.022939142	-0.0063676451	-0.0079591069	0.0924802849463535
-0.61015861	-0.79498535	1.1177913	1.50125035434715	-0.022858004	-0.0059399732	-0.0074070948	0.183082019485491
-0.50985012	-0.791471	1.1092798	1.45494850884595	-0.023518066	-0.0050819908	-0.006380488	0.23956689583098
-0.52966584	-0.78817685	1.0913951	1.44668998518786	-0.023218994	-0.0053432111	-0.0068600003	0.0929847996774374
-0.57119166	-0.79741261	1.1019584	1.47527593973844	-0.023446953	-0.0056997604	-0.0073885868	0.116979619573204
-0.55240929	-0.82778951	1.0941278	1.47902235928913	-0.024434123	-0.0055792179	-0.0070618316	0.128713252919499
-0.40553182	-0.83542859	1.1201463	1.45503426744032	-0.024400069	-0.0038859897	-0.0059331159	0.323334931890533
-0.43170594	-0.86354206	1.1371466	1.49170281822885	-0.024878988	-0.0043534793	-0.006496859	0.14679547418505
-0.39279984	-0.92049839	1.1521885	1.5261544285651	-0.025742562	-0.004229704	-0.0057911322	0.195558132922078
-0.38329645	-0.86773413	1.14315	1.48548665811897	-0.02464623	-0.0039638764	-0.0060030515	0.150010092195768
-0.3936957	-0.87634352	1.1180319	1.47409958912622	-0.024996706	-0.00410739	-0.0062598306	0.0816651748688815
-0.415446	-0.89735192	1.1408631	1.50976967123641	-0.024989836	-0.004311675	-0.0063245949	0.0793858649816722
-0.4350167	-0.90847932	1.1265722	1.5112045281693	-0.025163356	-0.0046018012	-0.0066907644	0.0864797848359553
-0.43223431	-0.94799157	1.1362136	1.54158874553404	-0.02600188	-0.0046891755	-0.0063263924	0.116449553669524
-0.41540391	-0.87847413	1.1149953	1.47901714815773	-0.024507673	-0.0044686869	-0.0061756559	0.200837738020433
-0.41539314	-0.91155175	1.1149131	1.49883597309336	-0.025544919	-0.004719205	-0.0061303031	0.0998264326421517
-0.38647526	-0.93157974	1.1339527	1.51758118873681	-0.025356813	-0.0042776882	-0.0057125818	0.120352674654974
-0.4039392	-0.89968418	1.116183	1.48945056666138	-0.02466991	-0.0046485723	-0.0058772087	0.1282498992092
-0.39697401	-0.85065417	1.0656099	1.42011455190484	-0.024348766	-0.0041092876	-0.0062094563	0.166202114527841
-0.41601726	-0.86780613	1.0938273	1.45692003971006	-0.024751907	-0.0045389081	-0.0062499859	0.108077164698161
-0.39302195	-0.85800307	1.0823509	1.43600800556335	-0.024180417	-0.0042318695	-0.0060619863	0.097601179537002
-0.40635049	-0.87911514	1.0729428	1.44539627859362	-0.024604619	-0.0044028803	-0.00629975	0.0854975348025494
-0.41845836	-0.89084371	1.0741453	1.45687955583588	-0.024722161	-0.0045513555	-0.0064594453	0.0463245649813128
-0.43149464	-0.89623155	1.089626	1.47536552604435	-0.024499572	-0.0046163949	-0.0063927032	0.0516233449758316
-0.43394962	-0.9046776	1.0704443	1.46717580134161	-0.024768569	-0.0044286197	-0.0068625203	0.0764121947296102
-0.41854403	-0.88788712	1.0755166	1.45611077867932	-0.024412686	-0.0046327685	-0.0061341861	0.101686669083455
-0.42264131	-0.84417424	1.0643466	1.42270499729552	-0.023772667	-0.0044479789	-0.0063199633	0.109509449427314
-0.42376943	-0.85623105	1.0562535	1.42421332568154	-0.024144227	-0.0044069045	-0.0065579422	0.0538086948649096
-0.42815109	-0.84972588	1.0555783	1.42112384204926	-0.023678651	-0.0040195199	-0.007041716	0.0783987494327639
-0.45343784	-0.88259839	1.0865084	1.47142322125384	-0.024241819	-0.0042875007	-0.0072061998	0.138870989578525
-0.43940881	-0.89966452	1.0726306	1.46731481111206	-0.024667151	-0.0045583325	-0.0069130985	0.0944362147458519
-0.44177344	-0.92418414	1.087117	1.49368787522895	-0.024742955	-0.0044373788	-0.0071172485	0.0614160349776804
-0.44717844	-0.90990885	1.0886639	1.48764638260319	-0.024553926	-0.0044615535	-0.0072177498	0.0369124399837841
-0.4625857	-0.89293508	1.0608787	1.46177364973268	-0.024413406	-0.0048342085	-0.0072978398	0.0898294798853341
-0.47497642	-0.91687415	1.0734774	1.489501438336	-0.024891379	-0.0048450945	-0.0074337086	0.0801648797672788
-0.46954976	-0.91055787	1.0857236	1.49277873354759	-0.024529173	-0.0049290838	-0.0072145556	0.0572565548778397
-0.46518768	-0.90583272	1.0809516	1.48505516927451	-0.024623616	-0.0047103205	-0.007123237	0.0340854749748472
-0.51593096	-0.88209705	1.0522111	1.46677474755616	-0.023975765	-0.0053740062	-0.0076839243	0.196830648457265
-0.49422917	-0.89732117	1.0325947	1.45454445414265	-0.024136651	-0.0050256229	-0.0072551925	0.103442364739055
-0.50016897	-0.92595984	1.0623833	1.49540258792159	-0.024499153	-0.0051545274	-0.0074706242	0.0997089798754671
-0.52934406	-0.91511467	1.0773517	1.50941269326827	-0.024684915	-0.0066174029	-0.00683921	0.168991237940197
-0.5403773	-0.81064976	0.99267435	1.39088569799652	-0.02307289	-0.0069767491	-0.0068811815	0.300842626175992
-0.51026272	-0.76041544	0.99250062	1.35042851181119	-0.022373096	-0.0067579213	-0.0065032374	0.145350924151745
-0.56730923	-0.76709665	0.94948613	1.34603155384515	-0.021710817	-0.0073242046	-0.0069937925	0.192698078770567
-0.58489806	-0.73246736	0.96083108	1.34231536471542	-0.021272414	-0.0077515848	-0.0069772557	0.107679069661819
-0.67946692	-0.79067846	1.0089776	1.45082167056603	-0.02199152	-0.0083935689	-0.0079490471	0.317570551762108
-0.71499527	-0.78688275	0.99960006	1.45931592820812	-0.022067913	-0.0084832476	-0.0091856585	0.118835751057911
-0.56062053	-0.82546754	1.0171839	1.42490530375543	-0.022539269	-0.0075664693	-0.007418076	0.368329196671244
-0.55400862	-0.84391062	1.047838	1.45501723695188	-0.023198649	-0.0074678983	-0.0074384241	0.0946240444007234
-0.51078154	-0.83003142	1.0698854	1.44724037703664	-0.023358685	-0.007134816	-0.0071002481	0.120718394833902
-0.45865169	-0.84306723	1.0486308	1.4215309640484	-0.023431698	-0.0059019849	-0.0065200474	0.180722495688646
-0.43180531	-0.80836633	1.0217352	1.37253588956388	-0.022772188	-0.0057155072	-0.0066469812	0.137088954384613
-0.57892303	-0.84130066	1.0298466	1.45035261047525	-0.023023478	-0.0072461376	-0.0083253248	0.361176632646886
-0.52877147	-0.81340324	1.025939	1.41201095252461	-0.023274878	-0.0065583218	-0.0074583233	0.172267442931238
-0.52009594	-0.81677247	0.99928073	1.3914665040538	-0.023334732	-0.0063537929	-0.0072153844	0.0640691199518576
-0.46026803	-0.86883185	1.0494921	1.43810608474372	-0.024163391	-0.0059245313	-0.0069833411	0.236596853623724
-0.50549592	-0.87879571	1.0591606	1.46616138321926	-0.024060898	-0.0062529608	-0.0073962702	0.107052829777267
-0.54148489	-0.88287275	1.0594666	1.4816003696363	-0.023987986	-0.0068298793	-0.0080010322	0.103101634138354
-0.52820671	-0.90508162	1.0592186	1.49000641271667	-0.024342311	-0.0064885124	-0.0076742821	0.0868571497517713
-0.50246684	-0.89623297	1.0613751	1.4772351081377	-0.024347432	-0.0064620339	-0.007257697	0.0591542498493456
-0.5903034	-0.93552453	1.0866293	1.55062164498687	-0.024807175	-0.0069942447	-0.0082613838	0.252164347377038
-0.5925381	-0.88822527	1.0815985	1.51983579554517	-0.024038706	-0.0066046694	-0.008385397	0.1186676339274
-0.63628259	-0.89902576	1.0680224	1.53420164853987	-0.024219649	-0.0071780156	-0.0084927349	0.111202434592428
-0.62907952	-0.87344039	1.1174904	1.5515875584249	-0.023922141	-0.0068301612	-0.0080389588	0.137213364662787
-0.65152126	-0.88841508	1.1108927	1.5645586909786	-0.02418412	-0.0067117563	-0.0084212197	0.0821463698427133
-0.6739255	-0.8840841	1.1020244	1.56532362584177	-0.023859576	-0.0068071437	-0.0087284947	0.0719638398665333
-0.78378802	-0.90915622	1.1005254	1.62851000878268	-0.024185227	-0.0073752753	-0.0097114787	0.230271967567233
-0.86770575	-0.8975504	1.12555	1.68088452655833	-0.023858504	-0.0081438826	-0.010867805	0.233130975760312
-0.9521135	-0.87373373	1.1422342	1.72471148760354	-0.023556325	-0.0090975975	-0.011393134	0.213969762833249
-0.9545098	-0.8963579	1.1273531	1.72785168786793	-0.023279555	-0.0088955579	-0.011494154	0.0688930499365017
-0.86647983	-0.94085216	1.1546377	1.72313037842027	-0.024434322	-0.0080724671	-0.010687108	0.299054014535124
-0.96715399	-0.8904428	1.1134218	1.72278359789034	-0.02302883	-0.0087463569	-0.011885219	0.3561740499952
-0.9134181	-0.92589242	1.1400288	1.72953030145485	-0.023894658	-0.008618166	-0.011071612	0.206173802521346
-0.82827473	-0.92814304	1.1251296	1.6773208243664	-0.024011168	-0.0079982665	-0.010050511	0.190168712282413
-0.83300723	-0.88972274	1.1323867	1.6636728156829	-0.024009425	-0.0079110557	-0.0095249623	0.0811350246962071
-0.80775244	-0.91057558	1.135472	1.66460462392794	-0.02412013	-0.0077384913	-0.0098861918	0.0814178748882685
-0.8937943	-0.90476158	1.0864634	1.6726818247641	-0.024375042	-0.0085268813	-0.010615449	0.229492418136614
-0.78226292	-0.85044022	1.0938741	1.59114562201308	-0.023240631	-0.0074785656	-0.0095927661	0.333533912330152
-0.79627087	-0.8442946	1.0751584	1.5820386389372	-0.024115104	-0.008003389	-0.0091811129	0.129416748160359
-0.72022468	-0.78382046	1.2143655	1.6148627405405	-0.021998562	-0.0073046399	-0.0091273652	0.419179349535628
-0.59576801	-0.46379958	1.3986748	1.58944668620957	-0.013936205	-0.0067272821	-0.0084104753	1.09661599202798
-0.5179746	-0.44211712	1.5294717	1.67423084284789	-0.012801515	-0.0065299676	-0.006573739	0.38870979403118
-0.51850768	-0.32734446	1.4822899	1.60411594261565	-0.011026868	-0.0055465456	-0.0063417789	0.311988981348771
-0.49048956	-0.35326071	1.4137363	1.53753811778323	-0.012411489	-0.0067147201	-0.0055026754	0.292082909917714
-0.45252398	-0.37280935	1.5158813	1.62531870093596	-0.013039788	-0.0067316661	-0.0048681844	0.223646018951115
-0.45382498	-0.3842467	1.5109598	1.62376173010357	-0.013736966	-0.0070728554	-0.0043328141	0.0963467288915942
-0.45478303	-0.44174404	1.6204053	1.74002262557692	-0.014708212	-0.0074009678	-0.0046757072	0.250013462933679
-0.50598767	-0.41269723	1.6554777	1.77959235248947	-0.014873278	-0.0076362299	-0.0050653389	0.154821839840271
-0.52770741	-0.46789254	1.6910473	1.8322225602786	-0.016445657	-0.0079381964	-0.0059279003	0.249329985506662
-0.47213726	-0.40806356	1.6458435	1.76017904991862	-0.015619766	-0.0077469562	-0.0052201395	0.246847528073195
-0.45178408	-0.42838637	1.6947833	1.80552324019995	-0.015874613	-0.0080032602	-0.0047368574	0.139337444695282
-0.41865261	-0.37244289	1.650191	1.74273177817252	-0.01536252	-0.0077660733	-0.0043686841	0.189539909588457
-0.35652543	-0.39878811	1.6313689	1.71683045953911	-0.015768321	-0.006782775	-0.0036169551	0.214335911995101
-0.39821365	-0.43850697	1.6193844	1.7243167657795	-0.016063163	-0.0067343907	-0.0045678118	0.158095728155331
-0.4226103	-0.42276969	1.6168936	1.7238557335722	-0.015687505	-0.0070749322	-0.005332028	0.116645513877444
-0.37523924	-0.46180323	1.654275	1.75803654287936	-0.016420544	-0.0068598083	-0.0048562903	0.194981028934326
-0.25390327	-0.44907685	1.6759242	1.75352753382097	-0.015518038	-0.0051668595	-0.0043725295	0.309672318124088
-0.32569271	-0.45343938	1.6538905	1.74557635143015	-0.015551213	-0.005464888	-0.0050394349	0.148091114326828
-0.37029218	-0.46403224	1.686919	1.788333842125	-0.016032845	-0.0057709715	-0.0060318969	0.177229702670925
-0.42311715	-0.47829082	1.7136226	1.82874072693511	-0.016389466	-0.0060858195	-0.0065503828	0.153284894550107
-0.38982912	-0.47598226	1.6901801	1.79867579765523	-0.01644024	-0.0056802934	-0.0060519163	0.106777419602763
-0.39917256	-0.48574261	1.6885048	1.80175832881372	-0.016571537	-0.0059034176	-0.0060512211	0.0385349099721429
-0.44107696	-0.50810699	1.7170745	1.84419804697867	-0.016664123	-0.006214161	-0.0065877053	0.13982915961415
-0.59148981	-0.5472271	1.7305504	1.90895845456322	-0.017505551	-0.0074704111	-0.0078404157	0.370528275533003
-0.56352822	-0.58414763	1.7572116	1.93560975290619	-0.018566879	-0.007157142	-0.0082457289	0.180538832306613
-0.51233584	-0.55206544	1.7342028	1.89069395051625	-0.017702103	-0.0071553789	-0.0075854094	0.182626298052863
-0.61200837	-0.56417272	1.766832	1.95308484689382	-0.018018989	-0.0080794754	-0.0087154235	0.262958835283525
-0.58810669	-0.56248335	1.7390905	1.92007623938224	-0.018292317	-0.0082076123	-0.0078265223	0.117850853489823
-0.56458471	-0.57483779	1.7422737	1.91956037292125	-0.018364122	-0.0075294318	-0.0075449367	0.0906381743028915
-0.58267784	-0.56930304	1.7400331	1.92128462380666	-0.018371483	-0.0077637569	-0.0077114386	0.0462778799635778
-0.55313342	-0.56565262	1.751091	1.92152001215568	-0.017555558	-0.0071128568	-0.0078880883	0.126426478282357
-0.5737251	-0.59155083	1.7663418	1.94911678184529	-0.018294451	-0.0074412318	-0.0079597518	0.118687264085031
-0.54500255	-0.60619028	1.7861701	1.96338943187718	-0.019161733	-0.0072614975	-0.0079267698	0.117190213628766
-0.5430555	-0.58838598	1.7768531	1.94892644204968	-0.018522389	-0.0072066658	-0.0078163112	0.0693000644523931
-0.53540751	-0.59063672	1.8200418	1.98697385250134	-0.018593529	-0.0074081674	-0.0077018766	0.0724412399790832
-0.49957828	-0.58583311	1.8062606	1.96350611043928	-0.018364089	-0.0069949381	-0.007295044	0.106889134687548
-0.39903206	-0.65847787	1.8253429	1.98108465058109	-0.019841994	-0.0064184406	-0.0057134392	0.374073629633362
-0.43241136	-0.69015826	1.8243523	1.9978887162749	-0.020596496	-0.0068412588	-0.005987877	0.138638188904632
-0.48625623	-0.57331602	1.7492735	1.90396800335633	-0.018562292	-0.0069708818	-0.0070152296	0.405324870199984
-0.51257627	-0.59151859	1.7423252	1.91005910312685	-0.018371418	-0.007083402	-0.0071385368	0.0728059799786383
-0.47806727	-0.5938354	1.7626687	1.92046602232325	-0.019079839	-0.0068170652	-0.006727838	0.126442139075635
-0.45451076	-0.57538293	1.7700976	1.91595695688001	-0.0189127	-0.0064515151	-0.0063655786	0.0941853047894657
-0.4368294	-0.58655838	1.7827333	1.92691688372422	-0.018656841	-0.0065289953	-0.0061702306	0.067926869948606
-0.42461033	-0.60789916	1.7767632	1.92528511913058	-0.019437756	-0.006332839	-0.0059784312	0.0979734839774431
-0.37396917	-0.64167799	1.806861	1.95354811977641	-0.019411492	-0.0057637714	-0.005731235	0.156644179584565
-0.37463514	-0.6043142	1.7910166	1.92698925838211	-0.019003869	-0.0058278707	-0.0054655488	0.0907445848192767
-0.36985104	-0.64195387	1.8371905	1.98095014987437	-0.019985361	-0.0059162025	-0.0052335633	0.153688133002768
-0.38629036	-0.63096381	1.7890668	1.93599989323886	-0.019398597	-0.0060784232	-0.0053841327	0.120530784563124
-0.37396477	-0.63814783	1.8074263	1.95291375438511	-0.019797413	-0.0060476338	-0.0054987969	0.0650825898646454
-0.35342039	-0.62360964	1.8937017	2.02482124735779	-0.019685373	-0.0057750508	-0.0051347323	0.158792349854346
-0.34378114	-0.61925313	1.8449488	1.97623277623258	-0.019529017	-0.0057574919	-0.0047103299	0.0926645248327704
-0.34662256	-0.67219303	1.8778547	2.02443299296213	-0.020856878	-0.0057671982	-0.004907071	0.165402635106416
-0.365915	-0.64265857	1.8919676	2.03136535962126	-0.020390834	-0.0054704171	-0.0046006764	0.116400784674735
-0.34023666	-0.64097659	1.8898256	2.0243647823827	-0.019949778	-0.0055679412	-0.0043387441	0.0695279397818811
-0.3313006	-0.61801585	1.8873098	2.01336582855367	-0.019950441	-0.0050504449	-0.0045280007	0.069783394697155
-0.31475546	-0.55540158	1.8379715	1.94568269496302	-0.019302089	-0.0049260865	-0.0044164438	0.172711074425306
-0.3150511	-0.60459323	1.8554066	1.97669517647426	-0.019984283	-0.0049475086	-0.0043831416	0.103768304338475
-0.3164732	-0.58114839	1.8507379	1.96548200500901	-0.020360888	-0.0051967097	-0.00386122	0.0869220245602864
-0.31869941	-0.65082984	1.8772608	2.01227654803842	-0.021169602	-0.0051837107	-0.0038135325	0.141900583897866
-0.31745774	-0.58532983	1.8507546	1.96689679851153	-0.019504136	-0.0051885802	-0.0042018716	0.196181600253759
-0.33355725	-0.58038667	1.8737246	1.98971178877405	-0.019437336	-0.0054999873	-0.0045282518	0.0792420348640337
-0.3236288	-0.59528468	1.8554531	1.97529887782375	-0.019943116	-0.0050784534	-0.0050556213	0.115832129268835
-0.28076747	-0.54402027	1.8060984	1.90703430930428	-0.018516491	-0.0050202065	-0.0043708752	0.251961333281645
-0.23657654	-0.55865834	1.8276619	1.92572470016914	-0.018790396	-0.0046251709	-0.0036024121	0.152262683883332
-0.16537691	-0.57010129	1.825572	1.9196557322616	-0.018945666	-0.0036423602	-0.0031380377	0.164855232805841
-0.099103608	-0.57191723	1.8341626	1.9238147744334	-0.019050318	-0.0029182772	-0.002817518	0.134142576138108
-0.044450785	-0.54655373	1.8359004	1.91604465782617	-0.018266159	-0.0020570532	-0.0027812295	0.165837695664569
-0.049586459	-0.60446493	1.8317998	1.92959248956771	-0.019250359	-0.0024865922	-0.0022809652	0.162847636587928
-0.030212993	-0.61199756	1.8315813	1.93135804471922	-0.019374035	-0.0022456581	-0.0023484178	0.0487277309662819
-0.067123125	-0.59160599	1.8425508	1.93636169449158	-0.018877214	-0.0021475506	-0.0032769752	0.144445495074594
-0.062092913	-0.68617097	1.8896767	2.01135878461265	-0.020421572	-0.0026894308	-0.0024232258	0.293720462698416
-0.034502872	-0.73809402	1.8975698	2.03635566058782	-0.021438176	-0.0022446956	-0.0023698562	0.163141628627584
-0.054553236	-0.63299087	1.8544461	1.96026116496416	-0.019571658	-0.0017902174	-0.0028468381	0.308176105030971
0.0066793746	-0.62544456	1.8564498	1.95898733318995	-0.019544972	-0.0013425204	-0.0023127404	0.121206655095606
0.005487748	-0.67101531	1.870809	1.98751552852135	-0.020549003	-0.0014287113	-0.0025257732	0.126284309469895
-0.016663143	-0.6826217	1.9002923	2.01924760024243	-0.02072854	-0.0018842199	-0.0027585041	0.106629405764781
-0.046001734	-0.68606489	1.9148141	2.03453046926816	-0.020361322	-0.0018994006	-0.0030409062	0.0805436208499077
-0.035591583	-0.72600484	1.9097533	2.04340584694885	-0.020994657	-0.0017315759	-0.0028539293	0.104817730447286
0.015389703	-0.7111393	1.9084833	2.03672886102736	-0.021350812	-0.0011808801	-0.0022882048	0.140745590180748
-0.012989562	-0.7723989	1.9546561	2.10177288466413	-0.022072976	-0.0017018844	-0.0023241876	0.199769218920636
-0.032411692	-0.70019308	1.91863	2.04266050629031	-0.020793949	-0.001721241	-0.0026823681	0.210482250545141
-0.051099854	-0.75588928	1.9389616	2.08171849320995	-0.021787852	-0.0020737834	-0.0027574765	0.165793649862375
0.0051173496	-0.75357545	1.9222381	2.06467950520202	-0.021831694	-0.0013315682	-0.0023352934	0.135666547591234
-0.051623824	-0.74182403	1.9176835	2.0568125624038	-0.021424006	-0.0018222507	-0.0030332509	0.152863592504356
-0.014199531	-0.78801064	1.9815964	2.13257747524604	-0.022533829	-0.0021779254	-0.0022479838	0.260062039049579
-0.01663292	-0.77131278	1.9641835	2.11026464697945	-0.022336083	-0.0018217788	-0.0027321176	0.0884454686533741
0.0072917376	-0.7335836	1.9206978	2.0560345586957	-0.021521299	-0.0014061376	-0.0027623252	0.168171176323446
0.040698153	-0.75753605	1.9669419	2.10816926376485	-0.021817881	-0.0014536194	-0.0022414223	0.146851300050966
0.04493207	-0.74617217	1.9661697	2.10347690441209	-0.021947806	-0.0013516187	-0.0022151867	0.0292780619931822
0.068210842	-0.75599171	1.9727622	2.11375658066484	-0.021680222	-0.0013882497	-0.0018533545	0.0729931718612907
0.081915351	-0.76632237	1.9812915	2.12590594981625	-0.021882565	-0.0009301212	-0.0017875618	0.0688776787818291
0.059105022	-0.81008674	2.0095033	2.16744952482413	-0.02301338	-0.00082270308	-0.0021001214	0.172326131921259
0.11820123	-0.77442995	2.0069315	2.1544111315909	-0.022072617	-0.00022770239	-0.0012929538	0.21447135923096
0.066535874	-0.79854024	2.0095743	2.16344225821922	-0.023211389	-0.00085755381	-0.001943976	0.199400722828012
0.075569264	-0.74865525	1.9975633	2.13458533081274	-0.022302097	-0.00067387974	-0.0021198735	0.134372556909475
0.042428966	-0.77567944	2.0158285	2.16033408347107	-0.023090503	-0.0011589655	-0.0019442139	0.150887254729947
-0.020151842	-0.75586008	2.0460524	2.18129800367106	-0.023361028	-0.0024876406	-0.0013109313	0.224248197542944
0.013230018	-0.75250297	2.0367267	2.17133401477709	-0.023115748	-0.0024935417	-0.0011331973	0.0675104249575601
0.0060722564	-0.76868767	2.0363844	2.17664398349183	-0.02342346	-0.0026169799	-0.0013333548	0.055250146518675
-0.010222827	-0.73901537	2.0304296	2.16076203776452	-0.022302482	-0.0028085111	-0.0013680412	0.119281960450668
0.00039632765	-0.74226731	2.0309354	2.16232733774131	-0.023049856	-0.0026083283	-0.0013097614	0.0646687237631689
-0.018569613	-0.77465514	2.0428246	2.18484959729967	-0.023607701	-0.0027258081	-0.0014963743	0.106339855271424
