0	0	0	0	0	-8.6736174e-19	0	0
-0.01292187	-0.017096985	0.026574466	0.0341391836980951	-0.00021682786	-0.00021713663	-0.00015298268	0.085940679449975
-0.0072890283	0.0037334761	0.043829944	0.0445884824634188	0.0005406937	0.00011073732	-0.00056510231	0.11859453667513
0.0048294125	0.032879168	0.012342068	0.0354498174323085	-0.00038266869	-0.00022632949	-0.00072296648	0.143666675471903
-0.073847644	-0.008004154	-0.0043786951	0.0744090987472985	0.00022802725	-0.00052853662	-0.0013168579	0.211620865131607
-0.029528867	-0.022807089	0.021710663	0.0431679300274773	3.1327388e-05	-5.0712434e-05	-0.00091667529	0.138946402623348
-0.060502213	-0.015916109	0.019977399	0.0656729531420847	0.00043480226	-0.00047521098	-0.0010563086	0.0879779260981267
-0.059311066	-0.036613386	0.02553622	0.0742323454858443	4.1260861e-05	-0.0001680646	-0.0013887491	0.079103658686113
-0.077316704	-0.0089928366	0.026741321	0.0823033539800351	0.00077858083	-0.00063563652	-0.0018681427	0.131045561572432
-0.11471819	-0.020185141	0.040111838	0.1231935979741	0.00020133235	-0.00082719204	-0.0024244828	0.128221511625891
-0.14677016	-0.0015771639	0.024997148	0.148891990115409	0.00035664819	-0.0011727873	-0.0026116243	0.100177266992547
-0.12895144	0.00064266426	0.0075548215	0.129174154625922	0.00049579447	-0.00081734226	-0.0028697865	0.0751185505249847
-0.15613069	-0.0051043885	0.0045594321	0.156280630798924	0.00045455258	-0.0010888388	-0.0032231408	0.0692263285262462
-0.11777751	0.031612457	-0.0015927789	0.12195665723527	0.00083258147	-0.0011310975	-0.002597757	0.133505805377732
-0.10596472	0.039783207	-0.020742911	0.115071689831327	0.0011541534	-0.001334501	-0.0022967921	0.0804306884563958
-0.12397245	0.010638927	0.0087869912	0.124737990768902	0.00067420272	-0.0012281564	-0.0028088591	0.131600025687435
-0.12992557	0.03245039	-0.00095289896	0.133920086497153	0.00094783848	-0.0010739473	-0.0029344796	0.065177741105545
-0.1377647	0.03770153	0.0026135756	0.14285429187759	0.0010272674	-0.001341086	-0.0027063755	0.0453903304945134
-0.1323925	0.016378419	-0.010385531	0.133805403176933	0.00072962248	-0.0013610873	-0.0027257018	0.0565430435450326
-0.1337167	-0.0063561399	-0.019643559	0.135301240879398	0.00074413258	-0.0011583808	-0.0028542634	0.0506056968782143
-0.12712382	-0.021889968	-0.016977043	0.130107095500043	0.00042172124	-0.0012402514	-0.0027055595	0.0524425160221846
-0.11701992	0.0046501253	-0.0099114228	0.117530939092787	0.00078649846	-0.0014048929	-0.0024217725	0.084369899341967
-0.10782779	0.006631152	-0.012809338	0.108788251264231	0.0008420585	-0.0014086663	-0.0023615882	0.0200469588991884
-0.11968546	-0.0039114843	-0.0078930384	0.120009204230445	0.00075513116	-0.0014257152	-0.0026334509	0.0461085528567604
-0.11550324	0.019514168	-0.011770816	0.117730001752041	0.0012518346	-0.0015891981	-0.0025450887	0.0689130766341602
-0.1103249	0.0083151206	-0.023805584	0.113169919237329	0.0010467422	-0.0014257231	-0.0025450871	0.046840605372926
-0.13767896	0.019982804	-0.029741971	0.142265221756228	0.001043965	-0.0015085092	-0.0028156265	0.0627632653575654
-0.12006553	0.019471811	-0.035916409	0.126826146173634	0.00107388	-0.0013530534	-0.002780855	0.0353059759920299
-0.093360773	0.019958929	-0.059201545	0.112336172768933	0.001190928	-0.0016076233	-0.0021914007	0.0985306205356024
-0.10828192	0.021125815	-0.033607006	0.115328682948279	0.0014654951	-0.0018328347	-0.0022659605	0.0703994869322166
-0.11467308	-0.0077115857	-0.021710879	0.116964721594366	0.00095376054	-0.0017616226	-0.0025363347	0.0897907303788851
-0.12427087	-0.024637133	-0.011521746	0.127212373941787	0.00048097333	-0.0017442767	-0.0026714688	0.0679758305746792
-0.11959737	-0.017859843	-0.0097073377	0.121312560388953	0.00062328122	-0.0017471948	-0.0025182669	0.0281865927865047
-0.10120396	-0.018110511	-0.012858709	0.103612636900667	0.00067007609	-0.0016089839	-0.0026415402	0.0372094027903835
-0.094670142	-0.023602995	-0.030918834	0.102349946043902	0.00084936957	-0.0015182861	-0.0027776494	0.050391450981185
-0.087912955	-0.053173652	-0.021281735	0.104923958982014	0.00042096896	-0.0014656731	-0.0028535379	0.0738100483349879
-0.10271807	-0.023935455	-0.017671714	0.106940157968276	0.00081507481	-0.0015668788	-0.0028378934	0.0732011353703068
-0.10085735	-0.040361226	-0.0099924786	0.1090920860641	0.00075754097	-0.001440319	-0.0028593996	0.0362457183953593
-0.10529084	-0.021565651	-0.010653837	0.108003437601689	0.00076309436	-0.0015645823	-0.0028205121	0.0323256328958796
-0.10473989	-0.02866137	-0.0018657801	0.108606628816433	0.0011947178	-0.0016414245	-0.0028199593	0.0418856477315319
-0.11833043	-0.045390892	0.013575166	0.127462578321906	0.0010915	-0.0018507623	-0.0030278817	0.0717849080598704
-0.1108942	-0.082252159	0.036933155	0.142923053396068	0.00062263817	-0.0017024688	-0.0031107096	0.102654647277292
-0.10807302	-0.083046599	0.053148548	0.146291774929063	0.00042962568	-0.0015173957	-0.0030775005	0.040395747471737
-0.11254554	-0.091424499	0.075723779	0.163581870319829	0.00028312442	-0.0016175977	-0.003329601	0.0603658389579739
-0.12198446	-0.13354752	0.083954121	0.199407730573628	-0.00059069054	-0.0015705588	-0.0035301176	0.115860804592979
-0.14870031	-0.099206135	0.10075539	0.205195731022325	3.0731323e-05	-0.0016951999	-0.003951746	0.136243071489873
-0.1707195	-0.14263165	0.1209214	0.253201343282243	-0.0009021373	-0.0020795216	-0.0038151621	0.158299424335132
-0.15438003	-0.1298333	0.10017592	0.225222322160876	-0.00047926881	-0.0019692945	-0.0036923239	0.0826799893358142
-0.14292543	-0.12446901	0.099177504	0.213907433930509	-0.00066794572	-0.0018481069	-0.0034341091	0.0462212714464314
-0.15371049	-0.098383168	0.10496601	0.210532718922918	-0.000574678	-0.0018292291	-0.0035700253	0.0550624939930649
-0.15155043	-0.12625171	0.097344516	0.219961319114028	-0.00090309735	-0.0018362392	-0.0034927193	0.0582868684252387
-0.13320265	-0.11244468	0.18274354	0.252550892770262	-0.0015576116	-0.0011201219	-0.0042211075	0.222504819345678
-0.1486114	-0.12393933	0.22541543	0.297083190054392	-0.0011068766	-0.0012643045	-0.0044938689	0.112959239760703
-0.17163985	-0.1145136	0.19796142	0.285941124187129	-0.00063807104	-0.0017981451	-0.0041374948	0.127859202374102
-0.16913827	-0.10077191	0.17899654	0.266087379549675	-0.00077568827	-0.0016224538	-0.0038859366	0.0634514864501075
-0.15548454	-0.052692186	0.16053273	0.229614167780917	-0.00024129158	-0.0016123591	-0.0034909865	0.127169338053707
-0.17383848	-0.094754846	0.15889461	0.253861763675127	-0.00078881971	-0.0015736879	-0.0039151258	0.112571650998959
-0.12142797	-0.068895003	0.16572641	0.216694523023031	-0.00024944992	-0.0015056606	-0.0037718403	0.122636282166313
-0.10791334	-0.047875446	0.16672774	0.204292649317498	0.0001387035	-0.0016897834	-0.0036136842	0.07205713285692
-0.10502579	-0.056798956	0.1676794	0.205846834204887	-0.00010572213	-0.0017464411	-0.0037501537	0.0346403614639033
-0.11489425	-0.087011151	0.18957135	0.238136359723226	-0.00058085286	-0.0018689355	-0.0036651579	0.0961036512714324
-0.1129148	-0.092811394	0.18763495	0.237845709183003	-0.00052238702	-0.0018499657	-0.0035525653	0.0192175049965958
-0.10789616	-0.076385386	0.20893825	0.24724785307496	-0.00039167929	-0.0017510443	-0.003515925	0.0560614194932286
-0.093534507	-0.090055861	0.17570168	0.218471605603581	-0.0005688869	-0.0018153163	-0.0036440565	0.079749253483471
-0.10026327	-0.084053058	0.16521787	0.210747679554441	-0.00021926824	-0.0019272224	-0.0035730771	0.0498405839073041
-0.091601999	-0.10050043	0.19157657	0.234931574770072	-0.00064815113	-0.0018373061	-0.0036311219	0.0803095423337261
-0.046187948	-0.087948017	0.20628652	0.228959185376768	-0.0005713424	-0.00187999	-0.0031720101	0.101606635297283
-0.060982753	-0.11393945	0.19271752	0.232036930131201	-0.00055073724	-0.0018917262	-0.0034042636	0.0675849809738781
-0.067555465	-0.097728313	0.17065546	0.207937130020119	-0.00048372532	-0.002147388	-0.0034090679	0.0612198099645587
-0.072133965	-0.089149039	0.17034409	0.205348408952134	-0.00030550777	-0.0022249756	-0.0031260904	0.0404082764400264
-0.063136159	-0.087522611	0.17786167	0.208041235491235	-0.00047227121	-0.0021755413	-0.0033122545	0.038259905976645
-0.053609005	-0.089818985	0.19097011	0.217740575908424	-0.000526499	-0.0023322687	-0.0029612643	0.0530292374015642
-0.074977247	-0.086945886	0.19656542	0.227638175620436	-8.282515e-05	-0.0023979135	-0.0033245211	0.0734654232175995
-0.075367892	-0.10230216	0.2057153	0.241795028359309	-0.00022999434	-0.002463714	-0.0031646816	0.0435372584842582
-0.076121201	-0.09453717	0.20174596	0.235442447595188	-0.00023316948	-0.0023845882	-0.0033538852	0.0260628659848572
-0.07812722	-0.089887	0.20073135	0.233402249660861	6.4647511e-06	-0.0026002533	-0.0034117725	0.0333301305050297
-0.086333517	-0.089861206	0.19211756	0.228992727748541	0.00018525026	-0.0027418869	-0.003308772	0.0380168614248986
-0.075543153	-0.091729521	0.19775965	0.230716172290096	-0.00017946227	-0.0025309542	-0.0030828068	0.0583812903553436
-0.070642654	-0.10146332	0.20238469	0.237159761797785	-0.00034461851	-0.002512558	-0.0031228885	0.0304410449904677
-0.054618536	-0.091619452	0.20089178	0.227452886838422	-0.00016667256	-0.0024786564	-0.003033071	0.0424441484866705
-0.066546552	-0.091521319	0.2007398	0.230436678327536	-0.00013734594	-0.0026302403	-0.0029719244	0.0242809849922148
-0.059129192	-0.12027582	0.20232633	0.242690086395209	-0.0014059898	-0.0025479541	-0.0028805215	0.10987503474344
-0.092634625	-0.08725352	0.19121447	0.229689625448478	-0.00071239745	-0.0026569249	-0.0031376109	0.130622219766765
-0.077559476	-0.099361026	0.19393796	0.231300709324742	-0.00056750248	-0.0024917232	-0.0029065442	0.0569643134585673
-0.064102224	-0.12572638	0.22129955	0.26246849064193	-0.00088764101	-0.0025810892	-0.0028697764	0.0894978124300542
-0.044984885	-0.14088795	0.2247139	0.269015596549486	-0.0010301699	-0.0022605721	-0.003038611	0.0692872884153434
-0.054984686	-0.14578242	0.2183334	0.268226216524662	-0.0010590429	-0.0022851559	-0.0032236461	0.0331993659867205
-0.066486882	-0.17422285	0.23029434	0.29632682965982	-0.0014112621	-0.0022832002	-0.0032559373	0.071226870908897
-0.055899646	-0.19255973	0.23264215	0.30712601647731	-0.0022037487	-0.0023786657	-0.002883628	0.0942849948537776
-0.067714044	-0.18656066	0.24559344	0.315762900584447	-0.0012510222	-0.0022722372	-0.0035112048	0.115101345680924
-0.053511363	-0.15926663	0.2386714	0.291879020451342	-0.00092376653	-0.0025986904	-0.0030012316	0.10660285407819
-0.059480991	-0.14293801	0.22285077	0.271351669762128	-0.00047633327	-0.0024066413	-0.0031397382	0.0770183257930937
-0.049375521	-0.14981239	0.22246579	0.272713626340632	-0.00085883897	-0.0022661266	-0.0033494406	0.0540009698584152
-0.053576323	-0.12266897	0.22287546	0.259983786527685	-0.00080705264	-0.0022837107	-0.0032332794	0.0410304734964339
-0.022046638	-0.12232138	0.20779188	0.24212814715795	-0.00067775424	-0.0023964925	-0.0027103115	0.0852132596945302
-0.019976004	-0.11987351	0.2055571	0.238793677671621	-0.00089733243	-0.0022263182	-0.0028890679	0.0351787284557772
-0.02775661	-0.12002387	0.21784481	0.250264899681128	-0.0010505793	-0.0023937951	-0.0030399937	0.0438011544755535
-0.041754757	-0.10075348	0.19514267	0.223551750426984	-0.00097908769	-0.0024752995	-0.0031295517	0.0680983774966143
0.016165517	-0.087243762	0.20819438	0.226313273608453	-0.0004313255	-0.002200674	-0.0024380072	0.160178310425449
0.0074984634	-0.098611543	0.20306599	0.225867792438148	-0.00038473027	-0.002232598	-0.0023525886	0.033360116098423
-0.019651978	-0.085071427	0.21512283	0.232166276445003	-0.00038703756	-0.0023111791	-0.0028004023	0.0791825017118989
-0.031545947	-0.090485486	0.22704152	0.246435836989455	-0.00065111207	-0.0025110383	-0.0024011384	0.0723865983124047
-0.027811915	-0.089852233	0.22261406	0.241669083874494	-0.0006088251	-0.0021483957	-0.003122358	0.065102202618928
-0.033661471	-0.10134278	0.22652432	0.250433067384231	-0.00085994136	-0.0020115528	-0.0031004322	0.0417446109616494
0.0054356902	-0.091256082	0.23537043	0.252500412966644	-0.00098501828	-0.0019637081	-0.0027826167	0.0825668251288172
0.049030657	-0.12852447	0.2425551	0.27884677019941	-0.00083199586	-0.0017167523	-0.0023862887	0.127863335631463
0.033874019	-0.11862219	0.26060554	0.288329534738119	-0.00091178218	-0.0019430876	-0.0024970282	0.0639524139719572
0.016150243	-0.10910038	0.27077112	0.292370864983428	-0.00011499297	-0.0020012131	-0.0025423901	0.0824249954455214
0.034583547	-0.12388851	0.27447105	0.303115063830922	-0.00081074233	-0.0016678575	-0.0031299521	0.117754710798589
0.028136468	-0.14986274	0.3042123	0.340287562427886	-0.00078145508	-0.0016800392	-0.0027930224	0.0810824914202589
-0.025983604	-0.097415326	0.34086708	0.355464850082595	-0.0016152607	-0.0014543527	-0.0023783585	0.216930065619827
-0.075105958	-0.077095383	0.32527449	0.342619463620756	-0.0005441061	-0.0011567128	-0.0029840747	0.183760418921639
-0.084112832	-0.090702112	0.3175439	0.34078727977366	-0.00086902005	-0.0011280818	-0.0028353152	0.0554594154216327
-0.096283762	-0.077464636	0.33387833	0.356014145644628	-0.0009392635	-0.0013768721	-0.0031319572	0.0725266234128139
-0.12175953	-0.08752006	0.34204209	0.37346744888918	-0.00066519621	-0.0012908559	-0.0039503637	0.102619450313787
-0.13704623	-0.089817365	0.35817216	0.393873233936785	-0.00069309076	-0.0013867412	-0.0042970076	0.0572352624113402
-0.12325483	-0.13420792	0.35095178	0.395437315884861	-0.0012180139	-0.0013839384	-0.0041722806	0.0980249816946251
-0.15307227	-0.1511567	0.4091588	0.462266580465518	-0.0007783602	-0.0012108222	-0.0047262179	0.163308599458031
-0.12036125	-0.12592508	0.40369831	0.43967747471462	-0.00077559152	-0.0012481694	-0.0044015037	0.081644633928563
-0.1412399	-0.12185301	0.40406824	0.445048320943656	-0.00042959997	-0.0014115365	-0.0043769438	0.0520165774045967
-0.13407522	-0.097994749	0.38680535	0.420948351034	-0.00023630448	-0.00141477	-0.0042923343	0.062342755483692
-0.14155115	-0.089745999	0.37790727	0.413406551861099	0.00024240113	-0.0016530686	-0.0042270057	0.0637394002426862
-0.10749079	-0.086004595	0.38034412	0.40449067963862	-0.0002286526	-0.0014916864	-0.0039821972	0.0841008352429216
-0.10368377	-0.075047828	0.36527717	0.387052853719152	0.00016684134	-0.0018984279	-0.0035360693	0.0922489035459479
-0.10841874	-0.077252239	0.38347743	0.405927913468766	0.00027164067	-0.0017105572	-0.0037754682	0.0517430874552035
-0.093347595	-0.06670095	0.36244617	0.38017103568112	4.0925391e-05	-0.001839239	-0.0035096547	0.0779142228808474
-0.10099708	-0.055108863	0.36102482	0.378914657417355	0.00042537201	-0.0019065709	-0.0036720556	0.0513718928220639
-0.10559749	-0.057406025	0.35966037	0.379212161394038	0.00069341617	-0.0020478655	-0.0036557542	0.0295440299539927
-0.084127335	-0.062614509	0.37088119	0.385422939544767	0.00061745006	-0.0019804181	-0.0034379426	0.0559607144769196
-0.076029792	-0.062083502	0.35846907	0.371665124324051	0.0006385802	-0.0021202773	-0.0032374771	0.0391134119774976
-0.06391122	-0.078428657	0.3733983	0.386861717831581	0.00051709159	-0.0022546279	-0.0031488316	0.060617192489761
-0.075391654	-0.065506205	0.36736988	0.380704075520045	0.00071922387	-0.0023267994	-0.0032855944	0.0509846349766822
-0.065598943	-0.044130968	0.35167472	0.360452316328266	0.00058940782	-0.0022130145	-0.0031980407	0.063420840490975
-0.070097255	-0.068669937	0.35217393	0.365589472465721	0.00069481974	-0.0021237681	-0.0033074735	0.0447410469933487
-0.069109304	-0.051650957	0.3682053	0.3781786088695	0.00097507349	-0.002331982	-0.0031363672	0.0670169984249
-0.087926139	-0.063750595	0.37980671	0.395029468829005	0.00076725192	-0.002554765	-0.0032982379	0.0721416464494284
-0.091539843	-0.056107237	0.37149796	0.38670182205984	0.00084808919	-0.0022955328	-0.0034505002	0.044182400455252
-0.098758168	-0.060799824	0.37004362	0.387791277684081	0.00090847171	-0.0024029385	-0.0035240295	0.0254311279961318
-0.061137245	-0.06232325	0.37110763	0.381238538530628	0.00085427161	-0.0021253518	-0.0031561289	0.0751927288513663
-0.061292633	-0.05143024	0.36932944	0.377896932638046	0.0011464843	-0.0020808639	-0.0032472374	0.0342170424462587
-0.026960609	-0.077281241	0.38113166	0.389821249937079	0.00066552287	-0.0021863315	-0.0027434671	0.126495210999416
-0.039503392	-0.095181594	0.38383616	0.397429555442763	0.00064310592	-0.0021480184	-0.0029344106	0.0457313134853558
-0.061951211	-0.10887576	0.40594746	0.424835525751314	0.00028344495	-0.0021310488	-0.0032220309	0.0914658283534944
-0.063282357	-0.072867781	0.39911561	0.410618606934722	0.00075693798	-0.0024307979	-0.0032743651	0.085449791222436
-0.058708535	-0.097354646	0.39356238	0.409653470790735	0.00058740095	-0.002522907	-0.0033217782	0.0500668784879979
-0.06714681	-0.09152616	0.39812869	0.413995393523452	0.00072498337	-0.0026444962	-0.0034990833	0.0406569069792171
-0.069355726	-0.10557531	0.405649	0.424861711632836	0.00074039003	-0.0023580702	-0.0038280695	0.0553193188768566
-0.063346773	-0.12350632	0.42483765	0.446938086972881	0.00039097231	-0.002342456	-0.0037944782	0.0630597739110353
-0.090550858	-0.11205183	0.43587459	0.459066148499923	0.00076695551	-0.0024022511	-0.0041109086	0.0873059498228174
-0.086144794	-0.10887592	0.43612275	0.457687605858747	0.00061032073	-0.0023519149	-0.0039292979	0.0272592179792491
-0.081786315	-0.12107991	0.44105059	0.464623469990739	0.00015708266	-0.0022653786	-0.004272066	0.0656174322207788
-0.082291993	-0.1315414	0.47378668	0.498546818434633	-0.00030951447	-0.0023086384	-0.0045216165	0.0816736292558208
-0.086385517	-0.16318344	0.48142716	0.515619436234959	-0.0002255031	-0.0025334256	-0.0041659492	0.0765993373813689
-0.079140766	-0.20548099	0.4892189	0.536489357034841	-0.0011834967	-0.002244796	-0.0044514492	0.133940199069758
-0.14794875	-0.2106669	0.51833854	0.578743654333682	-0.0013603242	-0.002502329	-0.0051929324	0.161905718103594
-0.11448067	-0.1873899	0.51058865	0.555807131957194	-0.0016969188	-0.0025015951	-0.0049835046	0.0918327849014161
-0.12881067	-0.19461342	0.49812451	0.550085992743576	-0.0016164555	-0.0027043416	-0.0051658115	0.0572934949689287
-0.12018011	-0.17164631	0.50384591	0.545679773860051	-0.0016102854	-0.0025570598	-0.0050152989	0.05251729498624
-0.11619492	-0.19603435	0.52367521	0.571109841783761	-0.0013984165	-0.0026427364	-0.0050439603	0.0645128749788272
-0.1034859	-0.20756408	0.53133136	0.579745800264656	-0.0014319484	-0.0024384678	-0.004906247	0.0506705899767237
-0.092928941	-0.18167805	0.51025998	0.549552498963279	-0.0015637552	-0.0023772964	-0.0047649811	0.0742265739888795
-0.11097944	-0.17989022	0.50387056	0.546408701055424	-0.0012149337	-0.0023637016	-0.0048323626	0.0477176389109337
-0.10991013	-0.15979593	0.51572044	0.55098325578458	-0.00094271171	-0.0024145531	-0.0047869695	0.0514368094575042
-0.08537854	-0.13615525	0.50131952	0.526449435680317	-0.00056657545	-0.0022515566	-0.0043014097	0.113807817641614
-0.077716268	-0.11240774	0.4847271	0.503622556879818	-0.00067374137	-0.0024303239	-0.0041239086	0.0711739179738829
-0.039226605	-0.088316086	0.47993797	0.489570130455184	-0.00018906917	-0.0022895962	-0.0034757204	0.131049851189636
-0.065237666	-0.11458122	0.47428412	0.492270490204309	-0.00078419472	-0.0027315504	-0.0034588108	0.110629511881027
-0.032634425	-0.10003375	0.46328744	0.475086317310756	-0.00075361811	-0.0027441199	-0.0027538582	0.0955523257700781
-0.0083298097	-0.074820996	0.47302592	0.478979214751451	-0.00057422979	-0.002573438	-0.0027899478	0.0785638402775164
-0.015219626	-0.08430691	0.47372792	0.481411917464508	-0.00014254803	-0.0028542939	-0.0026281192	0.0607960430774261
-0.022882143	-0.10054277	0.50112221	0.511620865898596	-0.00014758599	-0.0030336467	-0.0026136885	0.0612337399879741
-0.016265001	-0.096469638	0.47799344	0.487902316039199	-0.00049818509	-0.0030764431	-0.0025933145	0.0545075189100367
0.0310832	-0.080705332	0.46552935	0.473494552922093	-0.00032442445	-0.0029276791	-0.0021629342	0.113221843816132
0.0024469367	-0.080150313	0.4682977	0.475113455922374	-5.2071206e-05	-0.0031925419	-0.0023030767	0.0658275594134682
-0.010093504	-0.072239369	0.48725424	0.492683569499221	0.00022019581	-0.00329417	-0.0023138418	0.0586409354557628
-0.069571412	-0.090792901	0.48905213	0.502250453555999	-0.00024478255	-0.003632286	-0.0030718563	0.157884771802647
-0.059285964	-0.080092084	0.48792827	0.497999562361319	0.00030614744	-0.0034854493	-0.0031310929	0.0599602891445954
-0.056067962	-0.090441606	0.50475603	0.515850705417811	0.00010304163	-0.0036865575	-0.0028767867	0.0633212944313362
-0.061323666	-0.096576721	0.49793983	0.510912643561715	-0.0003909813	-0.0038791164	-0.0029744052	0.0574170352319985
-0.075153306	-0.093167771	0.49816196	0.512341284054759	-6.6325077e-05	-0.0039568723	-0.0031830018	0.0480111560588209
-0.064600575	-0.10695945	0.49388067	0.509442513375437	-0.00019844046	-0.0039516374	-0.0030126089	0.044012859134889
-0.060937665	-0.098292185	0.49689735	0.5101781346596	-0.00028860844	-0.0038099567	-0.0030550308	0.0290603839923886
-0.058268638	-0.092731291	0.48531778	0.497521531281843	-0.00013033914	-0.0038933584	-0.0028514294	0.0420731109729487
-0.069577473	-0.11437238	0.48342027	0.501614616516308	-0.00042021794	-0.0041393291	-0.0028883955	0.0634882139181447
-0.05636822	-0.11781452	0.5052711	0.521877880201881	-0.00051571051	-0.0040781953	-0.0028078908	0.0503587764966229
-0.046705608	-0.11941285	0.48910289	0.505630773954794	-0.00038544753	-0.0038157487	-0.0028346503	0.048402605957695
-0.057633714	-0.13857448	0.47976863	0.502695205695042	-0.00090837416	-0.003785232	-0.0029386315	0.0722952221996914
-0.0066754851	-0.12154072	0.47355607	0.488949956696269	-0.00079128888	-0.0035871285	-0.0023729278	0.118249172503299
-0.0048827183	-0.094857471	0.47367202	0.483101400612121	-0.00029387309	-0.0038974702	-0.0021722968	0.0790113899645054
-0.0066043853	-0.1373172	0.4830608	0.502242339730205	-0.00092294817	-0.0036278372	-0.002470871	0.113434289385069
0.037903306	-0.10139096	0.4582334	0.470844598833852	-0.00076665907	-0.0034663629	-0.0017850989	0.155438105611385
0.057116557	-0.12075379	0.46607515	0.484839998690724	-0.00082014716	-0.0032411197	-0.0017793538	0.0606416504758733
0.05593914	-0.11340758	0.46321302	0.480163272734303	-0.00047703676	-0.0032435802	-0.0017129398	0.0319850019152385
0.07387409	-0.12377917	0.48093636	0.502074144394298	-0.00052431842	-0.003044993	-0.0018657399	0.0659633279760315
0.083972556	-0.15430747	0.44742284	0.480675964879293	-0.0017882165	-0.0028464791	-0.0017546931	0.152813220774601
0.039054821	-0.16989702	0.52038057	0.548804349547038	-0.0011320701	-0.0029510224	-0.0019565786	0.181593774391957
0.079182319	-0.16383858	0.51789264	0.548931422406118	-0.0018160721	-0.0031795398	-0.0016667942	0.108789057257741
0.059381048	-0.17250702	0.50595185	0.537840176380755	-0.0013899916	-0.0030371276	-0.0020450251	0.087746680720104
0.09465324	-0.15944773	0.53031986	0.561802428221052	-0.0013868935	-0.0031806996	-0.0017690742	0.0938305419500566
0.094634826	-0.14748256	0.5079933	0.537367703384837	-0.00067729503	-0.0029469576	-0.0017430915	0.0827763017289746
0.13824128	-0.11598569	0.52507335	0.555216493505945	-0.00064802157	-0.0030051858	-0.0013231718	0.117554441845275
0.15940292	-0.11291872	0.49634879	0.533406083172501	-0.00055349696	-0.002952977	-0.0011305869	0.0699190854830633
0.18405615	-0.078359165	0.49854619	0.537182584095795	-0.00036630116	-0.0028914064	-0.00079570385	0.0905926574076059
0.18075175	-0.090641969	0.47113454	0.512693784293579	-0.00041371907	-0.0030746917	-0.00066725263	0.060956575482535
0.22984599	-0.0892173	0.49217912	0.550480873330168	-0.0005396859	-0.0029150918	-0.00041815791	0.0982965614551667
0.24316177	-0.098837685	0.48323735	0.549922604373301	-0.00070119216	-0.0029085629	3.6854372e-06	0.0613718601948316
0.29614151	-0.063762359	0.5046091	0.588553970484555	-5.6834965e-05	-0.0029647875	0.00046712321	0.167627793624902
0.25366243	-0.077490904	0.46975313	0.539460352334663	-0.00026186881	-0.0031946161	0.00028131433	0.122097161193387
0.25751841	-0.062697802	0.5082463	0.573202448815643	-0.00029708624	-0.0029718937	-1.6325643e-05	0.084921242071959
0.24474759	-0.077636169	0.46546565	0.531589154213785	-0.00036619554	-0.0027104605	2.7372249e-06	0.0879701053570724
0.29791041	-0.074655821	0.52437451	0.607694603179337	-0.00060306013	-0.0028632107	0.00037756503	0.153274157610177
0.2711673	-0.12932786	0.4719399	0.559450327708796	-0.00087564118	-0.0027228546	0.00010674485	0.168037625410665
0.26103393	-0.085843546	0.64907213	0.704842150373994	-0.0023895705	-0.0032021725	0.00025918718	0.338034384034245
0.33035165	-0.11697517	0.53663584	0.6409316873324	-0.0033615748	-0.003653494	0.00066102115	0.30414362026009
0.25477769	-0.10523156	0.44387398	0.522503074309434	-0.00087271719	-0.0030496871	-0.00027368145	0.381447751221319
0.25419024	-0.1128239	0.55035742	0.616632143397929	-0.0017217941	-0.0029683506	-0.00035838547	0.16541910022235
0.22128602	-0.14666855	0.54832121	0.60920876187265	-0.0016704136	-0.0033204887	-0.00042546401	0.0923149369081187
0.18831349	-0.12193637	0.58739988	0.628783800577568	-0.0022164024	-0.0038048952	-0.00064579902	0.159319894901825
0.2231419	-0.15827036	0.59637935	0.656132717898263	-0.0016757146	-0.0034855406	-0.00058199339	0.126334271102299
0.23380962	-0.12386096	0.64313902	0.695439627044092	-0.0015593155	-0.0036016703	-0.00074883458	0.111805289483776
0.29052255	-0.11097163	0.63891114	0.710581099903072	-0.0012226762	-0.0036885499	3.1889365e-05	0.134042281177749
0.34139076	-0.10026139	0.6413792	0.733462524966852	-0.0010264713	-0.0039502575	0.0010707242	0.138883874361322
0.32813659	-0.060862069	0.58090259	0.669944499349384	-0.00063859387	-0.0039262253	0.00083560021	0.145481781851317
0.31571497	-0.094383005	0.58774052	0.673812297872932	-0.00096203873	-0.0037018796	0.00064313266	0.0897933913911272
0.33076857	-0.057872554	0.56136322	0.654129760961154	-0.00032720557	-0.0038918944	0.00097382158	0.135718194377356
0.44833639	-0.059151025	0.56891162	0.72674947108877	-0.0008524739	-0.0035779268	0.0022068579	0.230008299228007
0.45882938	-0.037795197	0.53426307	0.705258750270621	-0.00038836337	-0.0032966675	0.0020952684	0.109345334242484
0.49978042	-0.048011161	0.54830077	0.743450922508364	-0.00049486874	-0.0032203308	0.0026181925	0.100493012198653
0.55379461	-0.041747554	0.52058988	0.761212947530748	-0.0005059121	-0.0027070483	0.0031252281	0.139556759446705
0.61192123	-0.057228318	0.52045146	0.805352341725008	-0.00039198379	-0.0026764147	0.0036200345	0.105714219244474
0.63742705	-0.036238466	0.49430464	0.807442597102274	7.7580735e-05	-0.0025175277	0.0039258968	0.119358182966334
0.64427299	-0.077228439	0.54042699	0.844460330006316	-0.0004716599	-0.0024775237	0.0038204636	0.128692154402244
0.63280706	-0.083134059	0.53827847	0.834925001552355	-0.00048944349	-0.0024677213	0.0037705782	0.0233936394997278
0.6600403	-0.052918264	0.54987667	0.860707785778166	0.00010380536	-0.0024462513	0.0040578009	0.114144312015635
0.67910558	-0.059367952	0.53598714	0.867174236677492	-1.7162165e-05	-0.0025623876	0.0044028489	0.0685120891574638
0.70901929	-0.051310543	0.53589523	0.890238632587809	-5.7315084e-05	-0.0024213093	0.0045788357	0.0559239299326601
0.67520207	-0.058677017	0.53249404	0.861911091871908	4.1973042e-05	-0.0024043559	0.0040598391	0.0763467900067098
0.71520777	-0.067095681	0.5414864	0.899572957609435	5.2521667e-05	-0.0024619905	0.0045430185	0.0849848550145901
0.70476459	-0.057388581	0.55201888	0.897057088720398	0.00027537402	-0.0027299865	0.0043929536	0.0627284225798022
0.6784186	-0.087950699	0.55846832	0.883104742782062	-0.00017883755	-0.0025752656	0.0039538208	0.11576081112064
0.68235424	-0.085444556	0.5692115	0.892698052382923	-0.00058168417	-0.0026300091	0.0039921324	0.0419800488633408
0.71569393	-0.067814558	0.56955384	0.917174025130632	6.2640089e-05	-0.0025350801	0.0044056047	0.108948305243675
0.70614103	-0.080354695	0.56526316	0.908082854871288	-0.00019575146	-0.002540286	0.0042629421	0.0466967194080094
0.67272563	-0.082492085	0.53319205	0.862356352982772	0.00016255027	-0.0020985452	0.0039229098	0.124627641142681
0.66570638	-0.10910002	0.55591184	0.874131438966069	-0.00020181479	-0.00197057	0.0037051965	0.0918496528733559
0.70208621	-0.097701927	0.55171043	0.898251140484921	-0.0010318119	-0.0021534364	0.0040052401	0.117624687239775
0.71331889	-0.10902977	0.53195419	0.89648568858384	-0.00030115967	-0.0021050404	0.0039242979	0.0853162836860327
0.7593517	-0.10188318	0.57852074	0.960042412224559	-0.00025762749	-0.0019075152	0.0041043547	0.120801658971611
0.7525223	-0.13560086	0.57314849	0.955602740064777	-0.00053190907	-0.00190811	0.0039341392	0.0681739239467374
0.74797354	-0.14029368	0.57881352	0.95612333102109	-0.00067515122	-0.0019352526	0.0040167999	0.0275588824926585
0.72038286	-0.16038105	0.58323624	0.940658310881385	-0.00072575482	-0.001915917	0.003640492	0.0744131248886982
0.73008578	-0.1599754	0.57958663	0.945800209578178	-0.0011762188	-0.0021410754	0.0039688949	0.0639594437120008
0.73206881	-0.14596737	0.55322128	0.929131314898153	-0.0008353904	-0.0020158163	0.0040167674	0.0680544099131937
0.7591715	-0.1728209	0.58301462	0.972684160980739	-0.0017018482	-0.0019246553	0.004154814	0.138532828637748
0.75316559	-0.18134236	0.56846549	0.960883172301065	-0.0017158004	-0.0018169085	0.004107022	0.0375510499971609
0.74413702	-0.16641473	0.56767217	0.950623721294584	-0.0015744328	-0.0019308507	0.0040957969	0.0380762649910293
0.76836053	-0.13622027	0.55806561	0.959359729760128	-0.0010594289	-0.0017999315	0.0044316501	0.113113344631831
0.79933976	-0.11811003	0.56318448	0.98492171750669	-0.00045865829	-0.0016895838	0.0045285123	0.0946073650435712
0.79811606	-0.1399395	0.56017779	0.985074345062066	-0.00088122327	-0.0018886504	0.0046284256	0.0621371038242924
0.82136532	-0.12387516	0.56870894	1.00668560265837	-0.00052005252	-0.0017675747	0.0050494406	0.0930078222426792
0.8177506	-0.098153173	0.56165158	0.99689647731689	-0.00067357852	-0.0018224287	0.0050847879	0.0485804319920253
0.80786356	-0.095809937	0.55861883	0.98685260947843	-0.00033841733	-0.0020030952	0.0048715074	0.0517184353890656
0.8514873	-0.074960813	0.55107515	1.0170219105282	-0.0002738665	-0.0020172332	0.0052877599	0.0967636103491786
0.86414227	-0.083125814	0.56845111	1.03768416592629	-0.00036447816	-0.0018447143	0.0054452347	0.0592261989796174
0.84853516	-0.07510899	0.57288622	1.0265728903497	-3.1182014e-05	-0.0018391678	0.0053637418	0.0490758212217375
0.88536531	-0.077301645	0.5647779	1.0530058655105	0.00010694488	-0.001825101	0.0056212174	0.0676145896589434
0.97425814	-0.060041718	0.54712646	1.11898672668123	0.00031106216	-0.0015486653	0.0066539367	0.199467808643681
0.95875217	-0.055543331	0.56486785	1.1141662681404	0.00057580439	-0.0014755248	0.006556074	0.0595330184585752
1.0515905	-0.069568856	0.54761406	1.18767148830183	1.3953593e-05	-0.0011169291	0.0070532616	0.19499934912838
1.0831219	-0.06892837	0.55058878	1.21698487053552	0.00072799503	-0.0010382865	0.0075061413	0.0974247918970213
1.0536627	-0.085413868	0.5657725	1.19899922267459	0.00058616262	-0.0011522283	0.0072531142	0.0865684834572252
0.99788084	-0.06194917	0.56435414	1.14808513004826	0.00067569525	-0.0013948336	0.0067393143	0.122961809186177
0.95417039	-0.076681387	0.56028989	1.10916451850084	0.00045014355	-0.001302512	0.0062251087	0.104110861691206
0.94122543	-0.10888679	0.58142335	1.11167205372826	0.00010719544	-0.0015770626	0.0062875212	0.100279383372347
0.91359047	-0.098259473	0.53613528	1.06383434301104	0.00013825704	-0.0016086995	0.0058732442	0.107399121851746
0.9720713	-0.07254568	0.57230044	1.13035980183061	0.0010810859	-0.001758493	0.0065053845	0.206597913720686
0.93490758	-0.096937165	0.58039218	1.10467374355728	0.00053192055	-0.0017852986	0.005931203	0.127154566760549
0.9790947	-0.095044754	0.57460962	1.1392261198847	0.00062128909	-0.001531746	0.0065755148	0.101223737407307
0.9339572	-0.094172159	0.56654213	1.09640979201551	0.00044018348	-0.001543366	0.0059279143	0.0960938899217988
0.91125644	-0.13630668	0.55552415	1.07590654412329	-2.750632e-05	-0.0015904916	0.0055821172	0.118883885700514
0.92567239	-0.11886873	0.57004476	1.09359506993383	-0.00020979481	-0.0015259053	0.0055324112	0.0612035494865637
0.92995375	-0.1173665	0.55536745	1.08950533591204	0.00014429947	-0.0016405152	0.00568701	0.0516260488966713
0.8860089	-0.12661937	0.56900462	1.06057083371162	-0.00049322111	-0.0023738472	0.005216613	0.158897367421743
0.83052184	-0.1474542	0.55098937	1.00752099415725	-0.00068702105	-0.0025767193	0.0046621933	0.141891726612403
0.86853071	-0.12928098	0.53542018	1.02846192693463	-0.00086747725	-0.0021010424	0.0047316894	0.108032739762828
0.88434837	-0.14760262	0.54832929	1.05096316929968	-0.00094056622	-0.0019438504	0.004275451	0.0813743782932454
0.88539844	-0.15262631	0.55621369	1.05669241362	-0.0012129738	-0.002017206	0.0043519845	0.0350729939561307
0.90546431	-0.11591683	0.57304071	1.07781166419664	5.5199699e-05	-0.0021389089	0.0045535084	0.153172380680115
0.93531163	-0.14479574	0.58769909	1.1140753439163	0.0002416169	-0.0018890687	0.0048621085	0.110627484942786
0.93908691	-0.11808356	0.59774469	1.11943140303407	0.00058994026	-0.0018558103	0.0050518201	0.0690977278976534
0.96559154	-0.13137755	0.59911867	1.14392756042773	0.00030817411	-0.0015220475	0.005001998	0.0744401523756791
0.96516131	-0.11512485	0.57971576	1.13175105381034	0.00074272906	-0.0016670996	0.0054622769	0.08808013711953
0.95410821	-0.10348138	0.57437756	1.11845449340939	0.00071330923	-0.0014551291	0.0055012944	0.0420551614799813
0.98529118	-0.092514195	0.56365662	1.13888821704859	0.00081404205	-0.0012067626	0.0058724931	0.0888859958593963
0.96527121	-0.102843	0.53919045	1.11042853569019	-6.3017889e-05	-0.0012390643	0.0057948111	0.104167125543402
0.97699612	-0.057823844	0.52350554	1.10992029706672	0.0012105884	-0.0014728243	0.0064751674	0.18181510046337
0.96814749	-0.071307509	0.51041696	1.09677700390222	0.00047901161	-0.0011125586	0.0060894747	0.109297633467338
0.96561822	-0.039522929	0.51335352	1.09430911775837	0.0010995565	-0.001345148	0.0063783119	0.0943489839257577
0.9619145	-0.049794106	0.51052362	1.09013454439372	0.0008043225	-0.0011775487	0.0064362776	0.0428447469361749
0.99381379	-0.06473295	0.51912505	1.12309706684123	0.0011014104	-0.00072651296	0.0065574093	0.0989023307505118
0.9878972	-0.064268713	0.50935066	1.11333258287043	0.00087160264	-0.00092622051	0.0067618968	0.0478553574403081
0.99502829	-0.054687311	0.50677951	1.11798813573337	0.0010738448	-0.00071935951	0.0067585015	0.039908564964325
1.0204169	-0.068076607	0.50061099	1.13863797474659	0.00083313709	-0.00074857908	0.0069893122	0.0699833249452757
1.008191	-0.072402969	0.49516428	1.12555717162165	0.0010715878	-0.00068323192	0.0070665822	0.0410523654702116
1.0065736	-0.060567851	0.48681775	1.11975461530944	0.0010888408	-0.00099752267	0.0070733927	0.0387167604353111
1.060806	-0.09491272	0.50487387	1.17864982868644	0.00076545364	-0.00076693318	0.007574009	0.159363036142618
1.0168773	-0.11888388	0.54489793	1.15977867470368	-0.00068700265	-0.00069690508	0.0066829821	0.228599476641876
1.0124256	-0.094245903	0.53057434	1.14690758827121	-0.00028630853	-0.00045535162	0.0063414584	0.0926018307536192
1.0445196	-0.069179008	0.51174667	1.16520023351702	0.00040426048	-0.00064846413	0.0073495916	0.170579298164328
1.0376204	-0.069885174	0.52257453	1.16388322930004	-2.8491395e-05	-0.00065762995	0.0067932283	0.0683472752223735
1.0409053	-0.092779548	0.53837943	1.17556126966751	0.0001399777	-0.00068621205	0.006851387	0.0547446687395801
1.0112272	-0.086826027	0.53848655	1.14895037904835	-0.00018344512	-0.00096808649	0.0063987322	0.0886363436896376
1.0051373	-0.092626414	0.56320896	1.15589142095876	0.00045458444	-0.00096476936	0.0063794548	0.0696439009588805
