0	0	0	0	0	3.469447e-18	0	0
0.017961801	-0.028054204	0.0019990131	0.0333715554119251	0.00094608768	-0.00046705392	-1.4475726e-05	0.119395882423517
0.046882173	-0.053562373	0.032588195	0.0782870129711888	0.0013336333	-0.001067476	-6.1350407e-05	0.136759841377572
0.025378752	-0.022137798	0.050795253	0.0609452285310369	0.00047536539	-0.00060609651	-4.4412681e-05	0.13796430877825
0.01186886	0.011039694	0.051790051	0.054267430968269	3.9797248e-06	-2.2800065e-05	0.00013141278	0.109207559917006
0.030165847	0.02466409	0.063398903	0.074415835427407	-0.00067283962	-0.00067771755	0.00028675607	0.117884239751054
0.01239335	0.05972449	0.04283394	0.0745342622282276	-0.0013704251	-0.00050659431	-0.00040291454	0.151316825098932
-0.02575391	0.090124576	0.060597896	0.111614551377026	-0.0016488679	0.00020731435	-0.00074527956	0.153047125113391
0.0067211188	0.034399205	0.064387855	0.0733094442350831	-0.00090391791	-0.00025653227	-0.00020217442	0.179585444897074
0.011872457	-0.009204761	0.050318152	0.0525128487227562	0.00021560493	-0.00050229255	-0.0001638751	0.133004126245765
-0.014536181	-0.022739214	0.033526542	0.0430395333371578	0.00087531857	-0.00043707878	-0.00039776451	0.104675541374596
0.025820663	-0.047964825	-0.0082748606	0.0550981342060657	0.0017685053	-0.00075141782	-2.9148827e-05	0.186190928596427
0.043042151	-0.058294425	-0.025470404	0.0768089072224742	0.0020929529	-0.00098249614	0.00014068085	0.0810144111429363
0.060382265	-0.10123317	-0.037143412	0.123587239186661	0.0028249044	-0.00095540257	0.0003666858	0.12120436715894
0.056828014	-0.062101781	-0.024516306	0.0876761292396157	0.0022236219	-0.0010400329	0.00031469454	0.0922079500455526
0.036048583	-0.035509351	-0.051786469	0.0724034026564847	0.0018254742	-0.00070905843	0.00036473752	0.113600281292715
0.047954967	-0.071659035	-0.071286212	0.111876808045328	0.0028654606	-0.00087208114	0.00055848897	0.137393836632446
0.052491454	-0.068804698	-0.063950548	0.107606281412405	0.0024596537	-0.00068869553	0.00076885574	0.0547044518285315
0.039804431	-0.054050327	-0.051421479	0.084557667178016	0.0019156961	-0.00045153839	0.0007499145	0.0799732616368815
0.047937579	-0.087472482	-0.048939902	0.111106078120826	0.00244947	-0.00082658508	0.00059510204	0.0972185320655325
0.040499887	-0.082821556	-0.059061636	0.109489395980937	0.0025317274	-0.00081729307	0.00029509315	0.0417882669425838
-0.045713522	-0.060843229	-0.074431805	0.106450543466668	0.0023549318	-0.00062384149	-0.00055036441	0.18434714071438
-0.084002812	-0.03825355	-0.061443105	0.110883099088864	0.0016920687	-0.00052086251	-0.0011402504	0.141654071463321
-0.041447773	-0.029345641	-0.067893685	0.0847858301559856	0.001756411	-0.00050099051	-0.00083397025	0.0774382504395716
-0.077939463	-0.05979981	-0.091443419	0.134210566078733	0.0023735008	-8.9445619e-05	-0.0010862289	0.154540259381785
-0.050879394	-0.06225938	-0.1064861	0.133432502131234	0.0025529193	-0.00023751422	-0.00085834207	0.0723310165065486
-0.057077087	-0.060177438	-0.095643701	0.126597138378507	0.0024947739	-0.00019543087	-0.00083651394	0.0252248779994135
-0.037235509	-0.067766155	-0.092431832	0.120508831464127	0.0024775502	-0.0003181547	-0.00038221336	0.0603545693007997
-0.025651513	-0.094522821	-0.087865783	0.131578720282538	0.0027998527	-0.00039976398	-0.00023530949	0.070447493422512
-0.024008589	-0.059778674	-0.06629771	0.0924407299961078	0.0021638516	-0.00053115642	-0.00025822872	0.0974707819592892
-0.024196816	-0.07578411	-0.076704284	0.110509114633059	0.0024449059	-0.00046084008	-0.00060586195	0.0615504303655007
-0.014930592	-0.063142873	-0.069520276	0.0950947620181089	0.0019047352	-0.00050109992	-0.00053388412	0.061711887170726
0.0014136959	-0.079066688	-0.076653398	0.110133024621743	0.0025202755	-0.00075200874	-0.00042683755	0.088076008878657
-0.0090861444	-0.065938122	-0.097722753	0.11823760149311	0.0023274874	-0.00040689859	-0.00031567965	0.0771505686965795
0.0077800168	-0.055354446	-0.095601523	0.110744275487696	0.0023726402	-0.00067100795	-0.0003629763	0.0473990076612073
0.0030566255	-0.036613047	-0.070665123	0.0796455760144692	0.0022521504	-0.00067480688	-0.00037461457	0.0551975402963523
0.000575465	-0.070591385	-0.090791814	0.11500707928469	0.0028811833	-0.00073873364	-0.00052134833	0.098570859974338
-0.0040753186	-0.062676934	-0.086496567	0.106895567635507	0.0026196686	-0.00095780219	-0.0005478724	0.042215847540798
-0.0099992368	-0.094478954	-0.0973623	0.136035565007121	0.0027714773	-0.00089075137	-0.00027817269	0.0730196326512137
-0.01830345	-0.070542527	-0.11249486	0.134038643397596	0.0025122767	-0.00062727701	-0.00071298149	0.0952473879543566
-0.019787431	-0.055365938	-0.096505309	0.113005328110603	0.0026224759	-0.00078974615	-0.00087720466	0.0544946964790504
0.0081421251	-0.072300244	-0.091886011	0.117203491846855	0.0027625254	-0.0010291933	-0.00048870863	0.0878827939435188
-0.01623233	-0.076388076	-0.095788549	0.123588319883944	0.0030590884	-0.00098161751	-0.00066467506	0.0583700860340855
-0.019134882	-0.087066524	-0.11575365	0.146101440098717	0.0031858887	-0.00077975358	-0.00031210871	0.0676076298873134
-0.0032708526	-0.090494944	-0.10525773	0.138849642027075	0.0028727357	-0.00085830025	-0.00043249258	0.0553925463313781
-0.00075181636	-0.085974741	-0.11366943	0.142523544140542	0.0032455068	-0.00081018016	-0.00060494388	0.0451180636211674
-0.022492168	-0.092432481	-0.10904973	0.144711799029065	0.0032469883	-0.00085355366	-0.0010203704	0.0558318674904676
-0.00835187	-0.1001037	-0.085914791	0.132181147667739	0.0031266278	-0.001047889	-0.00078042551	0.072678492452297
0.014164321	-0.092558682	-0.095259825	0.133574592876036	0.0030735773	-0.001287237	-0.0007062629	0.0577342984702733
0.0032241617	-0.081218547	-0.098518138	0.127721067606116	0.0028999233	-0.00089648476	-0.0004816611	0.0649890091411879
0.0082113839	-0.10170612	-0.13362824	0.16813110419106	0.0030658666	-0.0011232167	-0.00059725792	0.0859985001629792
-0.0060826425	-0.059410028	-0.095379832	0.112533827443537	0.0023418434	-0.00073803615	-0.00059605077	0.150359070490236
0.012351803	-0.06100732	-0.06910943	0.0930084590016312	0.0028745378	-0.001182575	-0.00081200523	0.105961524481088
-0.016210378	-0.070741814	-0.051580659	0.0890378851152012	0.0025619227	-0.00038064822	-0.00019266212	0.142519693867019
-0.083837861	-0.0030751572	0.020372634	0.08633242580258	0.0011290363	0.00054237855	0.00037330392	0.353341385154922
-0.037303902	-0.049319379	-0.0079738471	0.062350336702743	0.0023435835	-0.00024002424	0.00055433932	0.230023926657306
-0.056842488	-0.052824828	0.001732226	0.0776178555628459	0.0022765102	0.00016329834	0.00047612311	0.0601807124616909
-0.039019017	-0.060423856	-0.0029884407	0.0719892828091268	0.0020768887	0.00024475787	0.00093837909	0.0673100159765201
-0.040075344	-0.063774248	0.023668474	0.0789517863393382	0.0018054479	0.00033851241	0.00085914479	0.0532851156555806
-0.0061745419	-0.050862559	0.023997284	0.0565773321665134	0.0017015354	-3.1987946e-05	0.0010358799	0.0796986992802059
-0.0070075347	-0.044237585	0.026835594	0.052213203067201	0.001814435	0.00045505405	0.0013037814	0.0536884313162545
-0.01452901	-0.052044832	0.039886428	0.0671616245194196	0.001719236	0.0006159126	0.001196525	0.0465452537869606
-0.013351067	-0.087613755	0.0053967776	0.0887893364301276	0.0027575316	0.00067182041	0.0014269738	0.137469124542176
-0.023799819	-0.10747333	-0.01578914	0.111203619489931	0.0029426924	0.00081335532	0.0014285818	0.0679094300808679
0.004484669	-0.063527699	-0.0046336059	0.0638541392543246	0.001840453	0.00082467673	0.0017548332	0.155376260737764
0.016379406	-0.097667513	-0.043046376	0.107982491744039	0.0034211347	0.00054353669	0.0016928597	0.180637074825253
0.015139831	-0.10791462	-0.039360831	0.115862222960996	0.0035761493	0.0007239215	0.00180908	0.0377532124767412
0.013017841	-0.090767348	-0.0045615862	0.0918094968721342	0.0030820539	0.00062598201	0.0017460894	0.0868197810462229
0.008849594	-0.086821643	-0.0042809039	0.0873764221365542	0.0029462104	0.00081505946	0.0019132832	0.0330003717709582
0.020931626	-0.12055793	-0.0093503394	0.122718280218491	0.003465505	0.0007435556	0.0020200021	0.0857636222049634
0.034923936	-0.14990367	-0.024386859	0.155838090584705	0.0038399887	0.00077956056	0.0024345207	0.0996249323421074
0.049300181	-0.1472588	-0.031273509	0.158409893596473	0.0038198678	0.00063249222	0.0026013823	0.0406103069836771
0.073095165	-0.15497905	-0.079204129	0.188771563366754	0.0044954667	0.000552728	0.0028642918	0.130359484318653
0.047976723	-0.14197088	-0.086287409	0.17292487868935	0.0046492429	0.00091570571	0.0027000834	0.0792580073835678
0.076010954	-0.13846716	-0.079718159	0.176934463575656	0.0046281141	0.00056193107	0.002996688	0.0716826028533746
0.072625156	-0.13170993	-0.098908434	0.180013325231666	0.0048592449	0.00085716755	0.0031608148	0.0638580069114528
0.074444934	-0.14572424	-0.10721702	0.195635098332386	0.0051958303	0.000975411	0.0034647982	0.0620832863585942
0.071048758	-0.1316749	-0.10473163	0.182633292763969	0.0048108165	0.00084565161	0.0034947556	0.0471674353764907
0.083145077	-0.14632212	-0.10618313	0.19899277305276	0.0048956868	0.00066098271	0.0035472384	0.044296138985305
0.10217654	-0.14068382	-0.10952146	0.205491928641238	0.005437505	0.00024159295	0.0032885805	0.0890013854788944
0.093279815	-0.14453675	-0.098642691	0.198298705176605	0.0055275663	0.00052867857	0.0035781314	0.0569633148986096
0.096243233	-0.16391906	-0.11931771	0.224430243169721	0.0058593978	0.00084036923	0.0037833765	0.0854591098427795
0.058046581	-0.18442341	-0.13494174	0.235776743798122	0.0062081703	0.00090872472	0.003129447	0.127877905828374
0.047755597	-0.17560737	-0.14775315	0.234413179616816	0.0060263401	0.0010115973	0.0028370942	0.0607712129331504
0.067048598	-0.18178271	-0.14738723	0.243440883410701	0.00627086	0.00080296871	0.0030008347	0.0566787104414778
0.080259646	-0.19107235	-0.14136665	0.250868059829844	0.0065598494	0.0007543146	0.003186528	0.0546881084361393
0.069441927	-0.16676122	-0.11715742	0.215307563226233	0.0059957233	0.0011708982	0.0034077261	0.119433468452825
0.074453006	-0.16486417	-0.12031842	0.217255533516459	0.0061223071	0.00082103695	0.0030094817	0.0538036012749722
0.076090408	-0.17583165	-0.12204808	0.227161293276419	0.0063769853	0.0006010388	0.0030726138	0.0412249644428791
0.077448672	-0.1786049	-0.12731111	0.232607235115346	0.0064729637	0.00032522205	0.0030317065	0.0300296664543014
0.084922382	-0.2014648	-0.12517054	0.251927649708176	0.0067266291	0.00049053217	0.0029446623	0.0577751659552096
0.08912233	-0.16723337	-0.11508469	0.221707635453951	0.0061457706	0.0004786159	0.0030998271	0.0859142060839226
0.087690672	-0.16329578	-0.13412965	0.228792326643055	0.0060951618	0.00057235116	0.0032054077	0.0369104409955622
0.10544792	-0.17317786	-0.14772006	0.250860620968915	0.0061298061	0.00028182238	0.0035660744	0.0755217268510835
0.11295324	-0.19469285	-0.17888579	0.287513245141062	0.0066860711	0.00043095435	0.0037485949	0.104581913121828
0.13369194	-0.21067117	-0.14402867	0.288097439197403	0.0069943922	4.9920647e-06	0.0036300166	0.114217224039448
0.11419195	-0.20329254	-0.13405953	0.268960249569105	0.0068774001	0.00022372671	0.0035453052	0.0578696672385948
0.12174925	-0.193111	-0.15188016	0.274193948142894	0.0070203087	0.0002193997	0.0036330127	0.0473066254925137
0.1041117	-0.18385356	-0.16447299	0.267755003764829	0.0067048088	0.00070153692	0.0036854262	0.0819903507007818
0.10118664	-0.21892248	-0.19016853	0.307131662591471	0.0077380815	0.00065760613	0.0037972196	0.123139362198629
0.11481873	-0.23273734	-0.19708699	0.325873122267469	0.0081622536	0.00060524668	0.0038019783	0.0584299223407051
0.12562379	-0.26467826	-0.20475351	0.357435193829471	0.009129834	0.00036783458	0.0039511843	0.118122423077993
0.1416349	-0.24925443	-0.17694759	0.336895629801639	0.0085058689	0.00028805147	0.0042728228	0.110510194923517
0.13678201	-0.27619494	-0.20052818	0.36770166455342	0.0087938675	0.00044986921	0.0044519585	0.0868215919294311
0.12432006	-0.27220634	-0.21340738	0.367552008147233	0.0087896577	0.0005582566	0.0040427899	0.0554180393546335
0.1445044	-0.25642714	-0.2086505	0.360792781105983	0.0088769898	0.00038234878	0.0044318533	0.0733355858645793
0.14686291	-0.26343543	-0.20218834	0.363107511551205	0.009130252	0.00037262287	0.0045332415	0.0340477754639837
0.16251758	-0.25957138	-0.19436021	0.362719114957297	0.0090279074	0.00032886697	0.0048119464	0.0485871199524905
0.14246847	-0.25868821	-0.20531497	0.359681931493988	0.0093099179	0.00040876916	0.0045625337	0.0624533094198885
0.14552626	-0.29376336	-0.23302869	0.402215333361613	0.010133765	0.00061275457	0.0047844463	0.128333914294623
0.13321745	-0.30762736	-0.23625825	0.410121253165615	0.01047644	0.00095191038	0.0048258342	0.0655633053347462
0.16991386	-0.3463548	-0.23216237	0.450257407875935	0.011078443	0.00056226398	0.0051691367	0.14626732433794
0.14250314	-0.32543873	-0.25137875	0.435211199126855	0.010952908	0.00096097164	0.0047441591	0.11500418270393
0.14739691	-0.30838567	-0.25943381	0.429107763050277	0.010786011	0.00070998971	0.0046105722	0.0575751814524113
0.14609562	-0.29455048	-0.2539344	0.415435428141095	0.010401292	0.001121744	0.0050785064	0.0838562640224765
0.1438251	-0.30606215	-0.26124728	0.427328726345458	0.010559141	0.0011740344	0.004904161	0.0403193099804678
0.13820357	-0.31042576	-0.25307433	0.423687379723861	0.010869552	0.0010288668	0.0045840772	0.0569412098629946
0.15748794	-0.32007285	-0.25404311	0.437934906454188	0.01100858	0.00085178659	0.0047503391	0.0540187454732584
0.16346268	-0.29740694	-0.2506691	0.421907493898551	0.010670885	0.00089787633	0.0048967376	0.0585238219130301
0.1308203	-0.28459165	-0.2601755	0.407182574457776	0.010542475	0.0011725234	0.0045998128	0.0899631633978907
0.13025448	-0.29173161	-0.26563256	0.41549274213326	0.010400029	0.0011866981	0.0045261588	0.0246765749931401
0.15423383	-0.32184862	-0.25031704	0.435928008995447	0.01115586	0.00078285453	0.0045993403	0.131054682462404
0.16188823	-0.32192127	-0.23109924	0.428074715230324	0.011065486	0.00088297679	0.0049504532	0.0540253079061936
0.17592461	-0.31930315	-0.23836801	0.435572357014233	0.010824476	0.00084759912	0.0053372165	0.0570808183502128
0.15927468	-0.3015197	-0.23511812	0.414201742547671	0.01040559	0.0011225234	0.0053381245	0.0724191838035839
0.14821148	-0.32015244	-0.26688009	0.442367731734755	0.011107294	0.00094107624	0.0051060978	0.117216802241716
0.14924786	-0.36678522	-0.29841855	0.495842668907316	0.011719038	0.0012055189	0.0054979754	0.142610832359155
0.15770143	-0.32858752	-0.25906738	0.447163735899793	0.010691297	0.0011652144	0.0054013449	0.144236237736415
0.16605479	-0.34101896	-0.28002045	0.471465350561023	0.011554529	0.0010696692	0.0055482083	0.0970198986514706
0.16703974	-0.32877374	-0.27887299	0.462346830209092	0.011357421	0.00083524223	0.0053792549	0.0444020484471584
0.17572993	-0.32478603	-0.28221462	0.464770981584167	0.010963782	0.0010282813	0.0058006278	0.0664220782020722
0.16735925	-0.32783677	-0.27322296	0.45840686316389	0.011206919	0.0011090661	0.0057510666	0.0390872299687039
0.14818643	-0.32069632	-0.25599661	0.436279282145255	0.011254233	0.0012540303	0.0055227165	0.0645710349686265
0.15611518	-0.34450252	-0.28409487	0.473036817671838	0.011949351	0.001250006	0.0057130213	0.104305564285905
0.1675112	-0.369953	-0.285213	0.496257674704825	0.012334528	0.0016837718	0.0060777432	0.0971478646098424
0.16383744	-0.30605808	-0.24052365	0.422333850512083	0.01085143	0.0017268504	0.0059246194	0.19622304319612
0.15654966	-0.27161288	-0.22167255	0.383953215967144	0.010242999	0.0020819226	0.0060863015	0.116843344428694
0.14848767	-0.29960559	-0.21574021	0.397939613398969	0.010493314	0.0024026772	0.005991749	0.0752681448968129
0.16955632	-0.32353098	-0.18653337	0.410141852040559	0.010778434	0.0020886645	0.0062774015	0.118440139838646
0.16905521	-0.28988234	-0.12694084	0.358783238086627	0.0090909117	0.0019970267	0.0064446632	0.19106335997696
0.1608137	-0.23840626	-0.13489361	0.317639539311008	0.0077866795	0.0019191335	0.0063900789	0.139505840376745
0.14398756	-0.28173764	-0.15446469	0.352090692413644	0.0086263034	0.0026968629	0.0065385887	0.168021752779993
0.12881447	-0.24816413	-0.14150305	0.3133715307097	0.0078276208	0.0027795754	0.0059613668	0.134639088536745
0.13308671	-0.2091878	-0.11956975	0.275260845676472	0.0068368901	0.0027113387	0.0058790199	0.122247582972239
0.14633064	-0.24329309	-0.13828056	0.315793757250632	0.0078987606	0.0024038731	0.0058462233	0.13616666244493
0.17685221	-0.2768684	-0.17027279	0.370034644479173	0.0090929074	0.0017684327	0.0060582442	0.198169510898022
0.17949852	-0.28517028	-0.20661771	0.395262805438499	0.0096659325	0.0014958729	0.0060494158	0.0900137745658207
0.15728452	-0.29870182	-0.21230672	0.398792353061216	0.0099331403	0.0018681228	0.0060980589	0.0758395898525492
0.14666977	-0.29923166	-0.22639055	0.402870064546264	0.010128752	0.0019194245	0.0059296733	0.0459933699741786
0.15083149	-0.32338074	-0.2594009	0.441150845289202	0.010672844	0.0016913539	0.0058301953	0.10490317963767
0.14420881	-0.25605239	-0.23930237	0.378978405181542	0.0093828895	0.0019388546	0.0059310287	0.175963985494483
0.15399757	-0.27274701	-0.23547945	0.391863183269553	0.0095706955	0.002026524	0.0062457591	0.0598165899198466
0.1836337	-0.30896471	-0.24204381	0.43331943616735	0.010389091	0.0015277779	0.0063616686	0.14407074359634
0.15706072	-0.24498741	-0.23129601	0.371732087755882	0.0092401562	0.0020926293	0.0060630751	0.201917061409386
0.1674548	-0.27013305	-0.22833386	0.391342977920701	0.0096036228	0.0017572871	0.0062977719	0.0851771497944682
0.18538633	-0.27826169	-0.2115718	0.395676997092028	0.009489053	0.0019057866	0.0067790869	0.0800414447577458
0.18114597	-0.27325572	-0.20049909	0.384294725504771	0.0092089911	0.0016706081	0.0066330422	0.053383294920648
0.18755428	-0.29661921	-0.20415617	0.40600407071409	0.0098024242	0.0021299482	0.0070857665	0.10870375416939
0.21663434	-0.31169237	-0.20610521	0.431928151863937	0.010192342	0.0018354678	0.0075691934	0.104493514587925
0.16005651	-0.27598667	-0.22709525	0.391610751874398	0.010130232	0.0019809651	0.0066434321	0.169941998340149
0.15415739	-0.28727388	-0.22439813	0.395784415773743	0.010281849	0.0018791438	0.0066802459	0.0343960549904357
0.16006087	-0.29824357	-0.25109563	0.421447178845225	0.010981327	0.0017958542	0.0065743698	0.0880028542833379
0.1654413	-0.28906192	-0.24524212	0.413607682184302	0.010540472	0.0019435943	0.00659305	0.050779354814765
0.1610077	-0.30424569	-0.25586672	0.428901734370968	0.010616015	0.0018492128	0.0064275031	0.0470155399878983
0.15380737	-0.27780197	-0.23486585	0.394958996730572	0.010079062	0.0020323875	0.0061964931	0.102201804638984
0.1533386	-0.31123778	-0.25827224	0.432534659771799	0.011029041	0.0017422928	0.0061191266	0.123182978162096
0.15851341	-0.28447629	-0.25420697	0.413127636837059	0.010546713	0.0018722351	0.0063585087	0.0785841897330823
0.14152009	-0.30193718	-0.25454546	0.419508507358995	0.011020942	0.0017392678	0.0060398592	0.0810849897055071
0.16531542	-0.29482091	-0.25479281	0.423282332599295	0.010726556	0.0016112467	0.0063393408	0.0672533848865191
0.16566608	-0.29080734	-0.27654185	0.434153836631515	0.010983541	0.0015275536	0.0061751552	0.0513564549542004
0.13755997	-0.28301528	-0.26956855	0.414352020881981	0.010730243	0.0015162463	0.0057681575	0.0764516198256853
0.14281811	-0.2580913	-0.25576571	0.390415458315198	0.010427517	0.0019900407	0.00616467	0.102636604590747
0.14560153	-0.28872604	-0.26748973	0.419658536631742	0.010995594	0.0017339728	0.005995469	0.0948094745730008
0.14373258	-0.27711979	-0.26734098	0.411005635180907	0.010773216	0.0017391453	0.0060517232	0.0278141849767183
0.14738491	-0.30985867	-0.28316731	0.444880245147515	0.011015003	0.0014740357	0.0060083627	0.0797303949315639
0.12843627	-0.29029086	-0.2634186	0.41249729414508	0.010165429	0.0017455888	0.0058314279	0.123168253669238
0.14894021	-0.30228262	-0.25230736	0.420971462713422	0.010438525	0.0013939249	0.0059359189	0.0800694848645872
0.17538022	-0.32768755	-0.2856004	0.468726935936491	0.011312086	0.0013731265	0.0061366886	0.139894433594325
0.17127247	-0.33633441	-0.29093483	0.476548181863154	0.011582446	0.0011767198	0.0062664331	0.0479145999384949
0.16122093	-0.31346674	-0.29260883	0.458119539804036	0.011594179	0.0014995504	0.0062674061	0.0513700399299023
0.13776626	-0.31073955	-0.28342374	0.442569346796836	0.011595153	0.0017942958	0.005867556	0.0701454248134709
0.1372543	-0.32261941	-0.28167954	0.449739246488284	0.011757771	0.0017333245	0.0058830252	0.026088944990561
0.15981183	-0.33609074	-0.28595837	0.469328238970077	0.011906566	0.0014016831	0.0059163141	0.0659939549170685
0.15826524	-0.32171297	-0.28042513	0.455176201919647	0.011527103	0.0013251701	0.0058119237	0.0494759198828642
0.12601481	-0.29847325	-0.27926332	0.427731241788954	0.011274995	0.0018410274	0.0056137035	0.104961234664404
0.1405238	-0.33718686	-0.2752305	0.457377027247051	0.012196151	0.0015147326	0.005506414	0.124992433296662
0.1139995	-0.33232688	-0.31139779	0.469473774334274	0.012094197	0.0017909683	0.0055238826	0.0873344849538676
0.13814353	-0.26171516	-0.23232469	0.376235592997636	0.0096938545	0.0017475663	0.0054543093	0.299494711186798
0.14475276	-0.17897888	-0.17676801	0.290230478022264	0.0080480794	0.0016084953	0.0056238215	0.242620095697361
0.14539147	-0.28730051	-0.23519497	0.398744199341284	0.01049414	0.001736327	0.0059953998	0.314660799398558
0.13379438	-0.30354741	-0.23962576	0.409221787167876	0.010652707	0.0017846633	0.0056730988	0.0587349949217087
0.11895482	-0.31854925	-0.26545613	0.431382464677659	0.011381447	0.0020535801	0.0056608261	0.106168244153219
0.10585163	-0.30083915	-0.23000395	0.393205517206946	0.010792811	0.0022150653	0.005480183	0.112803684554034
0.087380829	-0.29965443	-0.21520603	0.379132987279811	0.010417402	0.0021136392	0.0048119947	0.0917046102660827
0.084791051	-0.30551988	-0.20757726	0.37897260887036	0.010320912	0.002191537	0.0047781202	0.0264971129970626
0.09503704	-0.32565064	-0.22215481	0.405503560909775	0.01073728	0.0018824094	0.0045724144	0.0915143687699435
0.11119359	-0.29322807	-0.21794829	0.381900736588629	0.010616135	0.0015788648	0.0046208495	0.0764418749377918
0.14438485	-0.29709013	-0.25892032	0.419701396664154	0.011077988	0.0012317129	0.0052481314	0.149839689193378
0.091573532	-0.2864622	-0.28459496	0.414053855252184	0.011068308	0.0015755374	0.0048365	0.127370682770014
0.12603082	-0.34459663	-0.32723185	0.491641422839504	0.012469172	0.0014660269	0.0056163888	0.24974176628178
0.13018973	-0.28371674	-0.26383061	0.40871890722925	0.010952391	0.001648547	0.0054900912	0.219719967713253
0.13557202	-0.26219113	-0.26091015	0.39395185953436	0.010700095	0.0015328191	0.0052640023	0.0595339999392371
0.12717667	-0.27791509	-0.30327784	0.430567243153799	0.011622504	0.0016564197	0.0053078505	0.120979888360847
0.13846707	-0.25556381	-0.26706767	0.394729186677816	0.011255811	0.0015363007	0.0055729487	0.107447359854853
0.15609953	-0.28327421	-0.27905712	0.427181714894305	0.011926983	0.0015166128	0.0063256088	0.129508308481809
0.14400823	-0.27598875	-0.27383593	0.414601347071208	0.011571834	0.0017482684	0.0060637163	0.0670328048433553
0.14299071	-0.30629536	-0.27893042	0.438252632513725	0.012005042	0.0020192786	0.0062269067	0.0797890497801032
0.16767175	-0.31013015	-0.29487902	0.459617408420575	0.012454417	0.0018136777	0.0065545861	0.0935971947195393
0.16077538	-0.29253304	-0.28283137	0.437513298268593	0.011717998	0.0021273725	0.0063867913	0.0974365590938275
0.18154913	-0.3013103	-0.25526082	0.434633258871108	0.01179193	0.0021645346	0.0066817376	0.0774235799455963
0.19316413	-0.27694125	-0.23069998	0.408939259355494	0.011463093	0.0021166823	0.0069289657	0.0917407598942104
0.16290406	-0.27651554	-0.2447858	0.403631842782027	0.011658697	0.0025133265	0.0068191079	0.0798768998516406
0.1437815	-0.28152685	-0.27738986	0.420565834851087	0.011840209	0.0025845165	0.0066478535	0.0779357499763259
0.135335	-0.26361665	-0.28789584	0.413150475095368	0.011405748	0.0026482342	0.0063664219	0.0758431947821742
0.1452661	-0.26187396	-0.27948302	0.409622959810131	0.01112666	0.0027036395	0.0064247138	0.0397258699539451
0.14480407	-0.25881763	-0.2507739	0.388384259733311	0.011151161	0.0028146915	0.0064910335	0.0423211149965085
0.16445161	-0.28589111	-0.26567772	0.423512348949854	0.011991053	0.0027003149	0.0070214825	0.13586071845161
0.1598574	-0.29917357	-0.26128468	0.428169239114637	0.012214241	0.0023938659	0.0068597633	0.0568375199080708
0.16027006	-0.2975811	-0.27418119	0.435219861862289	0.012245198	0.0025167282	0.0069908913	0.0291490049913771
0.18893715	-0.29294892	-0.2793316	0.446701756363067	0.012227047	0.0026198279	0.0074878862	0.0693619597419551
0.15227582	-0.26672862	-0.27592512	0.412876196856626	0.011731639	0.003155319	0.007291568	0.127648974411029
0.15464302	-0.26300214	-0.28935243	0.420487119929023	0.011933099	0.0030247137	0.0070793859	0.0467333599584229
0.16718759	-0.2477193	-0.28508787	0.413027402799905	0.011616777	0.0030007371	0.0071974401	0.0550096099306039
0.14805884	-0.26208581	-0.27189878	0.405634488759265	0.011864096	0.002801623	0.0067086328	0.0934463697087211
0.15672221	-0.2806434	-0.27869461	0.425433020243958	0.012244929	0.0027115915	0.0069169915	0.0679779498645647
0.14110649	-0.27992664	-0.27059425	0.414114976105516	0.011690959	0.0028796337	0.0067261012	0.0700779646214481
0.1195158	-0.31131571	-0.27763504	0.433915559963279	0.012251343	0.002796772	0.0065063147	0.103172159610076
0.1244666	-0.26566368	-0.25979228	0.391868797091961	0.011716966	0.0028826014	0.0063294614	0.10829857466925
0.15439855	-0.2692569	-0.26987059	0.411300772898205	0.011907566	0.0026184813	0.0068820507	0.0939689495956564
0.15148881	-0.27026912	-0.25064315	0.398517559741993	0.011669675	0.002941968	0.0068422137	0.0532101349012983
0.16964902	-0.28344123	-0.24096398	0.408880618895435	0.011861615	0.0026208342	0.0069847061	0.073789799910246
0.17675316	-0.26288829	-0.24986105	0.40346310475211	0.011713842	0.0026337138	0.0071432278	0.0525128649849738
0.16556941	-0.30050487	-0.25705275	0.428710301607073	0.012306491	0.0027157163	0.0071957228	0.0923493545648877
0.15018569	-0.26822193	-0.27126311	0.409978560488927	0.011761101	0.0027915649	0.0070929402	0.0980780796588571
0.15369288	-0.29790252	-0.27087455	0.430976141593415	0.012120433	0.0027066955	0.0071126028	0.0567695399020507
0.13680434	-0.2776342	-0.27580145	0.414563163190578	0.011749901	0.0028745476	0.0067551232	0.086876944788992
0.12996728	-0.2441539	-0.28044543	0.393893716583158	0.011169861	0.0028068954	0.0065036353	0.0899203445596507
0.14905396	-0.27300861	-0.28952373	0.424940906902273	0.011824202	0.0024711453	0.0065752801	0.110106484336708
0.17039132	-0.27591168	-0.26936186	0.421564074269173	0.011905538	0.0019327825	0.0066664821	0.0799473396722233
0.17414701	-0.25634458	-0.27289034	0.412927187834165	0.011727153	0.002124903	0.0066239884	0.0475012299732408
0.15193205	-0.24734425	-0.27738875	0.40150597063036	0.011666121	0.0022418958	0.0063205585	0.0597864349379889
0.18377442	-0.28073238	-0.29048288	0.443806275530096	0.01237579	0.0022012828	0.007038087	0.151715153485635
0.15694542	-0.2685357	-0.2962322	0.429530910820521	0.012188896	0.0026489454	0.0069179101	0.0825116747958831
0.17036519	-0.24904963	-0.29710669	0.423464758167228	0.011653576	0.0024756101	0.0067223386	0.0789916696539719
0.18709263	-0.24888921	-0.28628146	0.422973480722459	0.011497401	0.0026708771	0.0070113866	0.0597375899262413
0.18797961	-0.25751218	-0.26804363	0.416528803575073	0.011520735	0.0024584497	0.0067739758	0.051406389952125
0.13366565	-0.17351979	-0.20452086	0.299673832168753	0.0094815517	0.0030510924	0.0065207768	0.346080351866969
0.11643852	-0.13131624	-0.16287481	0.239437022116598	0.0078397243	0.0030970628	0.0068507822	0.201966880704706
0.097994148	-0.17385778	-0.18620517	0.272950079764603	0.0086800543	0.0034181268	0.0070154112	0.150617420685499
0.061901934	-0.14086453	-0.17501705	0.233035690476295	0.008524947	0.0039184038	0.00648943	0.139341858428218
0.058755885	-0.13012906	-0.15978118	0.214279844504352	0.008176996	0.0038178051	0.0062760285	0.0622149488898691
0.059742025	-0.14854817	-0.160489	0.226698891665684	0.0086144653	0.0038852119	0.0061462379	0.0518464048203848
0.067815046	-0.17388318	-0.15156653	0.24043014321656	0.0086799598	0.003759792	0.0061813817	0.0536334109952141
0.077819276	-0.1663476	-0.1350083	0.227935527752508	0.008468812	0.0036936758	0.0064918543	0.0634848699174372
0.07746987	-0.18229523	-0.16314628	0.256612237269403	0.0092584197	0.0035860527	0.006298528	0.0989628699567145
0.074409903	-0.16480563	-0.13980175	0.228565655003609	0.0084318613	0.0037273455	0.0064189723	0.0983088708140173
0.074785147	-0.17826741	-0.16101795	0.251592662655576	0.0092522977	0.0036657764	0.0064113699	0.0795336178489946
0.069754432	-0.18690164	-0.17396233	0.264689999957235	0.009071768	0.0037846505	0.0064816823	0.0450951349835187
0.087309311	-0.16614365	-0.16526003	0.250075000226368	0.0083387062	0.0035345274	0.006426525	0.0989322781463575
0.091128008	-0.16864287	-0.1671452	0.254327051897601	0.0087496731	0.0034858707	0.0062135024	0.0418353968350174
0.09831769	-0.15229802	-0.15684215	0.23970923027593	0.0084342816	0.0034866145	0.006540196	0.0659790268619997
0.071633807	-0.14403111	-0.18122156	0.242317182143526	0.0090617937	0.0038125077	0.006270672	0.120476667372318
0.075890496	-0.19518459	-0.1844682	0.27907867773772	0.010080383	0.0037083089	0.0063756231	0.120043766793545
0.091547789	-0.21309044	-0.16402586	0.284065161607195	0.0097156845	0.0036436274	0.0065711228	0.0852494678828138
0.08406658	-0.2123737	-0.17907437	0.290236814197447	0.010202673	0.0036189884	0.0062449289	0.0651375286870502
0.10198465	-0.22145765	-0.18654376	0.306990120319991	0.010553598	0.0034501363	0.0062453297	0.0604803048999375
0.15072611	-0.219394	-0.20256254	0.334490164403953	0.010586507	0.002953718	0.0066856293	0.115305234567236
0.16117731	-0.22785624	-0.22277215	0.357105057625058	0.011090262	0.002911625	0.0066848166	0.0664560847335166
0.1460656	-0.23235926	-0.21980403	0.351624511112847	0.011480367	0.0028034914	0.0065984562	0.0518127998723429
0.14828186	-0.20011074	-0.22187881	0.333559626746738	0.01083849	0.0029421361	0.0068123354	0.0862596044231124
0.16460183	-0.22274364	-0.25804139	0.378541742153928	0.011688892	0.0026833241	0.0070111385	0.14051630366627
0.1324865	-0.23613836	-0.26488764	0.378786826025549	0.011931024	0.0031855644	0.006607552	0.109754239569541
0.15499998	-0.23646323	-0.25577203	0.381259995635989	0.011981533	0.0030250143	0.0069382034	0.0590394849157969
0.19091725	-0.24344465	-0.26711657	0.40873702539622	0.011819539	0.0028498781	0.0074825457	0.0983168546439246
0.19423191	-0.26439288	-0.28539479	0.434833089835728	0.012304516	0.0025321498	0.0073826553	0.087670894693459
0.19277252	-0.25565732	-0.29671291	0.436532313463048	0.012298283	0.0025222091	0.0073737446	0.0227672899999959
0.22182461	-0.24495635	-0.28775679	0.438193725648917	0.012218203	0.0023736895	0.0076270264	0.0728032499582541
0.22504833	-0.24619716	-0.26479112	0.425880417087601	0.012032219	0.002352207	0.0076592598	0.0394151949865071
0.230628	-0.25875732	-0.27572967	0.442912492436024	0.012350316	0.0021353832	0.007977041	0.0717134798448513
0.21202791	-0.24789549	-0.27088202	0.424010704275952	0.012118649	0.002308915	0.007706554	0.0680938599219817
0.20147676	-0.2189872	-0.26409097	0.397859672522208	0.011256123	0.0024047971	0.007640265	0.0974853436607293
0.21077766	-0.2400917	-0.27796522	0.423480707817504	0.011983505	0.0021749553	0.0076858698	0.094421079172743
0.23525437	-0.23489156	-0.29119849	0.441944820245255	0.012302457	0.0023457225	0.0084429816	0.105251669017881
0.24589879	-0.2361114	-0.28615795	0.445085587816126	0.012018978	0.0027037124	0.0090314732	0.0784028244323603
0.22114838	-0.26158242	-0.30159971	0.456392762324037	0.012860265	0.0028057006	0.0085623407	0.136283573542203
0.23764867	-0.23631282	-0.28733338	0.441453406954059	0.012256584	0.0024884426	0.0088136428	0.114648274442077
0.21961728	-0.18687175	-0.265602	0.392042374019265	0.011094809	0.0026645815	0.0083074058	0.181411381451514
0.23505935	-0.2312828	-0.28074587	0.433085297742049	0.011930303	0.0022489091	0.0084012682	0.142248428633614
0.21015518	-0.20321375	-0.24517011	0.381535595596672	0.0110864	0.0024126714	0.00814546	0.151722653703884
0.21612759	-0.20561017	-0.2546255	0.392199977583996	0.011619718	0.002694195	0.008492644	0.0759254995503097
0.22436521	-0.21607289	-0.26326945	0.407845613626773	0.011800817	0.0027235206	0.008668172	0.0466419199763068
0.23378996	-0.2243864	-0.28089385	0.428845376411573	0.012073534	0.0025184409	0.0085844615	0.0634380199385521
0.22873299	-0.15990964	-0.27454505	0.391490559475924	0.01087489	0.0024537069	0.0084783331	0.144357846409135
0.23588415	-0.16595474	-0.28084929	0.40256506510525	0.010931831	0.0022011667	0.008525434	0.0373296049658431
0.21911791	-0.15386067	-0.25349225	0.368705960171082	0.010506473	0.0023842742	0.0083882331	0.0935006698214963
0.24112044	-0.16150784	-0.24796794	0.381722344427337	0.010700251	0.0022972427	0.0086409337	0.0618495149498491
0.25199713	-0.15764652	-0.26069745	0.395370888195944	0.011051684	0.0023151058	0.0087885477	0.0533130249028626
0.21826603	-0.16280426	-0.25907033	0.375849335256054	0.011166067	0.0025239997	0.0084927031	0.0714720349239469
0.24514056	-0.15323864	-0.24017287	0.375844359316726	0.010560316	0.0022484277	0.0091307161	0.131304408952276
0.25397232	-0.19977249	-0.29352959	0.436543935122859	0.012062667	0.0026335977	0.0094634837	0.219736752739823
0.24367607	-0.20009372	-0.26345039	0.41087909640822	0.011560918	0.0023803075	0.0091026594	0.0964898546051175
0.24687548	-0.2080941	-0.27259575	0.42256253974779	0.011916584	0.0023127559	0.0087853993	0.0573690348390982
0.25607552	-0.18805805	-0.28891048	0.429429583944683	0.011781385	0.0023097869	0.0088416935	0.0552739299944797
0.22302986	-0.15291333	-0.25839314	0.374021148790236	0.010994666	0.0025666368	0.0082840764	0.178767018589062
0.2436507	-0.17261034	-0.2670457	0.400591311655527	0.01161513	0.0022186805	0.0085258178	0.109478494385169
0.24932766	-0.19414132	-0.27601784	0.419572380133254	0.012273504	0.0021247507	0.0087410817	0.0845584643829581
0.23242138	-0.15709332	-0.24078913	0.369699086008991	0.011078032	0.0022970274	0.0084712205	0.171063481389003
0.22332254	-0.17659656	-0.23917502	0.371838664030364	0.011491591	0.0023215733	0.0082294984	0.0642075398231877
0.24650163	-0.18332878	-0.26254987	0.404110046158175	0.011739341	0.0020808978	0.0086276144	0.0976132348078169
0.24577634	-0.16243835	-0.25096256	0.387007019802318	0.011038525	0.0024194437	0.0088956672	0.0985737641619521
0.25967225	-0.19539639	-0.27299811	0.424425959041935	0.011778297	0.0022172294	0.0091561829	0.129014599102502
0.2361707	-0.16950205	-0.27713674	0.401637046536447	0.011637171	0.0023608054	0.0088278903	0.0841842499142656
0.24817814	-0.19050834	-0.29628689	0.430896435317452	0.012492945	0.0021188673	0.0088672728	0.109018608664692
0.24803664	-0.15009218	-0.26226104	0.390935660155893	0.01154418	0.002372548	0.0093872306	0.160703682893886
0.25967215	-0.1425219	-0.25523516	0.391007806016016	0.011112598	0.0024459168	0.0096810916	0.0661722597788357
0.25561748	-0.14907772	-0.27009627	0.400645052072107	0.011202787	0.0025687539	0.0092966908	0.0553429448762757
0.21234352	-0.11565857	-0.25979844	0.354911122292425	0.010365741	0.0028204372	0.0088390521	0.164309338545291
0.24587691	-0.12379571	-0.2632409	0.380889228146928	0.010820947	0.0025505735	0.0094064248	0.109735109382038
0.25605638	-0.12832749	-0.25923465	0.386310002703822	0.010993	0.0021765461	0.0091287745	0.0599040348357869
0.27326564	-0.12707332	-0.26127263	0.398854767863628	0.010832488	0.0021168047	0.0094520135	0.0476760299205796
0.2847638	-0.13392576	-0.25156526	0.402879151881659	0.010490952	0.0024505512	0.010159277	0.0971852691024947
0.26681037	-0.12126065	-0.25074416	0.385700081089005	0.010187983	0.0025738636	0.0098693515	0.0672499848873856
0.23699562	-0.090233153	-0.27341373	0.372912876624043	0.010076116	0.002725849	0.009229839	0.128680061444883
0.24280214	-0.12264632	-0.26591979	0.380405485911765	0.01094247	0.002677774	0.0092524697	0.0925666106450388
0.27098601	-0.15369723	-0.25167989	0.400498468356379	0.011624537	0.0023212213	0.0095272353	0.139143944201291
0.24149228	-0.12524466	-0.24841044	0.368391765460505	0.010863495	0.0025667372	0.0092089794	0.127456438983712
0.26821071	-0.13089696	-0.26308646	0.397851083360693	0.011336661	0.0024763512	0.009734931	0.101521929474656
0.25245851	-0.12638145	-0.25825741	0.382628357542186	0.011261292	0.0023960907	0.0091871958	0.0602649946556806
0.25095846	-0.064942426	-0.24430417	0.35620527062317	0.0098201811	0.0023734839	0.0092456735	0.153002077764351
0.27303305	-0.11483133	-0.26978649	0.400647015374371	0.010866246	0.0021642443	0.0096247108	0.17916290148276
0.26667031	-0.079421769	-0.26354	0.383241703402155	0.010142094	0.0026391736	0.0097284722	0.113160924983367
0.2929972	-0.15014147	-0.27997619	0.432176453764567	0.011420782	0.0021919204	0.0099620798	0.211460216431407
0.2864357	-0.13039358	-0.24135075	0.396608220370265	0.010511091	0.0022291713	0.010019422	0.115149033431159
0.29076924	-0.14566168	-0.25973862	0.416206951732073	0.011331269	0.0022402555	0.010298952	0.0935291188050621
0.27675614	-0.11863314	-0.2436491	0.387340505065981	0.011012309	0.0022035512	0.010217739	0.0789750249311778
0.27018314	-0.12651128	-0.25165108	0.39029770582552	0.011023583	0.0022606406	0.0099991611	0.0368001849778535
0.27430614	-0.11780318	-0.2628575	0.397763136761141	0.010803878	0.0022428327	0.01003296	0.0376031099778136
0.27815947	-0.07799792	-0.2555908	0.385724024815213	0.01006688	0.0022616446	0.010250054	0.0995704841446863
0.27235068	-0.092000809	-0.27298534	0.396434152928368	0.010781028	0.0020761804	0.010042214	0.0925788282092118
0.26989448	-0.071617018	-0.27481922	0.391787737535379	0.010049448	0.0024917614	0.010387734	0.0993079199488082
0.28013176	-0.10029565	-0.2979519	0.421079986562209	0.010645366	0.0024896648	0.010347756	0.093948221558989
0.26118374	-0.10590175	-0.29111726	0.405193022846344	0.010765714	0.0025118975	0.010019736	0.0549187949228165
0.27743929	-0.1173118	-0.30666704	0.429859618337552	0.011107246	0.0023179609	0.010175977	0.0778008598938626
0.29395812	-0.10320919	-0.30507647	0.436044912551507	0.01092555	0.002349119	0.010334896	0.0508006649790788
0.27059451	-0.15020351	-0.32682074	0.450104742646207	0.011985504	0.0022719196	0.0097935594	0.176026697187589
0.33314081	-0.13735385	-0.31034498	0.475565858749847	0.011466993	0.0020960775	0.0108701	0.180416402098987
0.28827265	-0.11163298	-0.28462701	0.42020896918467	0.010938194	0.0026824533	0.010629787	0.164081389242994
0.25547991	-0.11982464	-0.30785308	0.417613993575675	0.011364149	0.0026873346	0.01006064	0.114209634454902
0.28871934	-0.11451544	-0.29456915	0.4280696525335	0.011000677	0.0025775235	0.010690729	0.10700116437605
0.29048367	-0.12403955	-0.29354752	0.431203802162066	0.011265832	0.0024194915	0.010487691	0.0436213199355018
0.26682896	-0.11383493	-0.28293155	0.405223823544703	0.010805984	0.002751413	0.0099206548	0.112415584341402
0.24994241	-0.10003139	-0.24285441	0.362568271858402	0.010066732	0.003040466	0.010112578	0.131778639093299
0.25171203	-0.094237362	-0.23170122	0.354859242225602	0.01001689	0.0027872754	0.0099151641	0.0437391629498991
0.25254056	-0.099642007	-0.22588386	0.353169622437436	0.010382365	0.0026598055	0.0097733352	0.0437892248880388
0.23183206	-0.095601081	-0.20326183	0.322801862242399	0.0097544834	0.0031764903	0.0095754584	0.114493615180798
0.23172127	-0.062418458	-0.18249761	0.301489947635444	0.008825033	0.0031945787	0.0097044337	0.107883336322743
0.22426294	-0.054715795	-0.18166947	0.293754116243512	0.008500908	0.0031475782	0.0096493341	0.0373003879284944
0.22889083	-0.059805876	-0.17424597	0.293818673544513	0.0087076469	0.0030314709	0.0094977417	0.0408634009710728
0.24496851	-0.06743325	-0.20080129	0.323848687140842	0.0094047977	0.0026639354	0.0093151243	0.112625558177987
0.24370946	-0.063821091	-0.22882128	0.340333087916471	0.009382527	0.0023642391	0.0092565431	0.0519186089434788
0.22550264	-0.046090427	-0.22905038	0.324715020727647	0.0089641738	0.0026938152	0.0091048997	0.081145218765613
0.22279262	-0.055442977	-0.21288343	0.31309715743464	0.0091324393	0.0027695261	0.0089463884	0.0483539049808732
0.25019848	-0.060219692	-0.23921392	0.351353084831558	0.0096583666	0.0024368663	0.0091128622	0.10976610961063
0.27170914	-0.052739107	-0.24810123	0.371700807766421	0.0095389305	0.0020153197	0.0093326035	0.0759147548182838
0.25772967	-0.04913953	-0.25515052	0.365979595145959	0.009795096	0.0023665881	0.0093355	0.055144856874682
0.2513114	-0.059883482	-0.25264315	0.361347495395121	0.0099621688	0.002164581	0.0092760076	0.0410982069726721
0.27207723	-0.086446381	-0.25548716	0.383109233505714	0.01036379	0.0026140041	0.0097701549	0.117432318424546
0.28637109	-0.10267545	-0.27437933	0.409676294105162	0.011065747	0.0024817158	0.010108528	0.10804601819387
0.26473281	-0.079206402	-0.25467603	0.375788497781455	0.010824444	0.0022303059	0.0095988206	0.114931642661742
0.26671328	-0.10566835	-0.25981357	0.387046334534027	0.011147521	0.0023415687	0.0098861835	0.0696650928774386
0.27630373	-0.10856647	-0.24646411	0.385843215747363	0.01086086	0.0021904299	0.010038424	0.055340044936381
0.28091198	-0.12919303	-0.28155149	0.418178934224718	0.011965803	0.0018455273	0.009886693	0.140401017096779
0.24401446	-0.11988451	-0.27235419	0.384827438259784	0.012035664	0.0022728806	0.0092438549	0.112405959283259
0.30107099	-0.13625577	-0.27361081	0.429036421795084	0.012019111	0.0017240281	0.010038747	0.142699288609176
0.27510354	-0.14047939	-0.29338399	0.426017115059505	0.012359286	0.0019321109	0.0097950073	0.0895641248690527
0.24272522	-0.14326762	-0.31565833	0.42318001448899	0.012515144	0.0020455518	0.0093136311	0.0949746447566836
0.22788253	-0.11500091	-0.28249034	0.380731465699047	0.011631923	0.0021475952	0.0090662468	0.137909823530865
0.25427679	-0.13677027	-0.28590777	0.406332432418272	0.012009458	0.0019797729	0.0094439969	0.0977364197657483
0.27212231	-0.13149263	-0.30268028	0.427733813539369	0.011789533	0.0020977877	0.009781866	0.0736861148940618
0.247406	-0.12055045	-0.2944358	0.403031735912747	0.011431918	0.0019971543	0.0091352286	0.099147259339294
0.22659317	-0.1374518	-0.30714309	0.405677630328118	0.011699699	0.0020976172	0.0089951104	0.0758395749521529
0.2885633	-0.1556982	-0.30248879	0.446105565607283	0.012126541	0.0019607626	0.010185382	0.172569236319491
0.29302145	-0.15154346	-0.31003903	0.452715352680042	0.01208316	0.0019031482	0.010140058	0.0234790999992374
0.25573243	-0.17046621	-0.31571466	0.440605890841673	0.012849845	0.0018113485	0.0094810517	0.137761948463261
0.25871857	-0.15605223	-0.33941329	0.454410583480889	0.013060066	0.0016290078	0.0097109967	0.0722240849426854
0.24517322	-0.15507062	-0.33247218	0.441242059947038	0.012889196	0.0016731074	0.0094899495	0.0432689099669263
0.26098112	-0.15412088	-0.34502528	0.459245941176955	0.012906029	0.0013895675	0.0093633487	0.0506594249482728
0.20721877	-0.17427271	-0.31754566	0.41730785072401	0.013081127	0.0021587944	0.009047223	0.16441632897475
0.15906753	-0.11677892	-0.24063573	0.31119985509203	0.0114603	0.0025922273	0.0088673338	0.294262405947312
0.10986169	-0.12043898	-0.18206765	0.244384467611219	0.010214083	0.0028680931	0.008325898	0.21460990559341
0.14262874	-0.024457403	-0.14444634	0.20446483114435	0.0098884822	0.0025471144	0.0075778715	0.236100235987204
0.19534177	-0.24236441	-0.23992604	0.393018344370161	0.012288595	0.00228984	0.0083224276	0.536196872300558
0.16560072	-0.23762315	-0.20689071	0.355938373549053	0.011200367	0.0016861944	0.0077269313	0.181886131416965
0.13195789	-0.13211392	-0.18602784	0.26357793884558	0.0091094434	0.0020982677	0.0077156496	0.285728840809562
0.095593614	-0.16459164	-0.18608941	0.266191313738106	0.0095044925	0.0026066204	0.0075243369	0.123639290583282
0.11084783	-0.16620516	-0.1157123	0.230869515089421	0.0094467698	0.0025148907	0.0074165968	0.100104470995386
0.096415785	-0.18211473	-0.069929503	0.217604949093457	0.0091899535	0.0030136668	0.0073773621	0.115865766706077
0.083574844	-0.14045244	-0.10872553	0.196297945290721	0.0092523103	0.0032152678	0.0071711675	0.116806877964161
0.10560441	-0.094629472	-0.081891523	0.163747518826107	0.008493698	0.0032883158	0.007655686	0.160495479852687
0.095445551	-0.059065509	-0.12337385	0.166792369198789	0.0080117422	0.0031727257	0.0075420623	0.122763628760499
0.10669568	-0.061847164	-0.12886003	0.178364646601018	0.0077981499	0.00304095	0.0075297678	0.037401088974928
0.10161793	-0.06943499	-0.1406032	0.186860058289686	0.0081657446	0.0030148312	0.0072474638	0.0582096208496089
0.13806523	-0.079736962	-0.16953813	0.232729818389993	0.0085074478	0.0024109562	0.0072913898	0.125159411457928
0.12010677	-0.035192004	-0.15600332	0.200002872970343	0.007430973	0.0025795165	0.0072670885	0.139505045391208
0.12269632	0.026000961	-0.15566878	0.199907993790029	0.0066448234	0.0026298642	0.0075324611	0.119210548948582
0.13049151	0.029155645	-0.15486928	0.204603469435796	0.007029176	0.0024174125	0.0075704714	0.0434901038616181
0.12852089	0.023499445	-0.16234191	0.208386033179165	0.0070992291	0.0023343588	0.0072743679	0.0375599649440037
0.12719772	0.032780104	-0.13829187	0.190731320185087	0.006737573	0.002544558	0.0072420891	0.0648605738820336
0.15202908	0.017206124	-0.13520755	0.204181226967007	0.0069567839	0.0025620371	0.0074713209	0.0667857499529486
0.14398824	0.031398386	-0.1348253	0.199740665418418	0.0066675724	0.0026120187	0.0075664021	0.044329066947552
0.12988485	0.037950099	-0.14554517	0.198730170794374	0.0066598531	0.0027747291	0.0074229735	0.0470678879848776
0.13740688	0.036644638	-0.14170002	0.200754516346422	0.0070025385	0.002551491	0.0074706687	0.0433535758927577
0.15232621	0.022792151	-0.15036949	0.215252734995472	0.0072056967	0.0023637097	0.0073077248	0.0651354569597233
0.17515886	0.0098307057	-0.13620613	0.222102181125347	0.0070050513	0.0015570624	0.0072000191	0.105707374187091
0.18111984	0.024802314	-0.14642494	0.234221720332218	0.0066556977	0.0016843676	0.007435159	0.0667413331797872
0.15075778	0.058047942	-0.14129435	0.214619582384475	0.0062855661	0.002075981	0.0073416703	0.111499962767537
0.16684271	0.051656254	-0.13013695	0.217808365800671	0.0064889338	0.0017184518	0.0072597101	0.0657768728861178
0.15465853	0.062364619	-0.13197424	0.212663599678821	0.0061551914	0.0018600578	0.007189947	0.0519854099159321
0.14510545	0.061422129	-0.14626479	0.214992228567312	0.006378461	0.0018383059	0.007071522	0.0429584449733313
0.13845224	0.036461856	-0.16115209	0.215565502377701	0.0064154425	0.0019115145	0.0072647473	0.0616715529840475
0.16700513	0.033051904	-0.15738282	0.231845840668955	0.0061795004	0.0015217019	0.0070720958	0.0766524218343369
0.14586864	0.067049979	-0.13135049	0.20742784538868	0.0057732474	0.0020421775	0.0070235113	0.129932549566339
0.13645206	0.084759033	-0.12639279	0.204397641173578	0.0056371951	0.0023104636	0.0068940532	0.058773158950003
0.14113502	0.06072884	-0.1253591	0.198297730271821	0.0066873548	0.002170107	0.006816381	0.093156265580444
0.13115847	0.065282545	-0.094255951	0.174208321366496	0.0065358659	0.0021352782	0.00664869	0.0633338389828453
0.13391301	0.034088201	-0.12875592	0.18887240833357	0.0073196065	0.0020709903	0.0067585725	0.11634440199374
0.14000592	0.026773857	-0.14475579	0.203156924056816	0.0072853898	0.0022797269	0.0068081652	0.0440344239807148
0.12103209	0.060815483	-0.12631235	0.185208259925992	0.0061602601	0.0026850648	0.0069524837	0.15519819788766
0.13195371	0.067276483	-0.14178049	0.205035641029196	0.006590465	0.0022203613	0.0067492556	0.0877575846075692
0.12511491	0.057484814	-0.13647264	0.193863421030096	0.0070048871	0.0022822916	0.0067513074	0.0458585288512234
0.12440635	0.033880449	-0.12755481	0.181369937693379	0.0073088329	0.0024776655	0.0068629806	0.0637803999230631
0.13080406	0.00073272612	-0.12065108	0.17795202191944	0.0078461283	0.0022783215	0.0069168437	0.0859742875400257
0.14529389	0.013417883	-0.10852782	0.181847853354078	0.0076827556	0.0020768586	0.0070658937	0.064992526846982
0.13919805	0.049850495	-0.08182744	0.168987866169442	0.0064775045	0.0021565317	0.0068351803	0.145010708325895
0.15410487	0.028306122	-0.12829259	0.202505644734422	0.0071209051	0.0018588703	0.0070050896	0.138464907379951
0.13239287	0.04595612	-0.15048822	0.205636916313827	0.0065581637	0.0023445739	0.0070533171	0.116391252389789
0.12754585	0.079511422	-0.13646302	0.203007797653698	0.0059588878	0.0022246705	0.0067364435	0.104230166481751
0.12257663	0.081611376	-0.14046684	0.203510147300708	0.0065177495	0.0023636426	0.0065784574	0.0538639886225531
0.11608185	0.069763866	-0.12683152	0.185548450179997	0.0068345221	0.0023467334	0.0064436137	0.0554038849286601
0.12186251	0.061143624	-0.12485726	0.184873874503839	0.0070418018	0.0021808776	0.0065427533	0.0399889169699114
0.12447659	0.077989957	-0.095959468	0.175456759202183	0.0063614575	0.0021846913	0.0066366842	0.0872626493422111
0.12838219	0.070398482	-0.10206969	0.178482925216382	0.0066126811	0.002100181	0.0068296107	0.0440403169507501
0.12124613	0.069567241	-0.11879283	0.183444709707688	0.0066532894	0.0020844904	0.0067861522	0.0296783109996814
0.12643905	0.055931683	-0.17021757	0.219292516207963	0.0070910775	0.0019962401	0.0068343293	0.0989639928235315
0.12092594	0.03537801	-0.16302393	0.206037589553675	0.0071135171	0.0019804073	0.006500324	0.0518743079223401
0.12690612	0.043883102	-0.17861151	0.223456844690595	0.0070963865	0.0018710829	0.0067000198	0.0463803919806767
0.10762522	0.11371027	-0.079917828	0.175784165145097	0.0052852474	0.0018097718	0.00630566	0.301142237494783
0.071427885	0.27343165	0.073602188	0.292034402178379	0.0033085147	0.0020320038	0.0056380095	0.49276947426539
0.068969047	0.21574602	-0.036397205	0.22940756552856	0.004171312	0.0022360095	0.0059528112	0.239224094579229
0.069422267	0.22593188	-0.022366342	0.23741297102352	0.0039527119	0.0022574795	0.0058461008	0.0420089679756853
0.049603985	0.21206928	-0.041615046	0.221733504236912	0.0044980818	0.0023726362	0.0061293135	0.100116550611559
0.060119881	0.21989933	-0.035821058	0.230766686551899	0.0041296253	0.0027694043	0.0060920478	0.0642644487655528
0.095255498	0.15032627	-0.049287088	0.184664058210743	0.0045235589	0.0024301547	0.0065364383	0.177053391608467
0.12477351	0.12036386	-0.05387263	0.18154379046097	0.0046633827	0.0017613064	0.0065776421	0.106559758370795
0.099395928	0.15249933	-0.011978747	0.182425564362893	0.0041968222	0.0020375603	0.0066033663	0.137833864744458
0.058936634	0.10866865	-0.048540165	0.132810202689024	0.0046956089	0.0027404588	0.0065200901	0.185099461016775
0.031815407	0.097965387	-0.013627306	0.103899666223973	0.0039934146	0.0030358233	0.006580964	0.125658983224523
0.030498843	0.1558745	-0.0095555158	0.159117400232635	0.0030573382	0.0028040141	0.0063151526	0.134982315426116
0.011840974	0.1362989	0.0013772189	0.136819207490678	0.0030569808	0.0031416491	0.00618285	0.0726809536149889
0.0071111802	0.12854996	-0.0013041424	0.128753104379032	0.0038409887	0.0029931964	0.0059646016	0.0726955440675579
0.021398551	0.10434633	-0.011812205	0.107170811120988	0.0046183682	0.0027820955	0.0060975722	0.105071612396784
0.00087408278	0.1189974	-0.0044325123	0.119083132276389	0.0039296304	0.0031107938	0.0059973858	0.098436355163274
-0.0057959304	0.13929363	0.0084297179	0.139668780733749	0.0033209572	0.003254416	0.0063292303	0.0940354678278987
-0.0018631846	0.13212379	0.0094087571	0.132471476367498	0.0028252903	0.00341643	0.0064629698	0.0516526447324521
-0.04045744	0.11964098	-0.013855261	0.127054070395608	0.0032521229	0.0038761281	0.0057592369	0.153854262409533
-0.0034575804	0.15389967	0.017089584	0.154884205681614	0.0023365555	0.0035230261	0.0063113385	0.193241942558747
-0.0098536174	0.18578475	0.023398797	0.187511521804595	0.0022861317	0.0037497122	0.0063361553	0.0596866649754331
-0.0097700289	0.16802146	0.02131848	0.169650057691558	0.0027596211	0.0032741105	0.0062768895	0.0703450400542907
-0.037739182	0.20591259	0.0079650118	0.209493871011806	0.002042027	0.0040374213	0.0064384597	0.161337504594845
-0.019608076	0.16862557	0.014119835	0.170347965185012	0.002704982	0.0039052555	0.0063715147	0.104676238587534
0.0013893111	0.16797339	0.023377407	0.169598033866753	0.002821315	0.0036948988	0.0064480186	0.051066819076395
0.012698742	0.16179616	0.032456395	0.165507320126707	0.0031136551	0.003452281	0.0064148525	0.0549718488181209
0.008170917	0.093140679	-0.00046491153	0.0934995513996332	0.0044188388	0.0028896761	0.0061190657	0.214283377473036
0.0073554074	0.10160646	-0.015156451	0.102993653875697	0.0046682512	0.0026276805	0.0058641773	0.0622876499657114
-0.014721396	0.14200754	-0.040573884	0.14842203670576	0.004629619	0.0027219327	0.0055021395	0.112641426299276
0.0084941656	0.1292618	-0.056350831	0.141266343984938	0.0051532735	0.0022473957	0.0058408953	0.118585612997237
0.00042986201	0.16335952	-0.077158018	0.180665097065444	0.0049765879	0.002149774	0.0056020457	0.0886270555481828
-0.016740985	0.1517409	-0.071847043	0.168723320555945	0.0052192014	0.0021122255	0.0052315831	0.0666316718742151
-0.026339114	0.1598201	-0.060358856	0.172856601806074	0.0049755633	0.0019536989	0.0049803681	0.0618345009285415
-0.0087422513	0.14254049	-0.069121625	0.158656916930442	0.0052900176	0.0014365164	0.0048399356	0.0922427063412541
-0.0043820147	0.14295047	-0.078116573	0.16296084776202	0.0051474892	0.0014667212	0.004877663	0.0242881945937987
-0.014897244	0.17108744	-0.07043939	0.185619362320102	0.0050042403	0.0014201014	0.0047119869	0.0641066222841908
-0.015947249	0.16237873	-0.071157006	0.178001365753089	0.0054049236	0.0014346227	0.0046985245	0.0319096808659708
-0.027509731	0.16772577	-0.060800638	0.180514367303526	0.0053083076	0.0013876771	0.0043700427	0.0508680599240653
-0.031770395	0.14998385	-0.071357388	0.169104671968166	0.0056285782	0.00082722383	0.0041035874	0.0899182920253919
-0.031028498	0.15788955	-0.060753109	0.171996563746211	0.0050976659	0.00078985106	0.0041759792	0.051285719187336
-0.013902938	0.15071947	-0.075147312	0.168987481261004	0.0055200375	0.00082168348	0.0043947008	0.0723361238211544
-0.012037103	0.15031845	-0.072505953	0.16732495773038	0.0054797416	0.00075765829	0.0046034173	0.0205600934803748
-0.012094523	0.15689437	-0.097870709	0.185312699253066	0.0056475082	0.0010044081	0.0045508691	0.0553513264585615
-0.038183475	0.15704967	-0.091785918	0.18586885525361	0.0054730235	0.0013455817	0.0045555209	0.0583445479061986
-0.042964391	0.13469514	-0.088099698	0.166584142166389	0.0059073862	0.001242278	0.0043858456	0.0661887508167938
-0.043003119	0.12043424	-0.083684157	0.152829030425853	0.0063738132	0.0012335848	0.0043854922	0.0424888487885963
-0.03237676	0.12399863	-0.069814014	0.145938039526255	0.0065862615	0.0011262735	0.0041964189	0.0535025369633675
-0.014772687	0.12157644	-0.05874409	0.135830523646939	0.0065910652	0.00097813788	0.0044931975	0.0535820829387701
-0.022670513	0.12221345	-0.058559883	0.137402108490224	0.0067353316	0.0012937247	0.0044149937	0.0356218939272672
-0.0071435939	0.089765442	-0.051823646	0.103896851713595	0.0070662383	0.00080116738	0.0044268488	0.0964771197755493
-0.00055881273	0.11109987	-0.052645629	0.122943302536127	0.0068515207	0.00092660433	0.0045671822	0.0527655896395072
-0.0042082926	0.12108055	-0.061458972	0.135850706859429	0.0069422041	0.00097434176	0.0044043363	0.037506839359223
0.063504534	0.092390311	-0.068037931	0.131140975518694	0.0071443932	0.00080349128	0.0057904598	0.190940173024031
0.051689903	0.098066366	-0.085750208	0.140149764126233	0.007000249	0.0010088542	0.0058066557	0.053488113975708
