0	0	0	0	0	0	0	0
-0.020439731	-0.028730437	-0.054000008	0.0644920264650088	0.00044213029	-0.00011481712	-0.00027766374	0.144900733272192
0.033122934	-0.019802324	0.14847431	0.15340756670564	0.00066192091	0.00064506194	0.00062974374	0.359318951507223
0.062715527	-0.0538294	0.076074828	0.112330855451551	3.1857871e-05	0.0010965776	0.0015327576	0.235248776703085
0.085544354	-0.033220424	0.072296128	0.116825353394755	-0.00025504547	0.00064545567	0.0017908747	0.0970236212737058
0.072192087	-0.056791777	0.11657145	0.148411274219096	-0.0010678599	0.00095157336	0.0017119078	0.141093891820462
0.047353046	-0.069228279	0.14749917	0.169678727981644	-0.0008802747	0.00033101057	0.0015890901	0.114751546984519
0.022451911	-0.051518801	0.082799256	0.100069935336159	-0.00047699678	0.00086985952	0.0011122761	0.178257569811563
0.0074524424	-0.081208793	0.051272538	0.0963290200884635	-0.001318647	0.0011219154	0.00087957746	0.142536414298296
0.021063336	-0.061675662	0.088598884	0.109987788652344	-0.0011369198	0.00073035236	0.0011161627	0.110964144434836
0.014071781	-0.065800951	0.070978769	0.0978047331256096	-0.0012618452	0.00054626695	0.0013346766	0.0551131944612052
-0.0062131843	-0.043250618	0.09046448	0.100464131699817	-0.00065639382	0.00022344394	0.00118836	0.116050558261007
-0.0058041548	-0.051732548	0.10319081	0.115578060218931	-0.00045213781	0.00043065797	0.001267774	0.0461614914626671
0.019631032	-0.069130014	0.09713875	0.120831589431687	-0.00096927492	1.3644879e-05	0.0015496568	0.109686362364136
0.04255489	-0.077989704	0.091670172	0.127658658254853	-0.0012325732	-0.00087618443	0.0020353044	0.119190883705503
0.048903531	-0.051299649	0.085340417	0.110933295748053	-0.00095217245	-0.0010161075	0.0022661371	0.0719262769227385
0.016689466	-0.075878608	0.061185377	0.0988926275614869	-0.0012024601	-0.00071763507	0.0018714182	0.128122012783819
0.030738286	-0.073253014	0.064708237	0.102459759037147	-0.0015242161	-0.00090424669	0.00193221	0.0486552449165966
0.035474813	-0.04149377	0.043469132	0.0697836710343566	-0.0017936402	-0.00075957819	0.0021212123	0.0878896209388821
0.010830333	-0.068121457	0.049330698	0.0848018088360204	-0.0018489939	-0.00089011958	0.001630275	0.0909753522485008
0.016725358	-0.08224677	0.070650169	0.109707407021539	-0.0019395969	-0.00080646687	0.0017589425	0.0564859694927932
-0.0095417206	-0.070631115	0.092836548	0.117040264365337	-0.0023800644	-0.0013940647	0.0010885579	0.14499160787163
-0.036636894	-0.085538751	0.055110696	0.108149566518834	-0.0021925433	-0.0013608917	0.0011142853	0.0920497363861509
-0.04862582	-0.081922926	0.038768712	0.102853532779447	-0.0021002332	-0.0013082249	0.0010100788	0.0444059049956995
-0.050205468	-0.073122152	0.031703258	0.0941941330339883	-0.0021237134	-0.0015646006	0.00092467278	0.0357089719635685
-0.060723093	-0.071942502	0.034850298	0.100387055381635	-0.002492936	-0.0013842727	0.0007482202	0.0511444688714744
-0.072497237	-0.084135148	0.052596541	0.122885998497716	-0.00253459	-0.0013502241	0.00073913819	0.0459522634997657
-0.048664389	-0.07123598	0.058259592	0.104100757265786	-0.002201029	-0.0013492299	0.001116654	0.077998617310592
-0.047665438	-0.071739877	0.059492197	0.104680110028571	-0.0024320291	-0.0013948115	0.00067152869	0.0388208032903819
-0.039954042	-0.083303851	0.039853419	0.100618845499029	-0.0022685199	-0.0012035628	0.00085060997	0.0656061069643547
-0.059800376	-0.086284369	0.042128247	0.113118815847597	-0.0023110533	-0.0013428538	0.0007282566	0.0403105684903935
-0.028590713	-0.060430471	0.066721393	0.0944511248159103	-0.0023693577	-0.0012838444	0.00093850355	0.0980347444797971
-0.036518409	-0.071936774	0.060120855	0.100613174362751	-0.0024844922	-0.0013837403	0.00082594093	0.0424141879917723
-0.056266614	-0.093834618	0.04746607	0.119263972713791	-0.0026975845	-0.0013504351	0.00060280786	0.0777773624566197
-0.010757785	-0.089102525	0.061903118	0.109027454879969	-0.0030450068	-0.0011145783	0.0010904728	0.118225171643687
-0.01894209	-0.089078456	0.066156704	0.112563242584139	-0.002985969	-0.0012960837	0.001031866	0.0274194599866945
-0.019555301	-0.10681256	0.077364644	0.133328995016841	-0.0029920297	-0.0011695091	0.0011989852	0.044542979986051
-0.011163942	-0.083822293	0.080646846	0.116853430306966	-0.0026430881	-0.0013755282	0.0012630142	0.0656133128927209
-0.027791629	-0.10161215	0.10304706	0.147363836285365	-0.0033979425	-0.0016579885	0.0007885923	0.132404586834507
-0.038071243	-0.11909744	0.1186339	0.172358991605685	-0.0037267611	-0.0015123972	0.00080106797	0.0676960224194991
-0.0259568	-0.10042985	0.1023487	0.145722910446342	-0.0029508899	-0.0017534888	0.00092546251	0.104135098993762
-0.024638192	-0.10399043	0.12932202	0.167765416261797	-0.0030474716	-0.0017127273	0.00090024661	0.0399804629979486
-0.024050058	-0.14241458	0.16920983	0.222468614539239	-0.0038023164	-0.0016077695	0.0012964955	0.141702667471925
-0.020186417	-0.12265914	0.12816107	0.178544156780283	-0.0037339684	-0.0016903787	0.0013252524	0.0736535459981109
-0.047953279	-0.11878703	0.081733278	0.151954612288334	-0.0033634012	-0.0017916665	0.00091772694	0.122035786750821
-0.058155488	-0.13679931	0.11965282	0.190821668934497	-0.0039072811	-0.0019114127	0.00088390263	0.10100655116117
-0.059119229	-0.12654247	0.10522784	0.17487417837497	-0.0034780248	-0.002187032	0.00082529689	0.0638196277911788
-0.048596759	-0.13485778	0.11878633	0.186167822157056	-0.0035496625	-0.0021119504	0.0011167248	0.0543036304467877
-0.035628441	-0.14326419	0.12513119	0.19352474946441	-0.0036417009	-0.0023590276	0.0017375643	0.0757173424684157
-0.043868935	-0.14652002	0.12890157	0.200020535114022	-0.0036856193	-0.0021838024	0.0014796256	0.0391208189528623
-0.054787585	-0.14674139	0.10263038	0.187263744243804	-0.0040018267	-0.002347578	0.0016824545	0.0715518049075962
-0.061493403	-0.14259365	0.13028122	0.202700725004947	-0.0036394599	-0.0024344781	0.0017267203	0.0631810328993224
-0.061940574	-0.13101256	0.11939883	0.18776849094183	-0.0039008821	-0.0025062183	0.001559353	0.0479371359522427
-0.017208305	-0.1380147	0.16053845	0.212407102295252	-0.0031286475	-0.0024539225	0.0021800504	0.165135417542093
-0.11536727	-0.20496237	0.074651765	0.246763178211185	-0.0037000457	-0.0014355013	0.0011972983	0.379621890433353
-0.14538651	-0.1247454	-0.01478786	0.192138837600626	-0.003626698	-0.00065933979	0.0014951609	0.257044424469996
-0.12612629	-0.13649269	0.02293487	0.187254115347346	-0.0038265186	-0.0013031687	0.0015373212	0.113020729927228
-0.13681324	-0.14908175	0.028753134	0.204377037695486	-0.0038845288	-0.0016724828	0.0015216084	0.051246128894644
-0.12673381	-0.14597808	0.06765053	0.204811261035333	-0.0037177115	-0.001633809	0.0017139616	0.0719727109753811
-0.10916275	-0.15720657	0.059591519	0.200453388036857	-0.0036893198	-0.0015906848	0.0019802425	0.0537484009604502
-0.1009662	-0.15620817	0.079166465	0.202144737991829	-0.0034607019	-0.0014484471	0.001963461	0.0481517509691012
-0.13292457	-0.15465075	0.015938716	0.204547887921083	-0.0033986606	-0.0013688087	0.0020115743	0.106233188998218
-0.13588589	-0.13935683	0.0019056089	0.19465079633544	-0.003657581	-0.0018398608	0.0016124559	0.0887428917136302
-0.11142852	-0.11317651	0.0020991706	0.158838421052271	-0.0036159906	-0.0019873031	0.0017954123	0.0694307066804139
-0.10667887	-0.10947093	0.060335319	0.164330814330038	-0.003408911	-0.0015879493	0.0017317071	0.100198308248273
-0.13325012	-0.1373779	0.026954542	0.193273974509902	-0.0034952286	-0.001722934	0.001473085	0.111855216957499
-0.12241628	-0.15405347	0.031355888	0.199252124054796	-0.0036515932	-0.0016250405	0.0012040679	0.0580745159495207
-0.10317506	-0.11964435	0.033996686	0.161603335831624	-0.0033636538	-0.0017837438	0.0012350871	0.0801742329418753
-0.13793806	-0.12984635	0.041101721	0.193846161875978	-0.003554953	-0.0016755162	0.00090261034	0.0836702129062071
-0.15630972	-0.15314123	-0.0017081202	0.218833001549147	-0.0036157338	-0.0016879089	0.0006658654	0.0999723031718843
-0.15616169	-0.15398725	0.032178382	0.221661893103791	-0.0032872124	-0.0023788024	0.00012883244	0.112702944116405
-0.14927198	-0.16633052	0.050417109	0.229106636255934	-0.0037828962	-0.0022168477	0.00025745472	0.0767847457329863
-0.14578705	-0.16381042	0.045251183	0.223909328102199	-0.0035811533	-0.0022134116	-6.4180642e-05	0.037511674013575
-0.12472366	-0.18151974	0.044270802	0.224644855901902	-0.0042457839	-0.0019960523	0.00077851965	0.125987598720214
-0.15456701	-0.17220642	0.057178329	0.238359755363167	-0.0038362781	-0.0020565852	0.00015958022	0.106513102862498
-0.16164746	-0.14268975	0.044080504	0.220075798106943	-0.0039337474	-0.0017708969	-4.3678677e-05	0.0790157697819985
-0.18110639	-0.15123398	0.021636705	0.23693751963066	-0.0038098911	-0.0018818915	-0.00016080547	0.0680458436398453
-0.14816559	-0.17997791	-0.0009198648	0.233122148881796	-0.0039541478	-0.0023765046	0.00066975064	0.157712593848037
-0.16593047	-0.13938544	0.0011224793	0.216708287147016	-0.0040910983	-0.0020813161	-0.00012099426	0.121543888010989
-0.17754237	-0.15193634	0.025623714	0.235079814694853	-0.003990153	-0.0018300861	-0.00060406753	0.0904264629299682
-0.18884726	-0.16436691	0.011154937	0.250607664152415	-0.0036080797	-0.0020734122	-0.00043108988	0.0781230893430051
-0.19522319	-0.16404467	0.01303664	0.255328615027134	-0.0037642199	-0.0022051448	-0.00075256829	0.0390474334180897
-0.19255793	-0.16126106	0.029101976	0.252845033341201	-0.0041717531	-0.0022978992	-0.00074483314	0.0469153433573272
-0.18866486	-0.16882512	0.0087409316	0.253323418631341	-0.004367523	-0.0023011626	-0.00064352213	0.0468353898822022
-0.17775727	-0.18549164	-0.0029447121	0.256930860110448	-0.0041130571	-0.00272881	-0.00017750017	0.0966665162918843
-0.17975571	-0.17539649	0.0048964791	0.251197172534845	-0.0043535158	-0.0024501926	-0.00048260228	0.0611436915668063
-0.20233634	-0.16514606	0.003119249	0.261195224559032	-0.0045533033	-0.0023753665	-0.0009700483	0.0727112708412241
-0.19214069	-0.17571883	-0.014137366	0.260758541734807	-0.0041010131	-0.0024684111	-0.00033150586	0.0972188962631543
-0.16242488	-0.19965055	-0.0044488869	0.257414017397977	-0.0042383257	-0.0026643577	0.00014572209	0.103860366352501
-0.14399295	-0.15413296	0.024080295	0.21229884506363	-0.0046446362	-0.0030608755	0.0012151341	0.186090714582407
-0.15991157	-0.13035707	0.0033469684	0.206339230676865	-0.0038817957	-0.002487889	0.0015638284	0.144653900194932
-0.15636421	-0.21962643	0.02790623	0.271042971862917	-0.0044257494	-0.0030679416	0.0015222582	0.175654805857948
-0.16285939	-0.19621397	0.089102811	0.27011555649839	-0.0050249288	-0.0032739087	0.0012176042	0.146594245474732
-0.14164299	-0.19009116	0.056471381	0.243693255135083	-0.0039715429	-0.0024288679	0.0015639057	0.17220704622119
-0.16590823	-0.096531188	-0.0080053305	0.192114279414203	-0.0037576753	-0.00078870172	0.00093182952	0.306607411761262
-0.22025447	-0.076014056	0.031306739	0.235096321050258	-0.0042060147	-0.0015858558	0.00037324281	0.204379449393823
-0.23006724	-0.074979702	0.072401172	0.252576365363428	-0.0042448657	-0.0023939135	0.00031879393	0.0970094349003184
-0.23747285	-0.064125594	0.090543663	0.262113718073726	-0.0047491538	-0.0024753124	8.0227354e-05	0.0776148875034149
-0.2432989	-0.090146282	0.10737419	0.280802285563686	-0.0037000538	-0.0027941433	7.055018e-05	0.117557666226954
-0.27686499	-0.075020314	0.096172937	0.302541739288259	-0.0040923622	-0.0024574474	-0.00062037971	0.130890019607528
-0.27702356	-0.091418051	0.10670544	0.310620932600019	-0.0043466966	-0.0023253637	-0.00065178733	0.04798009596086
-0.25935302	-0.074262322	0.12815972	0.298670044166519	-0.0046231643	-0.0020871295	-0.00054395869	0.0874070759251948
-0.28388971	-0.08795882	0.0564435	0.302516098996279	-0.0043060982	-0.0029338637	-0.00048358743	0.171157984668399
-0.25847027	-0.10524887	0.052702835	0.28401020039285	-0.0051741071	-0.0023948697	9.9016862e-05	0.145930512499313
-0.22124536	-0.08029703	0.026016716	0.236799476054689	-0.0053290676	-0.0023970314	0.00084330216	0.13393324303328
-0.24882969	-0.10508417	0.024787711	0.271244037771717	-0.0057190244	-0.0024798309	0.00014205168	0.112300813156857
-0.19102808	-0.11840374	0.02257354	0.225877705191561	-0.005796472	-0.0024379592	0.00095124345	0.119760903395021
-0.23222552	-0.13464903	0.030152189	0.270126281432783	-0.006041118	-0.0027580921	0.00039426214	0.121109389041161
-0.2579456	-0.15032217	0.043273136	0.301670766983053	-0.0061388301	-0.0026337449	0.00022006579	0.0743269494830386
-0.25448517	-0.14390301	0.03883652	0.294922113994016	-0.0062608418	-0.0028554438	0.00041589295	0.0412930939578696
-0.24533347	-0.12980831	0.011401286	0.277792545201902	-0.0063025799	-0.0027842881	0.00062628572	0.0668459624796957
-0.24497239	-0.13927922	0.054608136	0.287040452730125	-0.006440173	-0.0029915651	0.00024373721	0.0894097703593881
-0.23243814	-0.14516245	0.035149957	0.276288156267626	-0.0062651951	-0.0028056845	0.00061706986	0.0745852163670544
-0.20975717	-0.1546743	0.031843678	0.262557097172151	-0.0061481854	-0.0029669649	0.0012992622	0.0835232203264997
-0.22320817	-0.12885282	0.020649777	0.258556279496072	-0.0063212144	-0.0030904333	0.00079726333	0.090391194221734
-0.25090926	-0.16310104	0.0040455175	0.299288777294893	-0.0063572148	-0.0029440661	9.1979038e-05	0.122936163362481
-0.18854078	-0.13014508	0.075545075	0.241231063356215	-0.0064543276	-0.0026964569	0.0014211289	0.250517585674531
-0.21273686	-0.15743409	0.047322094	0.268852831261515	-0.0066592584	-0.0036112864	0.0016551943	0.147399354360286
-0.20189002	-0.055839584	0.18051778	0.27652180422712	-0.0058131796	-0.003478217	0.0014014385	0.307282230699248
-0.27093834	-0.0091600783	0.28658109	0.394487277693471	-0.0027664645	-0.0039926624	0.00031415454	0.454213296819647
-0.26263394	-0.26435501	0.20774886	0.426637722878935	-0.0036416399	-0.0046400657	0.0023127151	0.518388506107478
-0.37556378	-0.25644597	0.17331232	0.486672218891639	-0.0062317341	-0.0052445713	0.0010545506	0.377913594190786
-0.4158397	-0.23130907	0.14577087	0.497670260816247	-0.0064305299	-0.0061963574	0.00094842246	0.155789770184851
-0.36799808	-0.16565342	0.038366527	0.405383315931261	-0.0047738135	-0.0050092227	0.001481728	0.389759431725208
-0.44923331	-0.15444423	-0.0035789952	0.475054098183029	-0.003047525	-0.0056265496	0.00015968907	0.317672642678407
-0.45788216	-0.14157084	0.12435519	0.495138958742399	-0.0043342034	-0.0062123941	-0.00012467226	0.25730063179539
-0.43559294	-0.19437297	0.13603731	0.496012308876	-0.0048513593	-0.0055898704	0.001194816	0.209731857423213
-0.44159036	-0.18143414	0.17673494	0.509073307313665	-0.005247411	-0.0057876331	0.00085267694	0.106431552771024
-0.43155608	-0.19739999	0.10794754	0.486682727892637	-0.0049694499	-0.0055851514	0.0012217044	0.137261042833267
-0.41794765	-0.16832567	0.096595614	0.460808508998595	-0.0055145028	-0.0057584658	0.00098743682	0.101666419625024
-0.41563619	-0.16439037	0.058453883	0.45077099798482	-0.0050847308	-0.0063044048	0.0013938337	0.113493884355797
-0.40645701	-0.15316577	0.078271796	0.441354198039283	-0.0055431578	-0.006293274	0.0014407068	0.0660432377990725
-0.42934162	-0.1832513	0.06172135	0.470876619361948	-0.0054436722	-0.006164985	0.0012397113	0.0909590909766331
-0.43146054	-0.16241506	0.08364112	0.46854315302515	-0.0058045431	-0.0067056994	0.0010197662	0.100951449550572
-0.47158925	-0.18906233	0.016475154	0.508342813502773	-0.0055005385	-0.0064746862	0.00074111092	0.174625599870705
-0.46666917	-0.18248427	0.054865352	0.504074230521662	-0.0062667443	-0.0062875577	0.00035990038	0.116615578933816
-0.50361517	-0.18113206	0.031058715	0.536098597639859	-0.0060060308	-0.0067852777	3.8493631e-05	0.11609685908704
-0.49232815	-0.17863065	0.0676232	0.528080309782598	-0.0064067185	-0.0061720895	-3.0768529e-05	0.104509817384955
-0.46137275	-0.19464766	0.068151972	0.50536839758094	-0.0061476983	-0.0064334724	0.00030024526	0.0900720263010309
-0.45464585	-0.19131409	0.077055447	0.499240895627672	-0.0072561799	-0.0062959943	0.00080501886	0.106500606889085
-0.44088153	-0.19391043	0.073892889	0.487276038198773	-0.0074112244	-0.0059778034	0.00093217093	0.049542591420837
-0.45827352	-0.19721005	0.090664657	0.507076427161745	-0.0068800926	-0.006326442	0.00073123611	0.0914986385826622
-0.41323184	-0.21935705	0.055884766	0.471170007582574	-0.0067996477	-0.0056565981	0.001676802	0.18676130311146
-0.40865407	-0.20620666	0.071013711	0.463208681596008	-0.0073623857	-0.0059723214	0.0013576211	0.0927392144954308
-0.40020109	-0.19242405	0.054496155	0.447389939946547	-0.0078177318	-0.0061943892	0.001384754	0.073980485780453
-0.41044416	-0.19042476	0.021194023	0.452962674301192	-0.0075856822	-0.006088412	0.0012355516	0.0699059519645691
-0.40534892	-0.20427197	0.060310468	0.457899702143631	-0.0073489414	-0.0061653425	0.0008185067	0.0945947048202941
-0.39784568	-0.21590472	0.11030741	0.465901017292138	-0.0076038535	-0.0064631309	0.00086442637	0.0990639404102744
-0.38912526	-0.20418518	0.081501625	0.446936875385485	-0.0073681863	-0.0066664632	0.0010589429	0.0809215464398851
-0.39391559	-0.20664751	0.045768917	0.44717723465937	-0.0070966401	-0.0065776634	0.0011638744	0.0662492429544194
-0.40238188	-0.22298644	0.038706746	0.461662584537795	-0.0073792187	-0.0063802474	0.0011049951	0.0588110859365373
-0.38354205	-0.21703901	0.076537755	0.447290133940402	-0.0076451738	-0.0062393233	0.00090621262	0.0929013529386145
-0.39696429	-0.2158505	0.080646319	0.458994460373656	-0.0075808047	-0.0065339596	0.00074046314	0.0449570579366711
-0.39841308	-0.21308559	0.094391533	0.461571459779333	-0.0076351624	-0.0067648069	0.00069441512	0.0345215649738329
-0.41305522	-0.2467647	0.070135683	0.486237026526379	-0.007623308	-0.0065263954	0.00081169983	0.0909546304684035
-0.43079581	-0.2408966	0.10866483	0.505395139553246	-0.0081878437	-0.007081533	0.0003344833	0.141982327542337
-0.42937914	-0.23159718	0.049862209	0.49039773606477	-0.0079607339	-0.0071063775	0.00043361732	0.0870731269735341
-0.43946642	-0.23852593	0.044070864	0.501963738375281	-0.008163289	-0.0071010049	0.00051702577	0.0373741824814772
-0.43909612	-0.23496006	0.04784505	0.50030069078881	-0.0078875559	-0.0071670396	0.0002695179	0.0371741394241376
-0.41965647	-0.22472881	0.083077714	0.483235447189403	-0.0081013673	-0.0072308029	0.00038289843	0.0844513254760599
-0.42137156	-0.24776212	0.026394982	0.489527072549117	-0.007856375	-0.0070097033	0.00055424685	0.113303147936367
-0.42926564	-0.23235112	0.09109143	0.496541721579676	-0.0081575246	-0.0070915065	0.00018575551	0.125573734837719
-0.44990165	-0.21406549	0.091075048	0.506488097638893	-0.0084643882	-0.0073937392	0.00049170955	0.0846905388226189
-0.47630834	-0.2238375	0.10692617	0.537034511917693	-0.0085793735	-0.0074732631	0.00023950346	0.0743655864623635
-0.46793456	-0.22932989	0.11013714	0.532621010191285	-0.0086325233	-0.0077630266	-2.222165e-05	0.0473090604116507
-0.46721642	-0.24055363	0.16374547	0.55042693517788	-0.0090188922	-0.0076297105	-0.00021474764	0.101160759360035
-0.48693742	-0.26180546	0.15788229	0.574958230985271	-0.0093763024	-0.0076216813	-0.00036515713	0.0726284543977926
-0.50392344	-0.24080638	0.11134301	0.569494347562817	-0.0089959639	-0.0076505757	-0.0006400378	0.118730058342057
-0.50043788	-0.23535087	0.10298803	0.562525233275746	-0.0089423446	-0.0077026187	-0.00061163868	0.0239991209993375
-0.50748164	-0.26081388	0.13008784	0.585221617042304	-0.009027164	-0.0078800515	-0.0004427335	0.0811644489770522
-0.51265538	-0.25676386	0.13946668	0.590079802463418	-0.0095264266	-0.0079904801	-0.00042681473	0.04988309823792
-0.55264804	-0.23208722	0.13728296	0.614923527692291	-0.0095899844	-0.008086512	-0.00098204616	0.10259407614102
-0.57460662	-0.23332929	0.12467898	0.632582147529923	-0.0095058111	-0.0082871752	-0.0012047037	0.0611793319589274
-0.60108918	-0.23153526	0.14040876	0.659265802860332	-0.010055676	-0.0086368109	-0.0017070675	0.114099589300469
-0.58987262	-0.21540784	0.11656972	0.638700825880168	-0.0094893357	-0.0085562778	-0.0012911097	0.104324579470541
-0.61285467	-0.2265936	0.13815559	0.66784913951432	-0.0098267431	-0.0088642925	-0.0015784411	0.102391354809675
-0.60582073	-0.24095632	0.16502207	0.672540696636836	-0.0099637953	-0.0087929526	-0.0015803298	0.0587771799938805
-0.59333007	-0.23459863	0.19741067	0.667868296742652	-0.01037179	-0.0087403379	-0.0010938645	0.0985906846183717
-0.58354839	-0.23849297	0.17626678	0.654582002458501	-0.0098699624	-0.0086850586	-0.00077532919	0.0786020201690319
-0.58585521	-0.22121577	0.13657678	0.64094926539938	-0.010344522	-0.008840059	-0.0011845049	0.111210805126866
-0.57012113	-0.23002627	0.12777474	0.627914462283405	-0.010500401	-0.0089542511	-0.0010575673	0.0531970549847457
-0.59841382	-0.23027163	0.14181518	0.656685365169867	-0.010001596	-0.0091750029	-0.0016911	0.110232964189291
-0.57132577	-0.24080016	0.16098796	0.640558331291601	-0.010326818	-0.0088684738	-0.00036003986	0.154929916955276
-0.56666884	-0.25642214	0.18279964	0.648291289848363	-0.0097908691	-0.0083585833	0.00065450619	0.145109859727525
-0.6068896	-0.25415832	0.13311778	0.671291130259823	-0.009980957	-0.008482296	8.2768639e-05	0.136443347142388
-0.57719529	-0.24197447	0.12975483	0.639173186889355	-0.010229056	-0.0089887024	0.00019126837	0.0883913662449684
-0.59589066	-0.239931	0.14190955	0.657868439596731	-0.0097100915	-0.0087151424	-0.00037595729	0.100881067285951
-0.61682286	-0.21353011	0.16874216	0.674195420524834	-0.0099136144	-0.0089575768	-0.00077205691	0.116268545823281
-0.66003656	-0.22371105	0.13034702	0.709002990157035	-0.0095655193	-0.0090304923	-0.0010438551	0.126430219369489
-0.6447553	-0.23016404	0.096757698	0.691409382572634	-0.0094608497	-0.0092133131	-0.00090061611	0.0768600414787581
-0.58750452	-0.23770522	0.12826981	0.64662081376423	-0.0094417337	-0.0092146303	-0.00021879061	0.131417006339629
-0.64684798	-0.28559367	0.013484512	0.707218414379905	-0.0085684593	-0.0079686972	-0.0011909256	0.376584325169162
-0.62538192	-0.2344922	0.057308036	0.670353152236867	-0.0094844746	-0.0084293721	-0.00010617436	0.239463121535855
-0.67637328	-0.24869933	0.066123402	0.723674287875741	-0.0095060008	-0.0094142538	-0.00071364123	0.154707592042703
-0.66455744	-0.26947174	0.080551892	0.721623320730948	-0.0094090282	-0.0091493298	-0.00090354194	0.0746066054450962
-0.64260853	-0.27194581	0.14109448	0.711904416822783	-0.010249227	-0.0088772398	-0.00088108856	0.141702675722334
-0.67289384	-0.2541528	0.11157474	0.727893322035484	-0.0099474207	-0.0089324105	-0.0012430403	0.113544496843588
-0.66956109	-0.27840353	0.13208259	0.737066068503738	-0.0099197596	-0.0091354418	-0.0011583652	0.063859704981255
-0.65233385	-0.28096122	0.082602784	0.715053759464463	-0.0099775864	-0.0093595093	-0.00088724671	0.0969153754346426
-0.60850322	-0.29805211	0.074888663	0.681703411222027	-0.0096678884	-0.0097317273	-0.00015561834	0.139312858514793
-0.6279165	-0.2815035	0.095756876	0.6947609162768	-0.010088238	-0.0093423409	-0.00074082405	0.126577187804738
-0.65233588	-0.28458651	0.093814779	0.717866836375782	-0.0098948307	-0.0094491175	-0.0011643111	0.0656280343241651
-0.62348153	-0.28887927	0.057182976	0.689529073811315	-0.0096093953	-0.009591165	-0.00021012951	0.138862135635691
-0.60203389	-0.28552288	0.070557058	0.670034639511751	-0.010337492	-0.0097639043	-0.00015824955	0.0858139091848414
-0.63018586	-0.30056492	0.080323114	0.702798187192599	-0.0098472273	-0.0096441068	-0.00064597924	0.107849660009208
-0.62761428	-0.28506984	0.079467506	0.693887298231783	-0.010035668	-0.0096712136	-0.00083227438	0.039014399972548
-0.63407698	-0.29676928	0.06830123	0.703413591094991	-0.0099330445	-0.0096755328	-0.00074257224	0.0391606579962445
-0.60605623	-0.31005398	0.072774976	0.684641381722909	-0.0097697164	-0.0098040768	-0.00055808454	0.0695971859734164
-0.62813826	-0.29116819	0.066374057	0.695515710812015	-0.010088819	-0.009693277	-0.00097546203	0.0897327332779956
-0.58544897	-0.30042977	0.032639309	0.658842824707313	-0.010160409	-0.009944723	-5.7006651e-05	0.147760185302006
-0.58403649	-0.2994342	0.075785049	0.660683612202613	-0.010734722	-0.009318515	-0.00033825665	0.119642338997427
-0.61562495	-0.2825539	0.070128765	0.680991063926787	-0.010897863	-0.0097835061	-0.00076248081	0.106742856622444
-0.61148449	-0.30174138	0.031538385	0.682609560175707	-0.010193206	-0.010014081	-0.00051932535	0.12083768721557
-0.61460641	-0.27433208	0.12744516	0.68501196933896	-0.011042229	-0.0093380299	-0.00067688394	0.210569627573111
-0.59838647	-0.25177851	0.092540548	0.655761037727175	-0.010961483	-0.0094913913	0.00058898252	0.148676810765457
-0.5966337	-0.26300312	0.19344961	0.680121433800301	-0.011230758	-0.0094179691	0.00065590088	0.134367219957874
-0.5323553	-0.3016891	0.28741571	0.676037180080877	-0.011538173	-0.0093444668	0.0018026183	0.273312212797214
-0.57977544	-0.20537348	0.15451928	0.634187696984278	-0.0097808104	-0.0064241885	0.00057479174	0.571905495953066
-0.62018249	-0.1504792	0.054964059	0.640539895960428	-0.0091161883	-0.009022346	-0.00054816	0.414143077899369
-0.66306297	-0.20966536	0.11166396	0.704330111050232	-0.0093964061	-0.0099012726	-0.0006264743	0.220639474538615
-0.62501272	-0.17746435	0.080306107	0.654662941141635	-0.0099195915	-0.0088374612	-0.00050604439	0.186980445689866
-0.66867033	-0.14231796	0.029744971	0.684294655291608	-0.0077765017	-0.0080602168	-0.0011279126	0.306475234514825
-0.72246846	-0.17260715	0.0644492	0.745592115909586	-0.008224048	-0.0079435281	-0.0019102006	0.186117697812559
-0.71499737	-0.16725186	0.081880092	0.738849628304911	-0.0091275453	-0.0082826017	-0.0020055199	0.097151780380456
-0.70930528	-0.1431325	0.072447656	0.727220431266905	-0.0094028077	-0.0085252173	-0.0022921134	0.0794674608777563
-0.74000287	-0.1715428	0.040866572	0.760724165875587	-0.0098770896	-0.0087983918	-0.0022319972	0.131067603734814
-0.60891701	-0.18024064	0.042052399	0.636423614926886	-0.010010927	-0.0082293375	0.00034906643	0.305167257288689
-0.59488364	-0.17506494	0.051883571	0.622275006164128	-0.010385124	-0.0085508721	0.00058175056	0.0754610282953418
-0.60789815	-0.19157229	0.037007491	0.638443151313711	-0.010730041	-0.007832764	0.00017265251	0.118004096500386
-0.55902599	-0.1746374	0.027207014	0.586300691271157	-0.01064941	-0.0075776775	0.00080977532	0.124249541925527
-0.55410497	-0.18023601	0.062131007	0.585984299371796	-0.01072238	-0.0077832891	0.0006833747	0.0656927339768739
-0.54514881	-0.18575073	0.051229684	0.578199826411846	-0.010411621	-0.0081535282	0.0011357821	0.0820424776388397
-0.58698031	-0.14826494	0.048702253	0.607371621174529	-0.010206327	-0.0082235719	0.00061451536	0.121674942686179
-0.55544084	-0.16111753	0.067045442	0.582209993478454	-0.010456505	-0.0080112942	0.00048702797	0.0922324034431331
-0.57600515	-0.18353063	0.042974001	0.606062859558864	-0.010379107	-0.0082608464	0.00057397357	0.0877436409652872
-0.57115101	-0.18298056	0.038231349	0.600963391238013	-0.010683269	-0.0083762064	0.00077449745	0.0411491559213799
-0.54044329	-0.170607	0.057423611	0.569634241645728	-0.010655183	-0.0083119586	0.0010268849	0.0795096044659077
-0.54855381	-0.18034069	0.066711189	0.581278272149395	-0.010417232	-0.0081874639	0.00076323995	0.0584363204297332
-0.57213925	-0.1759545	0.067786109	0.602410378425017	-0.010511995	-0.0081749787	0.0001944929	0.0628463121149429
-0.58039887	-0.17788626	0.064851655	0.610501520841925	-0.010889904	-0.0082849374	0.00018354841	0.0380664433847876
-0.55716306	-0.17104089	0.06993598	0.587006561103976	-0.010876075	-0.0086425848	0.00078112608	0.083618207960116
-0.5779983	-0.16482974	0.083960598	0.606877467045758	-0.011157375	-0.0086609507	-0.0001736967	0.103795440140074
-0.62570727	-0.16776044	0.047039693	0.64951203659161	-0.010946161	-0.0095437481	-0.00038530189	0.152841403027315
-0.62222093	-0.17434327	0.076064765	0.650646071223721	-0.011166718	-0.0093521312	-0.00035888659	0.0610237019629519
-0.56407526	-0.16585743	0.049360192	0.590022045846212	-0.010875388	-0.0086162544	0.00071054056	0.198167777070228
-0.53532542	-0.13988125	0.086271359	0.559984657632194	-0.011739563	-0.0090110836	0.0015459239	0.196356561312709
-0.52314567	-0.14156089	0.0043295103	0.541977510858872	-0.0087417515	-0.0089958491	0.0022639287	0.282353721801859
-0.48167643	-0.14606361	0.04403362	0.505258073734682	-0.0091311908	-0.0078121007	0.0028573845	0.194008240685808
-0.49495769	-0.19341061	0.060549627	0.534843001525258	-0.010616406	-0.0087519604	0.0023178148	0.225376488117744
-0.53171841	-0.20386913	0.08956414	0.576462336040981	-0.010334161	-0.0091989919	0.0017722428	0.139976177428736
-0.51328606	-0.17462213	0.072532519	0.547006795194124	-0.010767311	-0.0086005423	0.0015974794	0.125029120373053
-0.51880634	-0.18427725	0.1295722	0.565603287034825	-0.010106998	-0.0088828629	0.0018595872	0.132452150315803
-0.53645557	-0.19521439	0.16093246	0.593120976975818	-0.010373461	-0.0090453852	0.0016164584	0.0935523349216998
-0.52196489	-0.20002289	0.1540168	0.579808311081261	-0.010225714	-0.0091685071	0.0021068924	0.0642799847436386
-0.54604835	-0.17112228	0.14597796	0.590560073198216	-0.010618444	-0.0097563002	0.0012751665	0.151635358252046
-0.52782393	-0.16927548	0.11994521	0.567132385437315	-0.010799655	-0.0098581636	0.0018768519	0.0903419595315983
-0.52680776	-0.15730919	0.089506613	0.557031445275225	-0.010612658	-0.01001551	0.001898393	0.0617152819782408
-0.54532051	-0.15904477	0.056499156	0.570843106395904	-0.010421563	-0.0092806425	0.0017946094	0.104743091156361
-0.5473333	-0.14490368	0.083383425	0.572296787804338	-0.010563573	-0.0091112449	0.0016721061	0.0647336939800765
-0.53808142	-0.14485216	0.10893553	0.567785798080811	-0.010383997	-0.0094831792	0.001547389	0.0686668748767034
-0.52266564	-0.14930793	0.077319312	0.549045084857016	-0.010866007	-0.0097870419	0.0019465209	0.110737997575775
-0.54121651	-0.1548418	0.042006104	0.564496064199813	-0.01074305	-0.0094138911	0.0017957052	0.0917441228807346
-0.57679669	-0.15968841	0.075668515	0.603258264796753	-0.010726346	-0.0088887431	0.0010526617	0.138333974843594
-0.53186897	-0.17635945	0.11355388	0.571735726114975	-0.010841363	-0.0085677934	0.001554483	0.146373524664681
-0.56187928	-0.17537357	0.064174646	0.592100160054943	-0.011094039	-0.0088566116	0.0011905956	0.125644503815817
-0.56539122	-0.17688446	0.055524942	0.595011229328223	-0.010776793	-0.0085972479	0.0011655182	0.0437568888970994
-0.56600293	-0.17058269	0.090414529	0.598023877408346	-0.01123106	-0.0084442203	0.0008659334	0.0871470367412221
-0.59255423	-0.18099944	0.081272491	0.624889214632923	-0.011092546	-0.008953283	0.00051237484	0.0961668506275528
-0.61434084	-0.17955073	0.074582583	0.644372325618031	-0.010907082	-0.0092918603	0.00049737468	0.0568773009058429
-0.62444698	-0.17055141	0.064517399	0.650526178610695	-0.010694303	-0.0090072029	0.00011691365	0.0730655153171431
-0.5932088	-0.17185087	0.071985454	0.621780755174027	-0.011043305	-0.0088521551	0.00032820223	0.0757726138840226
-0.59598706	-0.1639341	0.050258198	0.620161955699042	-0.010950644	-0.0089535579	0.00042569241	0.0469999849942399
-0.60341756	-0.1595907	0.064514814	0.627490322210867	-0.011169198	-0.0088072805	0.00013658753	0.0587273299213892
-0.61678007	-0.16083577	0.064370958	0.640647656590216	-0.010961253	-0.0089170006	-0.00017406127	0.0461671309160602
-0.60428046	-0.16192711	0.067184811	0.629197156795761	-0.011256181	-0.0090169768	0.00011015421	0.050360786896643
-0.59668121	-0.18250825	0.057888918	0.626648908490502	-0.010685221	-0.0088272569	0.0002070753	0.0803563320961054
-0.61168936	-0.19455111	0.089507051	0.648093758431724	-0.011227313	-0.0089773295	-0.00018754754	0.113008514533053
-0.62443475	-0.16757373	0.082227082	0.651736913952179	-0.01130519	-0.0093763259	-0.00045525804	0.0842319338267119
-0.64079522	-0.18056045	0.059268329	0.668381122490382	-0.011229089	-0.0094698294	-0.00048911744	0.0624791379972978
-0.63096758	-0.18371433	0.070983114	0.660991410331135	-0.011363063	-0.0091787417	-0.00055939361	0.0494631984428828
-0.6246708	-0.17214699	0.063908698	0.651101003085355	-0.011372957	-0.0091809296	-0.00016167403	0.0454286098689321
-0.6196617	-0.18728828	0.054520592	0.649638374193119	-0.011416617	-0.0089574752	-9.8482223e-05	0.0460538063260562
-0.60437409	-0.18503551	0.040163758	0.633339804592267	-0.011156637	-0.0090783721	0.0002206977	0.0669000550419673
-0.60509874	-0.18164915	0.07774384	0.636541438952136	-0.011984466	-0.0095238717	0.00055498032	0.122071651556074
-0.62637809	-0.18284094	0.051358857	0.654536517823473	-0.012106324	-0.009734118	0.00045096256	0.0706622259745238
-0.60777766	-0.17715672	0.062480552	0.636146214965128	-0.011100631	-0.0095613281	0.00017592857	0.108082187326792
-0.58684768	-0.19200397	0.10964272	0.627118210599997	-0.011948451	-0.009808778	0.00051114364	0.154463645120351
-0.63461013	-0.21843571	0.071638354	0.674963873304083	-0.012265221	-0.00991089	0.00018842175	0.149278750361538
-0.63752822	-0.20528714	0.066327815	0.673041172728996	-0.011982327	-0.010239367	0.00030042936	0.0575461293760694
-0.64744735	-0.19301348	0.07461652	0.679713100904082	-0.012047837	-0.010462642	0.00013238108	0.0533231589663386
-0.6612779	-0.22721006	0.093469804	0.705442752215523	-0.011970304	-0.010522477	-3.5304632e-05	0.0821330995887598
-0.66266045	-0.20639691	0.11817597	0.704048376418262	-0.012080766	-0.010723598	8.5787626e-06	0.0646751857100675
-0.64603176	-0.21225479	0.080032127	0.684700133020862	-0.011790033	-0.010269484	9.8194789e-05	0.102353564072206
-0.64302968	-0.2266431	0.13899078	0.695825194329381	-0.012618786	-0.010197831	0.00011832249	0.122375726863355
-0.66773967	-0.20272964	0.086092861	0.703126983226646	-0.012434014	-0.010425254	-0.00031049861	0.143572173798071
-0.68259589	-0.183844	0.11436151	0.716110550369405	-0.01228439	-0.01040576	-0.00055456911	0.0826699339627157
-0.70130458	-0.20384292	0.063526712	0.733086415847841	-0.012216711	-0.01065279	-0.0008978558	0.122442192383667
-0.64476057	-0.17108704	0.17386938	0.689360231797767	-0.012355488	-0.010540424	-2.1379241e-05	0.256023534538728
-0.66173986	-0.22423723	0.11817162	0.708622967031352	-0.012281478	-0.010355294	0.00029986805	0.154846604466869
-0.65342457	-0.15553018	0.12065786	0.682430673951792	-0.012560906	-0.010786353	0.00012119346	0.123966659275796
-0.77866724	-0.37041408	-0.19462957	0.883973942393015	-0.0089145268	-0.0092045129	-0.0018951508	1.01764205167002
-0.83781529	-0.18231919	-0.24052014	0.890519334403055	-0.0093521186	-0.0086216741	-0.0026348157	0.38113828356988
-0.85404991	-0.091377814	-0.1438403	0.870885288408592	-0.0079945957	-0.0091478642	-0.0032330218	0.327951785038554
-0.85475786	-0.16141644	-0.12943496	0.879442820883913	-0.007890483	-0.0087380812	-0.0028804282	0.128476380762968
-0.81849287	-0.16126816	-0.083668375	0.83841421424363	-0.008128711	-0.0084175121	-0.0023649443	0.135893904617834
-0.80578721	-0.19242547	-0.10147056	0.834635767176928	-0.0081636212	-0.0088080822	-0.0018286044	0.109756164554363
-0.79465654	-0.16812502	-0.098375539	0.818182611394493	-0.0084971055	-0.0091584805	-0.0016783718	0.0802319008260424
-0.75263892	-0.1948242	-0.091484851	0.782809868848687	-0.0083199776	-0.0081172416	-0.0015872712	0.141080855634996
-0.76991263	-0.14688591	-0.085811239	0.788482401280308	-0.0091649211	-0.0091705207	-0.0015438163	0.167969483308715
-0.78457552	-0.15653131	-0.10503057	0.806902855508711	-0.0089152035	-0.0091790024	-0.0017197333	0.0652334359562151
-0.76877083	-0.17039721	-0.075983648	0.791086160287273	-0.008556328	-0.0097882473	-0.0020685135	0.124562541344192
-0.78410576	-0.18620669	-0.060401487	0.80817270053977	-0.0085412612	-0.010647924	-0.0020782101	0.0909485746763681
-0.8046205	-0.15106326	-0.043496861	0.819833052797294	-0.0093663255	-0.01064688	-0.0025129833	0.135606869658685
-0.80017838	-0.19486702	-0.055164574	0.825410034787381	-0.0090923638	-0.010600394	-0.0020111362	0.101028332693639
-0.80005252	-0.18861867	-0.06591451	0.824624617665189	-0.0091800305	-0.010336871	-0.0023284397	0.0505488058939156
-0.82348688	-0.21442586	-0.082509701	0.854936805692668	-0.0088473966	-0.010546012	-0.0026032923	0.106668115861009
-0.82065218	-0.19684765	-0.0098821739	0.843988539738701	-0.0089771478	-0.01045235	-0.0024815016	0.110300632089974
-0.78166288	-0.20284448	-0.047145102	0.808928551652712	-0.0089008285	-0.011035673	-0.0018363574	0.147488382126155
-0.80254285	-0.22900297	-0.033199493	0.835236249626655	-0.0091159248	-0.011010389	-0.0022136857	0.0918694988673112
-0.79529261	-0.21260501	-0.029501784	0.823748493811609	-0.0087604809	-0.01128979	-0.002059711	0.0667868888533984
-0.7869495	-0.21777836	-0.057137662	0.81852406320973	-0.0086020154	-0.011308424	-0.0017085886	0.0675634329015113
-0.75335979	-0.24166803	-0.095114546	0.796869617173168	-0.0088496236	-0.011192341	-0.0011552413	0.141308188612133
-0.76426474	-0.22370341	-0.039076618	0.797289652840932	-0.0094485588	-0.010756277	-0.0017512841	0.16645959693849
-0.76221741	-0.23905184	-0.030878931	0.799421459991034	-0.0094284362	-0.01062731	-0.0015373428	0.0437449919751137
-0.75167359	-0.23461097	-0.071851693	0.790707378829106	-0.0092306433	-0.011117685	-0.0012614715	0.104159411694474
-0.75552559	-0.23728953	-0.099414521	0.798128113261354	-0.0089993622	-0.011235211	-0.0010896323	0.0601257029602731
-0.78277885	-0.21982694	-0.041443318	0.814115569292183	-0.0094014911	-0.010968258	-0.0015073237	0.157025717673074
-0.74273191	-0.23767415	-0.13232774	0.790980608159251	-0.0091158572	-0.011161865	-0.00075605463	0.210304069552956
-0.75833454	-0.20575766	-0.055195671	0.78768905749847	-0.0093281787	-0.010791839	-0.0010961531	0.170773487292555
-0.78858722	-0.23347394	-0.10193268	0.82871596790362	-0.008970746	-0.010959037	-0.0016196797	0.157113833596193
-0.79559564	-0.2242055	-0.087586339	0.831211101584118	-0.0091898725	-0.011068493	-0.0018847431	0.06030549593655
-0.80474104	-0.21539218	-0.061388411	0.835326564686254	-0.0091245567	-0.011005865	-0.0020394738	0.05829037299119
-0.78185092	-0.21574407	-0.065534692	0.813714422079728	-0.0096240021	-0.010849789	-0.0015768848	0.0832938105263016
-0.79928959	-0.23392507	-0.13631152	0.843899056488146	-0.0096289724	-0.011028759	-0.0019651176	0.135005152866148
-0.77818757	-0.19868808	-0.083082737	0.807437668445065	-0.010392236	-0.010988192	-0.0013357645	0.181226976554167
-0.81057433	-0.194309	-0.070360906	0.836503071739184	-0.009835755	-0.011351566	-0.0011671918	0.103909055531049
-0.84721418	-0.19396613	-0.039616725	0.870036902251838	-0.0099492031	-0.011458972	-0.0017683079	0.108825410541861
-0.84935669	-0.22876208	-0.01640463	0.879777237702317	-0.010654821	-0.011856384	-0.0019927302	0.126523164113763
-0.83174394	-0.21277041	0.049554032	0.859956296090533	-0.010060043	-0.011599862	-0.0012857666	0.177476260790359
-0.82470183	-0.2073623	-0.0014215362	0.850373007939343	-0.0097339563	-0.011904245	-0.0016369367	0.11250777797879
-0.85188169	-0.17869045	-0.0076882143	0.870454938131539	-0.0099958961	-0.012006321	-0.0023991053	0.118427607137957
-0.87655246	-0.19800662	-0.010156646	0.898695718335102	-0.0099520154	-0.012320888	-0.0026464932	0.0767471516034333
-0.86380142	-0.18463721	0.013606462	0.883418886100336	-0.010244666	-0.012372534	-0.0021273849	0.0930538026560675
-0.89305966	-0.19763651	0.008899402	0.914710307015425	-0.010313122	-0.01301543	-0.0025970513	0.106015519229913
-0.87200779	-0.19976905	0.033166632	0.895212424308784	-0.010059499	-0.013361266	-0.0014895703	0.132798637049962
-0.92381965	-0.20673968	-0.010185414	0.946724766587933	-0.0098394555	-0.013423218	-0.0021491772	0.149214655379428
-0.90681146	-0.19398323	-0.0093359035	0.927374615030369	-0.010448294	-0.012641836	-0.001844183	0.115374883976798
-0.83777324	-0.19864244	-0.07252136	0.864049864467034	-0.01049669	-0.011900525	-0.0001532121	0.26091677057786
-0.85541794	-0.19480245	-0.028568276	0.877783568423024	-0.010978268	-0.011923936	-0.00082797	0.12442511812726
-0.82543362	-0.18241991	-0.064103294	0.847777634107177	-0.011242601	-0.011959675	-0.00010769527	0.128919213682936
-0.78916088	-0.20519664	-0.059525274	0.817571901323938	-0.011242004	-0.011488007	0.00034028064	0.109639535094098
-0.7742073	-0.20599447	-0.022137107	0.80144913534809	-0.011141571	-0.011737409	0.00040063077	0.0736488334651125
-0.77062683	-0.21775885	-0.043254175	0.801969794645722	-0.011138729	-0.011446129	0.00046307208	0.0542900834480067
-0.77166892	-0.22592605	-0.017067553	0.804243000297781	-0.011288645	-0.011824223	0.00027884929	0.0710075513673501
-0.76597566	-0.21839986	2.9228058e-05	0.796503114504102	-0.010956762	-0.011756129	0.00027907479	0.0503263559811845
-0.76784949	-0.23190522	0.016379358	0.802272493436613	-0.011103462	-0.0119462	0.00018591754	0.0532257324194329
-0.74629625	-0.22634645	0.014175849	0.779994719781189	-0.011027433	-0.011509948	0.00046307573	0.0687874782817594
-0.75645284	-0.22634549	0.026269036	0.79002736803213	-0.011245298	-0.012127749	0.00032027589	0.0711740284811375
-0.81008111	-0.22092753	0.053435865	0.841365419992426	-0.011393981	-0.012165795	-0.00050726632	0.136926618312366
-0.76294621	-0.23881248	0.0098836479	0.799509853881067	-0.011410071	-0.01172884	0.00023373626	0.168274445078531
-0.79196225	-0.18651604	-0.010724246	0.813699851330091	-0.0117961	-0.011964256	-0.00042375474	0.165867173160829
-0.78609014	-0.20590815	-0.032234213	0.813249604321681	-0.011687367	-0.012049356	-0.00017701595	0.0688027764647432
-0.80807145	-0.22451381	0.0048379486	0.838695013060454	-0.011803045	-0.012042486	-0.00054223145	0.102047306495288
-0.79749617	-0.21905424	0.0019260908	0.827036039754264	-0.011185344	-0.011711315	-0.00041975194	0.0725142827294899
-0.77786285	-0.22080535	-0.019635348	0.808833210798015	-0.011450775	-0.011800241	-0.00040442928	0.0614298517595679
-0.77555317	-0.21732491	-0.012381556	0.805522277117485	-0.011211937	-0.011657167	-0.00034272194	0.0352248789650252
-0.81896922	-0.17654271	-0.0086533205	0.837826230024597	-0.011061063	-0.012279068	-0.001379799	0.178419085667984
-0.82267021	-0.23167102	0.01635412	0.854824656388817	-0.011239185	-0.012475334	-0.0011187074	0.115610720435396
-0.85769093	-0.12879266	-0.011778751	0.867386891559505	-0.0098031193	-0.012911386	-0.0017659881	0.292001864092333
-0.865194	-0.014518536	-0.054382452	0.867023008119805	-0.0081112079	-0.011570481	-0.0018741505	0.321429819884474
-0.87145504	-0.0014012799	-0.029038655	0.871939845293796	-0.008713511	-0.011431091	-0.0025487972	0.115539081999439
-0.89428612	-0.15815274	-0.040630134	0.909071373096205	-0.010140568	-0.012590706	-0.0022322545	0.336334744730731
