0	0	0	0	1.3877788e-17	-3.469447e-18	4.8148249e-35	0
0.0081607572	0.033228349	-0.038322434	0.0513744107803438	0.00014268797	0.00028712711	-0.00023768709	0.113086648616657
0.040208849	0.046831968	-0.058209732	0.0848431356337662	0.00033185498	0.00077495394	0.00022668734	0.122607421835418
0.040307135	0.017416873	-0.037377244	0.0576634283236948	0.0010234764	0.0006776272	-8.0810192e-05	0.105168152848276
0.02546258	0.019948672	-0.02412807	0.0403541355593808	0.00066851975	0.00075187024	-0.00019717045	0.0579035253026933
0.017056199	-0.020640264	0.011808048	0.0292637048216319	0.00079951222	0.00083795616	-0.00014535775	0.0983759894936984
0.0090934149	-0.054226016	0.021372679	0.0589910367209531	0.00032866862	0.00040408256	-0.00017460415	0.0978113467123267
0.076117849	-0.022491506	0.0045831219	0.0795034576913803	0.00093926122	0.00071813007	0.0011604755	0.228534483703515
0.093988619	-0.0086822953	0.033381032	0.100117611091099	-0.0010600757	0.0014350518	0.0018166881	0.229101435293539
0.075181091	0.036011436	0.042437173	0.0935410798471148	-0.00038589554	0.001128595	0.0016509177	0.129877767592158
0.054810491	-0.022426425	-0.013708829	0.06078705828129	-0.0032491697	0.00082784825	0.0017571587	0.298467509536477
0.057604577	0.030174418	-0.051925043	0.0832165421267881	-0.0038610571	0.0011358524	0.0016937606	0.142775624961316
0.067039517	0.054774341	-0.071839812	0.112496594880791	-0.0018709949	0.0011349347	0.001405365	0.167918390530575
-0.0086162527	0.036031837	-0.094959779	0.101930823188639	-0.0018959614	0.00047943108	0.00034178802	0.204720592606688
-0.016759806	0.074227562	-0.12875958	0.149564873882198	-0.00043450874	0.00080353992	0.0002457728	0.174217908724237
0.0023692048	0.067834221	-0.16273023	0.176318525475669	-0.00081811274	0.00081693647	0.00078959984	0.10653438084732
0.0090211587	0.084986742	-0.22924284	0.244655691352829	0.00088026061	0.00066141751	0.00092866787	0.189965091680497
0.028238706	0.08064166	-0.21430876	0.230713559325948	0.00014778148	0.00071074117	0.0010681953	0.0845632194753538
0.017951416	0.091641494	-0.19746175	0.218429758668593	0.00072949678	0.00093246698	0.00073526895	0.0949525064903119
0.020704032	0.058655773	-0.17730466	0.187899172709728	0.00011800024	0.00084999814	0.00077232755	0.0924466255223595
0.023688487	0.051555278	-0.16879543	0.178075793680363	0.00059266016	0.0009505098	0.00088653992	0.0530633772719852
-0.030069492	0.05900148	-0.18730495	0.198666789589581	0.0010970296	0.00052766099	0.00010700259	0.165051478588292
-0.046641431	0.056802229	-0.20018119	0.213247333242206	0.0015884162	0.00049883104	-0.00018993871	0.0725053221982144
-0.053078548	0.064411893	-0.23852345	0.252704690137588	0.0016961871	0.00063066359	-0.0005372187	0.0817332129053623
-0.047802997	0.060512118	-0.26201672	0.27312928167186	0.0016936044	0.00070810648	-0.00048899107	0.0390812569987986
-0.032724292	0.049461077	-0.25568067	0.26246882183709	0.0019422876	0.0011049089	-0.00020631563	0.0788738487907415
-0.0058586283	0.045935297	-0.25633621	0.260485369249791	0.0030505261	0.0010895308	0.00039030817	0.117059000421858
0.024808782	0.046894061	-0.24576159	0.251422528307873	0.0026171146	0.0014990958	0.00096251144	0.112959782096948
0.034499245	0.03614751	-0.20276223	0.208828547615844	0.0024834983	0.002119078	0.00091943297	0.10327022199839
-0.0013354753	0.035427313	-0.21741742	0.220288929635906	0.0027001928	0.0017217808	0.00025261502	0.115250589030449
-0.01421695	0.063278298	-0.25969353	0.26766956156601	0.0033075122	0.0013891159	-3.9337004e-05	0.144605385304789
-0.00012141315	0.053295127	-0.24942657	0.255056854691388	0.0033581574	0.0015914189	0.00025416728	0.0616682919798056
0.014706587	0.040854969	-0.25456618	0.258242816343402	0.0038204979	0.0014400131	0.00050972452	0.0758729449021033
0.014129675	0.055827201	-0.25742944	0.263792040565696	0.0041717397	0.0016020054	0.00034088269	0.0525162003908392
0.015792324	0.039341215	-0.22466211	0.228626753387807	0.0037634269	0.0018752225	3.3502238e-05	0.100361482355186
-0.011951653	0.04035238	-0.25810773	0.261516265013956	0.0043175017	0.0016897044	-0.00020672998	0.111192017503439
0.0086522128	0.029790115	-0.25854479	0.260399155479033	0.0045890314	0.0019599305	-4.9508946e-05	0.0665520324090871
0.016666236	0.039904069	-0.26291957	0.266452244190492	0.0046349284	0.0019175028	0.0001771323	0.0382510544753859
0.011117479	0.041502764	-0.26324709	0.266730403502157	0.0046354924	0.0020231741	-3.5762984e-05	0.0234315011774389
0.021684552	0.021393237	-0.26110635	0.262877188807058	0.004579547	0.0021568106	0.00020164454	0.0541668111667865
0.045197013	0.032276207	-0.26346139	0.269251606389193	0.0051191617	0.0028631066	0.00052426337	0.115176946368657
0.048590746	0.04785474	-0.28162124	0.289761383825453	0.0054900555	0.0030086833	0.00032379111	0.0729792538704939
0.03382274	0.055754569	-0.29381716	0.300966897209559	0.0061179763	0.0031664146	0.00017861298	0.0814052659696593
0.03104124	0.053742574	-0.28827062	0.294875860653373	0.005834883	0.0029056498	-0.00013371563	0.0531493703523197
0.025877307	0.058973913	-0.31416414	0.320697153548396	0.0062878852	0.003446793	-0.00031988961	0.0953047604627497
0.051092627	0.060205153	-0.31336027	0.3231559620307	0.0064526037	0.0035705338	0.00021058345	0.0681970476757503
0.048014858	0.057177088	-0.33098325	0.339300099854808	0.0071352343	0.0033911307	0.00035045634	0.0738241428195709
0.050109425	0.053778889	-0.29842302	0.307342516163686	0.0068180573	0.0033604987	0.00080627783	0.078234520236157
0.083248438	0.05857576	-0.3057597	0.322258306693726	0.0067698928	0.003900525	0.0013152303	0.100129726897012
0.06298879	0.069250747	-0.3358594	0.348661426306499	0.0064997069	0.0037800824	0.00063177558	0.114738495290167
0.062164045	0.061105035	-0.30931218	0.321359951595506	0.0064569262	0.0036479931	0.0004131416	0.0551928759732628
0.043032005	0.048958703	-0.27292774	0.280603384361753	0.0068256768	0.0034863901	0.00070987819	0.109017321332312
0.11655876	0.074047763	-0.30516272	0.334952685339049	0.0072534557	0.0036148607	0.002105151	0.228426904673543
0.11612621	0.068725264	-0.25112968	0.285086959957372	0.0060632986	0.0034520408	0.0015574173	0.154823620136521
0.086376239	0.10012801	-0.29397449	0.322346822259977	0.0063209453	0.0032751109	0.0011387012	0.146662161799891
0.073470655	0.058191663	-0.31966127	0.333117898538712	0.0073382906	0.0033033145	0.00072432823	0.153524802158092
0.06425182	0.065355738	-0.31276137	0.325913091831417	0.0077253771	0.0034514255	0.00061489794	0.0555141993696687
0.086329478	0.016246175	-0.25243335	0.267281337107748	0.0069105773	0.0038661702	0.001248287	0.22466191719502
0.09854806	0.01720702	-0.26098272	0.279499162441755	0.006831374	0.0038365572	0.0014141977	0.0354651469893964
0.062433032	0.024771293	-0.26731478	0.275624186253771	0.0068460828	0.0039848892	0.00050252548	0.103747010414584
0.054683339	-0.0018411575	-0.23114375	0.23753124129089	0.0066612296	0.003942019	0.00019368358	0.0973614384253048
0.055547251	0.0024847139	-0.2104807	0.217701162076163	0.0070281875	0.0042318452	0.00011968929	0.0623917527454914
0.03830637	-0.0094376539	-0.16211561	0.166846990681238	0.0063454268	0.004113642	-0.00033564477	0.140343235936807
0.0079320774	0.0027931958	-0.16352554	0.163741631929538	0.0062538295	0.0037395249	-0.00090913402	0.0959752542963622
-0.0037308795	0.013964446	-0.18345875	0.184027275601996	0.0064000144	0.0037988472	-0.0011938038	0.0672762660449969
-0.033062682	0.046241299	-0.22039292	0.227605882745519	0.0068756217	0.0039240758	-0.0016872203	0.153255445021512
-0.026927297	0.038389268	-0.20478852	0.210088441245806	0.0075638782	0.0033940002	-0.0015621654	0.0967611650064136
-0.048878924	0.02518792	-0.15244353	0.162057429216266	0.0066628855	0.0032672591	-0.0020881247	0.165182618168857
-0.023067258	0.020628221	-0.19275791	0.195226109321554	0.006916413	0.0037928464	-0.0014841255	0.139841444204514
-0.040295295	0.052596273	-0.23902845	0.248041687306852	0.0071803081	0.0038481735	-0.0019436315	0.134403038759229
-0.017261254	0.041663388	-0.18384012	0.189290724841196	0.0055653193	0.0038049349	-0.0017416432	0.182166032207255
-0.028279562	0.078164854	-0.16932816	0.188630601432373	0.0061293192	0.0042542151	-0.0017042284	0.114566478437194
-0.027018789	0.07467271	-0.18099534	0.19764954257343	0.0066156417	0.0044026365	-0.0018441058	0.0551511617478619
-0.12145003	0.039416979	-0.18827602	0.227489928848571	0.0069207155	0.0027989607	-0.0037072458	0.325562109874608
-0.12924138	0.052017177	-0.20762102	0.250031215957516	0.0072859502	0.0027549455	-0.0041114622	0.080409862760726
-0.10473454	0.096753368	-0.24397487	0.282584987711435	0.0077664862	0.0031143556	-0.0036346876	0.171432915446318
-0.081494104	0.089016797	-0.2552452	0.282339142270324	0.0083132947	0.0024856955	-0.0031835463	0.123577830950478
-0.17530585	0.11536746	-0.27770057	0.348079586372713	0.0096388737	0.0016449726	-0.0054263125	0.363071154407077
-0.2739598	0.071284217	-0.24428276	0.373911056860533	0.0097891242	0.0012326642	-0.0076026952	0.313102061370358
-0.20135416	0.078157158	-0.26283597	0.34019815728746	0.0096803071	0.0023980221	-0.0065880978	0.212470405524275
-0.2265776	0.089856122	-0.27739746	0.369270743895438	0.009678216	0.0022158832	-0.0071283625	0.0877086286588791
-0.24448558	0.085147767	-0.29125747	0.389684814797579	0.010011662	0.0019821546	-0.0072804479	0.0724393448888319
-0.2500887	0.069378159	-0.25630869	0.36476270558191	0.010434949	0.0016477934	-0.0074951227	0.10493765774351
-0.1803105	0.077121724	-0.27891454	0.340958879260232	0.011024248	0.0022760418	-0.0061315454	0.229183843775056
-0.17368577	0.097857887	-0.25345694	0.322464468093403	0.0106566	0.0026743391	-0.0060934919	0.0930184327647199
-0.18413602	0.099326726	-0.29423982	0.361038701572216	0.010788588	0.002245405	-0.0061518932	0.0836681388303838
-0.22074174	0.094527303	-0.30550529	0.388581791916021	0.01084916	0.0018480647	-0.0070810372	0.122023426197725
-0.2534547	0.074967212	-0.28671283	0.389953349407018	0.011357339	0.0012520443	-0.0076400859	0.154227914921483
-0.23650215	0.072376061	-0.28651606	0.378501008979397	0.011255456	0.0016047553	-0.0075937591	0.0447865109061749
-0.23209611	0.052929622	-0.28677447	0.372705977690157	0.011611224	0.0022211811	-0.007820507	0.0840579733939209
-0.24107287	0.051171788	-0.30389517	0.391263280779685	0.011362162	0.0025740787	-0.0082571658	0.0797862137027986
-0.24836048	0.04468909	-0.30230991	0.393790965456378	0.011420245	0.0025910507	-0.0085405508	0.0332775679521694
-0.24502443	0.042558072	-0.26735979	0.365143010474014	0.011370189	0.002448084	-0.0086474545	0.0554135079911057
-0.24623625	0.042277851	-0.24552931	0.350291806310563	0.011173177	0.0026992039	-0.008588028	0.0487004409506405
-0.23898031	0.032291474	-0.24464676	0.34352054529429	0.011528549	0.0027984961	-0.0085796554	0.0412767069044601
-0.26153505	0.01776379	-0.22868965	0.347872233198899	0.011507953	0.0024169619	-0.0091644822	0.102387383467559
-0.27122827	0.025034173	-0.21809594	0.348937420334177	0.011507754	0.0026838814	-0.0094473662	0.0550574379132202
-0.22401336	0.022003183	-0.19053637	0.294907161346411	0.011172493	0.0029260856	-0.0083665584	0.160719117261599
-0.24029501	0.046045997	-0.20166367	0.317064916804892	0.011695394	0.0029441402	-0.0088391785	0.102130548482189
-0.21369647	0.00795157	-0.21538719	0.303514497795446	0.011264067	0.003295565	-0.0084894114	0.135042431653259
-0.24031659	0.035923208	-0.24995237	0.348595363668045	0.011759032	0.0033246281	-0.0093002604	0.155900791636667
-0.20988349	0.021771418	-0.2051273	0.294282658717093	0.011072787	0.0032527426	-0.0084243185	0.171113577925763
-0.18776668	0.035638202	-0.198353	0.27544567553152	0.011039305	0.0037156015	-0.0078432654	0.0966275933846326
-0.19146232	0.01336517	-0.18386484	0.265786995801407	0.010955358	0.0037626118	-0.0080267512	0.0561789869856814
-0.18525649	0.0091423858	-0.17897322	0.257749808501199	0.01071803	0.0037876303	-0.0080238831	0.0285809641721185
-0.1898559	0.032481864	-0.19943538	0.277263061098064	0.011197044	0.0039076458	-0.0083877597	0.0965463528670416
-0.1835421	0.028385752	-0.17703895	0.256585742406156	0.01119377	0.0039448641	-0.0081784224	0.0452978219807808
-0.16720637	0.030515745	-0.17278251	0.24236950431806	0.011585395	0.0041190865	-0.0078021458	0.0698283627528612
-0.16589858	0.041482265	-0.181016	0.249017889741975	0.011893811	0.0041237767	-0.0077558073	0.0384800349386745
-0.1605547	0.044248547	-0.16988913	0.237903472223207	0.0122019	0.0043567973	-0.0076792045	0.0501226519117799
-0.077857525	0.062553198	-0.1927371	0.217076683445189	0.012541985	0.0053756301	-0.0061050339	0.270504205588088
-0.036451874	0.076585189	-0.18124838	0.200112482231624	0.012635778	0.0060688153	-0.0055015282	0.136450555846431
-0.048749649	0.081434935	-0.1930229	0.215095366850352	0.012400456	0.0061475477	-0.0054943975	0.044981295971834
-0.07357696	0.086293168	-0.23704224	0.262771960891065	0.013904953	0.0059383896	-0.006039033	0.186619406549688
-0.036441126	0.069978835	-0.21807038	0.231904470947521	0.013499147	0.0062643965	-0.0054585081	0.138038916381004
-0.030209156	0.063806154	-0.20119731	0.213223300663272	0.013176113	0.0059011253	-0.0050273584	0.0851504656629276
-0.064423879	0.079784687	-0.1991232	0.22397785882389	0.013521295	0.005840418	-0.0057752824	0.109958030042221
-0.029095625	0.084817651	-0.22922876	0.246143075723117	0.013766938	0.0065823069	-0.0053227607	0.142469456925369
-0.047388825	0.088588771	-0.18807409	0.213226486186635	0.012877517	0.0063615886	-0.0059355864	0.149367238032299
-0.13897805	0.07811125	-0.2304372	0.280209865818827	0.014830895	0.0053342414	-0.0073608413	0.364728837181302
-0.12996644	0.00781144	0.0086473976	0.130487821678499	0.01019761	0.0059207041	-0.0062590762	0.634471447176343
-0.078937201	-0.025265461	0.021847124	0.0857130214630677	0.0078426347	0.0047830583	-0.0048310416	0.343338615056192
-0.099774175	0.12489931	-0.16889128	0.232548893988867	0.010873092	0.0050707008	-0.0057268397	0.572434984472173
-0.14535164	0.079612787	-0.19297293	0.254369508426977	0.010791441	0.0056259895	-0.0065068386	0.18579256665351
-0.082664876	0.08512461	-0.084863439	0.145881747421171	0.0095373575	0.0055736304	-0.0054768905	0.293127606614512
-0.085768847	0.047565119	0.0078026565	0.0983850451524548	0.010165351	0.0058513977	-0.00575088	0.192317071896531
-0.075369921	0.07974209	-0.045930591	0.118949758716542	0.010961194	0.0060530148	-0.0054587103	0.160790633380841
-0.042479859	0.016614886	0.050199283	0.0678274345023234	0.0090315771	0.0058836091	-0.0046842123	0.335823154053711
-0.061781944	0.042546593	-0.0047595526	0.0751656472151937	0.0094921901	0.0052842019	-0.0053029965	0.184132846454136
-0.074101064	0.041501282	0.022754183	0.087926542850115	0.0082876718	0.0052346574	-0.0049727452	0.120093867883889
-0.067988147	0.045646342	-0.010904082	0.0826128057551449	0.0093624409	0.0052327225	-0.0052763345	0.112930904355256
-0.13503705	0.028517665	0.010251117	0.138395619473676	0.010150357	0.0048005744	-0.0064777399	0.226406254200145
-0.097842371	0.028737895	-0.0044204452	0.102071232517781	0.010307789	0.0047795966	-0.0052874901	0.120519447678892
-0.12743225	0.041013588	-0.0061748932	0.134012022023129	0.010427992	0.0050832357	-0.0058541446	0.0931448495589947
-0.11792652	0.044581659	-0.039524058	0.1321224416944	0.010162123	0.0051482295	-0.0055804542	0.0766506257175645
-0.1201208	0.043699762	-0.047691069	0.136429886219477	0.010059956	0.0052547881	-0.0055065594	0.0253742079944169
-0.15437337	0.059870884	-0.042778541	0.171013635965636	0.010131784	0.0047591401	-0.0060880213	0.112783114335988
-0.12007476	0.068998072	-0.038666073	0.143783681723679	0.010151225	0.0052462197	-0.0055269524	0.100917740391273
-0.1287265	0.059629408	-0.052056958	0.151116196937635	0.010313902	0.0052468542	-0.0055451694	0.0404877139910185
-0.1304885	0.073608717	-0.034223167	0.153677314559261	0.010111563	0.0048742914	-0.0058485914	0.0774912898168097
-0.20037971	0.051011581	-0.0502989	0.212800819822231	0.010134676	0.0040674157	-0.0067950865	0.197388266139067
-0.091498557	0.068642724	-0.059919757	0.129128566824547	0.01008505	0.0051778009	-0.0050094011	0.283417968285119
-0.16195418	0.081166299	-0.059093398	0.190549610862936	0.010254527	0.0046031004	-0.0062888048	0.184984612231453
-0.03513483	0.082212983	-0.056470054	0.105746384579569	0.010500867	0.0059320336	-0.0045620719	0.295589667353402
0.037818311	0.056554167	-0.003269792	0.0681123336238003	0.010325251	0.0065153917	-0.003567477	0.239490666525398
-0.053953886	0.045286526	-0.016362857	0.0723162107749854	0.010129834	0.0051564243	-0.0048658474	0.258770633195955
-0.12968948	0.037790443	-0.010420024	0.135484522012543	0.010313436	0.0044011721	-0.0059491587	0.190282781440992
-0.1410646	0.04578004	-0.00024225179	0.148307424364026	0.01011581	0.0043849391	-0.0063738068	0.0614678440343795
-0.16237388	0.029047459	-0.016957992	0.165821003715703	0.010221582	0.0041683686	-0.006532875	0.0788281361779875
-0.17048215	0.042068933	0.0023534829	0.175611780567653	0.010152951	0.0039532267	-0.0067159263	0.0637824288658022
-0.21317024	0.022762381	0.010160112	0.21462270403268	0.010155111	0.0036010243	-0.0077049948	0.136972813993225
-0.1243572	0.024952299	0.0069521086	0.127026226548739	0.010046681	0.0041395235	-0.0057429612	0.224659085336612
-0.07845692	0.030811543	0.027466285	0.0886523338081321	0.0095777137	0.0048563724	-0.0052589	0.155767569181392
-0.11355165	0.037332471	0.023363454	0.121793027680153	0.009857791	0.0043202747	-0.0058487636	0.116020418205663
-0.029900227	0.027500478	0.038220561	0.055777335433263	0.010179179	0.0052736079	-0.0046741193	0.230808792749189
-0.071974696	0.041395663	0.054959224	0.099571452144599	0.0097920777	0.0048607979	-0.005035867	0.130791266633973
-0.083511245	0.026209732	0.052635479	0.102135066174754	0.0096911856	0.0048370427	-0.005746419	0.070806189250444
-0.049429388	0.018706454	0.066043721	0.0845870492618965	0.0080139136	0.005176334	-0.0042803731	0.229123820523775
-0.0029302471	0.037965039	0.21006073	0.213484052852834	0.0049947342	0.005280352	-0.0029448865	0.432708872599673
-0.0072463263	0.054982187	0.16484496	0.173923577957535	0.0067878363	0.0054327821	-0.0040383822	0.218500377457752
0.083703909	0.013190113	0.25666608	0.270292064414402	0.0054183013	0.005193997	-0.0023798059	0.387908234414818
0.058893276	0.012102447	0.34775905	0.352918183207245	0.0042854056	0.0036626581	-0.0033681345	0.299619416478336
-0.0065821383	0.035247001	0.30194915	0.304070657594278	0.0051214642	0.0032571959	-0.0043682609	0.246512224859506
0.031465354	-0.011546831	0.47884981	0.480021393633163	0.001836924	0.0034605616	-0.0033966816	0.484716168550344
0.085649708	0.023089777	0.49605401	0.503923199624184	0.0028119442	0.0032919786	-0.003069508	0.17956399998598
0.0471921	0.059362668	0.37596063	0.383532809501984	0.0060171186	0.0022206967	-0.0039064967	0.45049605661872
0.011540169	0.034068464	0.41801129	0.419556044298413	0.0055855621	0.0015680843	-0.0045037225	0.187066528809707
0.11176409	0.017533027	0.39322071	0.409171291297685	0.0057868844	0.002138453	-0.0028246125	0.264089977733724
0.086511416	0.043292325	0.39754817	0.40914911459342	0.0050772025	0.0019899549	-0.0032696549	0.120500551064894
0.087208257	0.037691582	0.38597391	0.397494395738266	0.005293307	0.0018244875	-0.0032069331	0.0400865289690219
0.14274759	0.029392885	0.40114413	0.426799050107762	0.0041465719	0.0027657791	-0.0022477143	0.23137051828219
0.059552908	0.069501966	0.31154877	0.324714810591748	0.0064249032	0.0023295253	-0.0047075124	0.471618227181994
0.043482189	0.045448515	0.31707613	0.323254606296204	0.0068205889	0.0014636909	-0.0056171884	0.154211331950402
0.029738913	0.05265482	0.30450841	0.310454996378512	0.0070550809	0.0017104198	-0.0053818775	0.0693438909147021
0.086444155	0.030389378	0.33433337	0.346662528295817	0.006439657	0.0024477683	-0.0040610614	0.242475062878729
0.11829061	0.02822691	0.30730609	0.330494265931208	0.0067210565	0.0026901292	-0.0036544741	0.10755358778389
0.14030266	0.025499711	0.30277427	0.334674962072444	0.0065120764	0.0030991095	-0.0038028863	0.0675896988316589
0.10884387	0.04765459	0.28679491	0.31043400004921	0.0066337776	0.0030321561	-0.0042335042	0.100556653829265
0.022916994	0.018909836	0.30781908	0.309249666974096	0.0067274983	0.0016434118	-0.0056503861	0.280663133492422
0.090934018	0.054311542	0.27809882	0.297586446111772	0.0066175733	0.0022444339	-0.0042585587	0.238277708927794
0.13723845	0.022998548	0.33835556	0.365852170078878	0.0066488154	0.0027128313	-0.0037097268	0.190297735441433
0.10912766	0.058502202	0.28995815	0.315288887478368	0.0073554391	0.0024913336	-0.0042522843	0.185545797909566
0.088717194	0.028746124	0.30646724	0.320342393931048	0.007433239	0.0024091285	-0.0044580726	0.0849652989797056
0.09156717	0.04282171	0.29916846	0.315784757276067	0.007031023	0.0021962914	-0.0043712184	0.059319706842987
0.034899972	0.040963969	0.30721943	0.311897151271631	0.0070768317	0.0018894085	-0.0057185025	0.151574688844681
-0.020009263	0.027194674	0.31578234	0.317582126631278	0.0074471067	0.00096865086	-0.0061202106	0.161878475132911
0.085684661	0.041332117	0.28211452	0.297722702226782	0.0078047931	0.0020183405	-0.0042340763	0.318174687516066
0.057187824	0.049955044	0.27936486	0.28950074030599	0.0082674184	0.0020294342	-0.0050088368	0.102293397824862
0.066402983	0.036490865	0.26794371	0.278450661892391	0.0078047122	0.0019495622	-0.0049656357	0.0633894527923871
0.11648814	0.060009703	0.23114042	0.265700103448576	0.0079889547	0.0019439126	-0.0039038269	0.172992327492963
0.16122686	0.048899223	0.29038598	0.335721985839509	0.0076025601	0.0024797902	-0.0034512366	0.183837884366079
0.14106106	0.048113663	0.32154929	0.354410909983179	0.0071109515	0.0026669177	-0.0037078833	0.0988838097036068
0.11940936	0.040887428	0.30325029	0.328467830097787	0.0081009769	0.0025747669	-0.0043081477	0.131298962526163
0.070797451	0.048205218	0.3079769	0.319665126412211	0.007484578	0.0019316466	-0.0053032615	0.173387955904981
0.091279456	0.038375483	0.30935494	0.324815479442626	0.0077345243	0.0020304658	-0.0048710978	0.0707362397973059
0.07240152	0.047512618	0.31656347	0.328194849907742	0.0075133826	0.0013555395	-0.0049058677	0.0817654953368691
0.069324787	0.031580948	0.31899923	0.32796919231807	0.0076829514	0.0018228445	-0.0050466383	0.0603263827714322
0.053464652	0.065528505	0.31032324	0.321641053451069	0.0076657864	0.0015515576	-0.0052859888	0.0848738019298273
0.076409668	0.027124499	0.31433284	0.324621795497987	0.0081952735	0.0017798694	-0.0049210483	0.121495591564688
0.097594218	0.070004576	0.27289291	0.298154007815155	0.007513051	0.0017085354	-0.0042669737	0.175886110754771
0.054238889	0.091953056	0.2721069	0.292300165267321	0.0075742358	0.00098092364	-0.0044054661	0.112454266191465
0.060698726	0.12696277	0.29726865	0.328895926665136	0.007868675	0.0013677559	-0.0046067705	0.110760093809231
0.040911395	0.085958324	0.24160078	0.259679634554471	0.0083096693	0.0011657034	-0.0047447118	0.155509051798674
0.06851831	0.089267251	0.26168503	0.284855148860704	0.008460528	0.00099855573	-0.0043781947	0.0852262653805435
0.060079351	0.078685028	0.27382821	0.291174776791785	0.0084482025	0.0014166882	-0.0046850742	0.0680312352874868
0.081504123	0.08251287	0.29902402	0.320728327901663	0.0073815835	0.0016280417	-0.0042325136	0.136975076259172
0.0535235	0.036396269	0.29273398	0.299804330348997	0.0075037432	0.0014517654	-0.0049426358	0.130815173238758
0.035713255	0.036205033	0.35370413	0.357341367009591	0.0059579871	0.0011905462	-0.0048636943	0.173267463267319
0.03522331	0.047168982	0.30186372	0.307550483469805	0.006979233	0.0013731699	-0.0049963807	0.130122101763483
0.039026732	0.040617508	0.39179543	0.395823858219303	0.0057920018	0.0010879368	-0.0039229834	0.227579679888795
0.066075175	0.021348778	0.50322472	0.507992930947324	0.0048645766	0.0015034827	-0.0033607372	0.253007325818358
0.08349947	0.0084461101	0.49914727	0.506153628273625	0.0048723587	0.0012002747	-0.0030828318	0.0638491877972105
0.053380781	0.064481212	0.43349056	0.441499037473778	0.0058989636	0.00065616966	-0.0033027299	0.241340900288182
0.013870246	0.072420906	0.42903589	0.435326275634786	0.0067966202	0.00076120864	-0.00442763	0.15828467852515
-0.0035434033	0.06484306	0.42331923	0.428271349292599	0.0071920832	0.0013655114	-0.0051045379	0.114541837065231
0.0010481211	0.066415233	0.48895039	0.493441552378229	0.0065400703	0.0015757955	-0.005085937	0.115839751803147
-0.0090336422	0.063553384	0.43479718	0.43951021267452	0.0059889818	0.00088201355	-0.0046259664	0.15233887355287
-0.022060737	0.0086283743	0.44419661	0.444827779365831	0.004861357	0.00085771286	-0.0050963873	0.158468850795971
-0.036920139	0.046142746	0.41388113	0.418078747895988	0.0040716234	0.00021543407	-0.0053826783	0.168604421573001
-0.061736466	0.063190417	0.35090452	0.361854117278266	0.0066292518	-0.00012642057	-0.006483816	0.30487160727976
-0.093858037	0.039037252	0.37500482	0.388538097458199	0.0062583688	-0.00043417561	-0.0065927296	0.119752617830298
-0.086363311	0.071257997	0.39086534	0.406585830590111	0.0075347011	0.00029928033	-0.0068500332	0.168930577810877
-0.055583537	0.043529187	0.4299539	0.435711688885576	0.0067117633	0.00060507131	-0.0058779136	0.202639559865462
-0.066539146	0.033748831	0.38300742	0.390206516244068	0.0068007812	0.00042775341	-0.0061005398	0.0921305449639282
-0.038381232	0.051506052	0.3676409	0.373210160251934	0.0066259214	0.00072515345	-0.0056947312	0.105185076794835
-0.035006382	0.076000802	0.34276299	0.352828621286756	0.00698014	0.0011368258	-0.0057348781	0.0930494022619237
-0.033378432	0.075663693	0.36082499	0.370180749863735	0.0069241218	0.00075242952	-0.0056868891	0.0444472328810732
-0.12250998	0.041208868	0.37984346	0.401232999772219	0.006977108	-0.00051918387	-0.0073553473	0.292257718539743
-0.20680181	0.004250236	0.39829764	0.448805150544088	0.0061874066	-0.0015758855	-0.0089237256	0.310443696978488
-0.22847066	0.011039234	0.38192214	0.445179995271937	0.0069436115	-0.0010374795	-0.0097696619	0.151860705512781
-0.19117506	0.018072751	0.38640807	0.431492438468899	0.0068902413	-0.00067872287	-0.0091291254	0.101448212855979
-0.16068906	0.011968825	0.38879554	0.420863634327624	0.0070790027	-0.0001752058	-0.0088971157	0.0851918041940191
-0.21592137	-0.0076640955	0.38194572	0.438820361205845	0.0068965113	-0.00075027877	-0.0098469268	0.167083821805994
-0.15934436	-0.0024040064	0.38023719	0.412282336475475	0.0069282977	-0.00030157216	-0.0089815042	0.130841408061381
-0.25083442	-0.015137288	0.40081732	0.473076703882905	0.0067673371	-0.0014370851	-0.01057774	0.269438927067818
-0.30618248	-0.025353177	0.41069188	0.512892108479823	0.006745937	-0.0020948215	-0.011635435	0.162280080942039
-0.23383668	-0.027267477	0.38947562	0.455098194667648	0.0067778237	-0.0010954793	-0.010334944	0.212062348338436
-0.19690011	0.014901886	0.37605749	0.4247481080705	0.0072930055	-0.00079395648	-0.0094854337	0.175834807380806
-0.2495387	0.0081378008	0.3973674	0.469293764269578	0.0070947914	-0.00094527288	-0.010748309	0.161332870980513
-0.22356741	0.048891616	0.34806503	0.416559770066794	0.0084931425	-0.0006505282	-0.010470307	0.214582358405402
-0.21687277	0.009051304	0.39628807	0.451840634401	0.0074806821	-0.0006603886	-0.010440111	0.147383829837755
-0.22018555	0.030178116	0.39784532	0.455711853872614	0.0078944305	-0.00057512345	-0.010646486	0.0612662693328372
-0.20698133	-0.00028763728	0.41055278	0.459777053439493	0.0076381813	-0.00066844206	-0.010696085	0.0763357737429981
-0.21254442	0.021606232	0.41090125	0.463121794980475	0.0075854075	-0.00062550715	-0.010746983	0.0351357647792542
-0.23124697	0.02740667	0.41230765	0.473522845217833	0.0080970614	-0.00074110239	-0.010993014	0.0695733946867023
-0.22325833	0.023685239	0.40204636	0.460485122506825	0.0082394193	-0.00035237139	-0.011033693	0.0505597558714706
-0.25209809	0.016185065	0.4146062	0.4855035575453	0.0084083138	-0.00067970105	-0.011593656	0.101709131551103
-0.21288104	-0.0067711603	0.42027043	0.471159654613672	0.0081715918	-0.00028744833	-0.01082241	0.137848540190894
-0.27692255	-0.0070242961	0.43387497	0.514764925987294	0.0084585722	-0.00070175772	-0.011959351	0.16981072204083
-0.23029062	0.0043352714	0.40079971	0.462269371442864	0.0082409435	-5.8225778e-05	-0.011482617	0.157961488797572
-0.22204396	0.028322924	0.38324784	0.443829488724056	0.0087367627	0.00014152506	-0.011140749	0.101658084146216
-0.25588779	0.018116068	0.39546714	0.4713820232154	0.0085881634	-0.0001724306	-0.011962611	0.120490832772167
-0.23052498	-0.0013013195	0.40849245	0.469051747191548	0.0085867897	-0.00012909098	-0.011412443	0.0875495731528981
-0.15450574	0.015005901	0.40531659	0.434026196083828	0.0083694569	0.00079902017	-0.010170767	0.214858312324798
-0.12141629	0.0036603718	0.40561159	0.423410056259185	0.0080518218	0.0014062689	-0.010185623	0.0917169701667215
-0.075612403	0.036830566	0.38209427	0.391241303093305	0.0086479135	0.0015472837	-0.0093594701	0.180654369578159
-0.10501772	0.0047705524	0.42295138	0.435820317938602	0.0081822092	0.0011738682	-0.0096068202	0.156645935249574
-0.14955704	0.01600851	0.43094488	0.456439558106214	0.0079886349	0.001180394	-0.010689255	0.127897519942698
-0.1541164	0.0025093975	0.42528099	0.452351724082216	0.0082313069	0.00074724781	-0.010456622	0.0691449217746968
-0.024452774	0.0092659952	0.42389112	0.424696925392916	0.0080458668	0.0022153252	-0.0085843873	0.314097682922653
-0.010735282	0.032711857	0.42378046	0.425176657574025	0.0077922477	0.0025241953	-0.0082035097	0.0844423535895147
0.018636766	0.061325419	0.46367173	0.468080772157602	0.0073144673	0.0030797853	-0.0079019638	0.164622694358366
-0.076926537	0.05081459	0.42348825	0.433407559393861	0.0080363751	0.001994997	-0.0098023985	0.331614134257348
-0.04968248	0.016965648	0.45070695	0.45375426919128	0.0073423744	0.0023629685	-0.0093060427	0.166228097945068
0.094708894	0.033758479	0.45885644	0.469743166034984	0.0073840506	0.0035619769	-0.0066749716	0.362921438463598
0.11388538	-0.0027502719	0.53823776	0.550161185529374	0.0057116829	0.0033991734	-0.0057992613	0.270610620747561
0.10424436	0.01034073	0.55419698	0.564010735651249	0.0053888877	0.0021740893	-0.0046619723	0.172949649934838
0.071731155	0.040172459	0.53775769	0.544005990972413	0.0055717803	0.0018950045	-0.0057521082	0.156389886242982
0.037480788	0.040196386	0.53359453	0.536417450650594	0.0051542679	0.002565071	-0.0070138355	0.155902759036988
0.025287628	0.045557793	0.54246245	0.544959160206432	0.0061234071	0.0023983049	-0.0074692942	0.105990684897157
-0.0076925972	0.001694228	0.54305703	0.543114154016095	0.0045425287	0.0018159082	-0.0079322132	0.208748066350759
-0.017053422	-0.010611679	0.5065917	0.506989721239	0.0046943739	0.0010886448	-0.0081299429	0.111973975975229
-0.036489244	-0.057661718	0.55635383	0.560522901232476	0.0040761669	0.0015853461	-0.0079024911	0.183365995227967
-0.05621386	0.029917077	0.50447171	0.508474911615753	0.0040752708	0.0011675135	-0.0086600599	0.218000404942242
-0.071004528	-0.020795015	0.50655	0.511924777819313	0.0054543884	0.0015744987	-0.0091112753	0.179446954203519
-0.082620383	0.0038478281	0.53634473	0.542684625603975	0.0038390197	0.0012234756	-0.0095027505	0.183946769103301
-0.16538027	-0.036157966	0.55704615	0.582201378768852	0.0046061937	0.00060022241	-0.010135145	0.244608183628056
-0.14215826	-0.012426982	0.58312113	0.600327954555119	0.0038373197	0.00098395199	-0.010180904	0.132946101935141
-0.099972648	-0.03871751	0.55573965	0.565985984376693	0.0046230439	0.0016722223	-0.0093479165	0.211206717606032
-0.15957628	-0.0077771396	0.5575073	0.579947810231478	0.0037932044	0.00064595326	-0.0099937401	0.217408255396425
-0.167016	-0.019172234	0.55357933	0.578542991847451	0.0047755099	0.00078659555	-0.010265517	0.0924990168776951
0.018828322	-0.0035397542	0.56799045	0.568313458278382	0.0034254354	0.0027123917	-0.0076379834	0.511058076501503
0.082258289	-0.0062893207	0.58428198	0.59007746425092	0.0041439873	0.0035381644	-0.0067486594	0.204153490088627
-0.098411347	-0.0086841815	0.60712895	0.615114436633365	0.0045224332	0.00096044868	-0.0098497779	0.508775374872101
0.0028322585	-0.047509785	0.59722218	0.599115626271682	0.0042373782	0.0022964809	-0.0078953405	0.328752189430072
0.17192207	-0.017440125	0.60411848	0.628347430957278	0.0033138566	0.0036377314	-0.005708835	0.428619623054647
0.082586118	-0.035537074	0.605903	0.612537179217549	0.0044672475	0.0027455342	-0.0072435476	0.288232443793031
0.06596467	-0.034530714	0.59276222	0.597420084494058	0.0035449078	0.0023603862	-0.0072163618	0.0975022612462569
0.085620369	-0.03328533	0.59379885	0.600862575837627	0.0041160306	0.0027836454	-0.0068699006	0.0889798723672847
0.11721816	0.0019884425	0.60131426	0.612636017727255	0.0035865872	0.0029322126	-0.0068216142	0.110701823183749
0.078346467	-0.041226524	0.60069434	0.607183238636032	0.0040835975	0.0028036718	-0.0070987433	0.127840589195461
0.12946832	-0.011316759	0.60141039	0.615292265608661	0.003546449	0.0030682334	-0.006503245	0.151608087198594
0.038244335	-0.012691485	0.5888964	0.590273388256711	0.0048429876	0.0023328536	-0.008262768	0.294684754282244
0.057335557	-0.019195042	0.62483215	0.627750771729916	0.0038581091	0.0023844664	-0.0078444907	0.134268956857009
0.18442409	-0.030065044	0.62033419	0.647866235519344	0.0040452475	0.0034058752	-0.0060199111	0.294112820111759
0.16623321	-0.018540769	0.65435693	0.675396351826866	0.0026485445	0.0029150443	-0.0055341354	0.182403368838458
0.15971042	0.001045044	0.60459675	0.625336501800511	0.0031123945	0.0035763818	-0.0058029251	0.145567642149026
0.16057451	0.0056217487	0.62929896	0.649486688375726	0.0026972498	0.0034498367	-0.0059523057	0.064696524539775
0.10353678	-0.004091572	0.47310987	0.484323811995256	0.0018268701	0.0028010277	-0.0057295806	0.310035828734308
0.11230945	0.038726335	0.56513175	0.577483364643431	0.0020590213	0.0026731362	-0.0060527553	0.177773326899258
0.079029448	0.082171598	0.44777231	0.462058293694415	0.0033431039	0.0025353326	-0.0068064769	0.302865089691487
0.049329256	-0.11442508	0.95275447	0.960868125465457	-0.0020220223	0.0020665827	-0.0053321926	1.09668672137454
-0.086741631	-0.12214686	0.34730762	0.378241389679216	-0.0015686188	0.001264487	-0.0054455882	0.817684255727707
0.019678294	-0.065460642	0.24154476	0.251030281020558	0.0013486769	0.0020896407	-0.0053699641	0.459772625103672
0.0021901965	-0.042789609	0.53116796	0.53289318754291	0.00071040756	0.0015006823	-0.0064324049	0.444265754034211
-0.021490987	-0.036714984	0.48813553	0.489985865327496	0.0015759045	0.0011829321	-0.0071605651	0.168358603278134
0.0312876	-0.036160711	0.59675071	0.598663445367503	0.00086006583	0.0021030604	-0.0065717345	0.273187915687526
-0.033950248	-0.058747029	0.54098909	0.545227501374074	0.0010727879	0.001635106	-0.0082020245	0.259134100239255
-0.041941802	-0.045926632	0.57005556	0.573438498680359	0.00020825707	0.00062403917	-0.0088689735	0.177005749882491
0.018077112	-0.013677593	0.52668209	0.527169690379959	0.00057124515	0.0014649227	-0.0078389341	0.247336969884883
-0.027054332	-0.031382007	0.55057449	0.552131357814492	0.00042839578	0.0013960676	-0.0087054236	0.140637955137906
-0.030762103	-0.024689328	0.54234854	0.54378103013824	0.00093295743	0.0013137867	-0.0088254094	0.0539678172276313
-0.11538615	-0.044854174	0.53283107	0.547023591533665	0.0011103623	0.00051132202	-0.010372149	0.240636811702594
-0.18854232	-0.068329567	0.54597902	0.581644415805353	0.0010848066	-0.0003708345	-0.011505482	0.211831769537055
-0.18344844	-0.046849053	0.55778564	0.589044127460448	0.00051803433	-0.00039960725	-0.011794818	0.0826250645701868
-0.14125811	-0.0524288	0.58862297	0.607601541737538	0.00080053571	8.4762728e-05	-0.011094991	0.151942323902226
-0.12214377	-0.053616523	0.6088461	0.623287578549126	0.00032676431	0.00026765165	-0.010709398	0.0926378587462698
-0.14423928	-0.057766041	0.6369769	0.655653457644617	0.00069945482	0.00028797376	-0.011176607	0.0973869086796691
-0.11319195	-0.063211118	0.65344884	0.666185746981244	0.00041362289	0.0007308003	-0.010745988	0.110928220104084
-0.13493265	-0.065297306	0.61698555	0.634934427414109	0.00096060471	0.00072673239	-0.011062623	0.103674414092925
-0.24725973	-0.072161853	0.63387419	0.684208444741968	0.00096333719	-0.00053151584	-0.012972408	0.294618533838412
-0.21491767	-0.066060919	0.63126953	0.670115564215438	0.00084212853	-8.0834937e-05	-0.012306817	0.102921681341283
-0.15296956	-0.047323673	0.6373703	0.657175863551679	0.00075573544	0.0006375649	-0.011647033	0.160014970977867
-0.14975101	-0.042070807	0.64175044	0.660332450389836	0.00089871997	0.00088679661	-0.011499359	0.0398460679549478
-0.14904426	-0.036648225	0.6640937	0.681599388361146	0.0004611843	0.00077877704	-0.011436742	0.0588812038223612
-0.14915643	-0.044190356	0.65247183	0.670760700337535	0.0007328448	0.00098864718	-0.011471017	0.0450664529388907
-0.13387175	-0.07877278	0.67865052	0.69619919894615	0.00036666229	0.0013136326	-0.01134285	0.117012540321812
-0.15937498	-0.076769804	0.65753355	0.680914353227923	0.00070675026	0.00084284599	-0.01165601	0.104824904636685
-0.18462656	-0.052928326	0.63212939	0.660663257683041	0.00047674883	0.00064055927	-0.011858852	0.106253725440019
-0.16794594	-0.056681498	0.63917721	0.663299432203429	0.00060006082	0.00090181232	-0.011869226	0.0472285639589427
-0.17626283	-0.03807669	0.63035638	0.655642879445563	0.00063437753	0.0010854092	-0.012370154	0.0716846072251534
-0.19651963	-0.044314531	0.63418058	0.665408709502831	0.0010818963	0.0011044299	-0.01253256	0.0617661143043408
-0.18272908	-0.025505751	0.61857562	0.645504653484469	0.0013036863	0.0013163244	-0.012294729	0.0817800649294239
-0.13624898	-0.039913602	0.61754443	0.633654482505789	0.0015265149	0.0012364825	-0.011566509	0.113463665171352
-0.14554499	-0.027422022	0.6118835	0.629552800785541	0.0013836265	0.0012440937	-0.011717392	0.0425176499867651
-0.15525715	-0.035827125	0.61380133	0.634145439328911	0.0023741744	0.0010769417	-0.011956699	0.0898854359369048
-0.22249606	-0.045174429	0.14658337	0.270244167581017	0.0011431285	0.00068114781	-0.011863308	0.629815709482427
-0.29983267	0.01977055	0.23539377	0.381707652007979	-0.0002320905	-0.00093627824	-0.012584689	0.416793276484279
-0.3043358	0.001552434	0.37822972	0.485469268135731	-0.00045093965	-0.0011721704	-0.013054265	0.211773061235104
-0.34167253	-0.014858893	0.2829232	0.443854076872148	-0.0012276667	-0.0010281752	-0.013831111	0.233932987540818
-0.32660296	-0.045314217	0.3627689	0.490228667613691	-0.0016039597	-0.0011837977	-0.013635632	0.161740318865583
-0.32931822	-0.0060500128	0.33506062	0.46984328424873	-0.0019499655	-0.00080446878	-0.013473019	0.11408512999103
-0.35915649	-0.037882177	0.38585918	0.528503311658169	-0.0017423875	-0.0012258084	-0.013799546	0.160241224953005
-0.37531086	-0.039968764	0.37905369	0.534918165360126	-0.0021720944	-0.0011172155	-0.014139276	0.0689479367503427
-0.40230054	-0.050172044	0.42140936	0.584763890112103	-0.0025640343	-0.0010240381	-0.014666512	0.130166294567547
-0.42744753	-0.045441166	0.39785294	0.585716016800961	-0.0026977513	-0.0012976409	-0.014989655	0.0899574278820512
-0.43618906	-0.045297117	0.45004728	0.628375110191034	-0.0030069657	-0.0014086874	-0.015238458	0.0945331139034666
-0.44353901	-0.052566959	0.45436971	0.637135756284147	-0.0029687812	-0.0010922318	-0.015468233	0.0481629769085871
-0.44434887	-0.050664191	0.49043776	0.663733361338557	-0.0036608765	-0.0011899003	-0.015379467	0.0827071673059543
-0.4462127	-0.055373828	0.50075651	0.673000086757828	-0.0042421613	-0.0015230462	-0.015317927	0.0656907515132935
-0.43174296	-0.044274203	0.52284007	0.679502705924304	-0.0043545971	-0.0017428273	-0.01504752	0.0777841199337296
-0.43059007	-0.045419979	0.52885349	0.683488695415034	-0.0041430675	-0.0016095991	-0.0149791	0.0289709759746877
-0.46485245	-0.049512932	0.54200089	0.715754354137669	-0.0040038507	-0.0014878189	-0.015746302	0.102912682049836
-0.4707225	-0.069792538	0.54678096	0.724858668007256	-0.0037327804	-0.0013470688	-0.015923453	0.060378295941113
-0.44738569	-0.078511009	0.60466352	0.756264442222272	-0.0043946447	-0.0012660021	-0.015621105	0.142201790337269
-0.45607693	-0.096812841	0.58732745	0.749888275534575	-0.0042061865	-0.0015459307	-0.0156684	0.0701132319401367
-0.47732471	-0.079004214	0.57816993	0.753897216179067	-0.0037991704	-0.0013988568	-0.015823613	0.0836790768451089
-0.54042921	-0.077381249	0.57546153	0.793226046740754	-0.0039808004	-0.0022039305	-0.016723898	0.161785297380233
-0.48997031	-0.030082847	0.56734985	0.750241117681605	-0.0036729572	-0.0017917838	-0.015603084	0.19790917386005
-0.49632239	-0.055473063	0.61838738	0.794868622652309	-0.0039505958	-0.0018616386	-0.015840385	0.112019545926865
-0.51331738	-0.070852796	0.64183469	0.824904006899274	-0.0043751364	-0.001786263	-0.0163072	0.104158592627767
-0.49422593	-0.04422158	0.65394888	0.820892170553061	-0.0042818002	-0.0015287348	-0.01596055	0.0927125758759413
-0.48962096	-0.032821107	0.67259503	0.83258031679636	-0.0038518049	-0.0011307132	-0.016401489	0.0980993875243959
-0.49569409	-0.048582261	0.68131225	0.843954530140613	-0.003350507	-0.0012419425	-0.01696895	0.0895509133539971
-0.51629545	-0.056526052	0.69469706	0.867386990574595	-0.0028995471	-0.0016392527	-0.017169039	0.0943479156615883
-0.52218871	-0.052619436	0.69846586	0.873672943086806	-0.002383429	-0.0013184701	-0.017455071	0.0697153105960563
-0.59308504	-0.060445309	0.76055806	0.966360213731335	-0.0029070473	-0.0019910148	-0.018751037	0.265420847532547
-0.60820556	-0.062781607	0.77493806	0.987109178474691	-0.0026202458	-0.0022715107	-0.019355191	0.0904093874454642
-0.63471633	-0.088788537	0.78550245	1.01378613268641	-0.0028315009	-0.0027936456	-0.020339956	0.148989837694244
-0.58521724	-0.085321906	0.80337254	0.997580314392151	-0.0028683024	-0.0025371436	-0.019366045	0.134196534040244
-0.50865098	-0.078850695	0.86535145	1.00686463021304	-0.00337186	-0.0020961605	-0.018549841	0.233053614422522
-0.58914515	-0.097678783	0.8756479	1.05990206962308	-0.0032177411	-0.0030105296	-0.01973201	0.222151552957819
-0.59047544	-0.066429632	0.85521074	1.04137387669472	-0.0032402654	-0.0033443067	-0.019888386	0.0786504709145406
-0.42872269	-0.073476218	0.86742747	0.970377408662743	-0.0037095936	-0.0017629907	-0.018128227	0.371556206185817
-0.46282378	-0.064916171	0.88066765	0.996993214795022	-0.0036863291	-0.0017290948	-0.018830174	0.0938566862793301
-0.50433109	-0.069625095	0.88936691	1.02477851402012	-0.0034392823	-0.0022449113	-0.019379833	0.120541608336698
-0.40678237	-0.058560972	0.91276889	1.00102364134731	-0.0033944127	-0.0011756186	-0.018056689	0.253880130626777
-0.38268554	-0.063022195	0.91785636	0.996433799697782	-0.0032820549	-0.0010186309	-0.017914678	0.054213347983018
-0.43266058	-0.077137652	0.90637051	1.00729980454663	-0.0031165565	-0.0015770275	-0.01935178	0.183626190444506
-0.43791373	-0.08572036	0.92227997	1.0245568593808	-0.0036378915	-0.0014713622	-0.019659849	0.0764987826414348
-0.46832897	-0.090373141	0.94973177	1.06277455920943	-0.003718038	-0.0018710781	-0.020046993	0.105870140744992
-0.42719659	-0.090317669	0.94217038	1.03843114012946	-0.0033176487	-0.0017843237	-0.019342485	0.108331826136439
-0.45829713	-0.098930691	0.94789445	1.05751001381962	-0.0031277993	-0.0018543293	-0.020063278	0.0944700312048576
-0.47811179	-0.10484049	0.94735405	1.06633114375031	-0.0029456822	-0.0022289579	-0.020178068	0.059841643874728
-0.43527644	-0.13020977	0.97160964	1.07258820428133	-0.0033008424	-0.0018476046	-0.019729631	0.151707744603253
-0.44719262	-0.13445205	0.96936332	1.07597576148029	-0.0031158032	-0.001981583	-0.019780649	0.0369065599815138
-0.39202043	-0.11019299	0.97583664	1.0573928600804	-0.0034680176	-0.0012573214	-0.019230631	0.167229268770833
-0.44814093	-0.10637712	0.96237187	1.06691424255563	-0.0030348299	-0.002325503	-0.019619366	0.167906352169083
-0.44573412	-0.10074664	0.97947255	1.08083082275024	-0.0038663003	-0.0023738598	-0.019406757	0.0797597787821774
-0.35943874	-0.10090274	0.94679763	1.01774423256824	-0.0032927994	-0.0018222483	-0.018057813	0.242829214143596
-0.39339376	-0.075864991	0.95463871	1.0353015086905	-0.0035933785	-0.0015702021	-0.018657103	0.124429613461661
-0.40667231	-0.13396109	1.0031515	1.09070659359288	-0.0048940468	-0.0014356753	-0.019064155	0.211999789270272
-0.4200928	-0.1180498	1.0034129	1.09418972933321	-0.0044368586	-0.0016332839	-0.019242803	0.0712654197729585
-0.41777699	-0.13110279	1.0500053	1.13764523685872	-0.0050351201	-0.0015329217	-0.019285331	0.0990187845516339
-0.40140875	-0.17520791	1.1377141	1.21910629956618	-0.0064856377	-0.0019306323	-0.018695367	0.270091763083042
-0.41742976	-0.13471092	1.1130612	1.19636945441044	-0.0063123994	-0.0019022447	-0.019112543	0.112110994837863
-0.4527459	-0.13757821	1.0768892	1.17626398521346	-0.0059767085	-0.0020565893	-0.019808188	0.133639454212202
-0.45584184	-0.12710554	1.0728706	1.17260348188876	-0.00564469	-0.0019054313	-0.019948847	0.048778984910756
-0.46203701	-0.12469346	1.1120112	1.2106178449461	-0.0050965257	-0.0015438078	-0.020314896	0.111539689456141
-0.46802686	-0.14043067	1.1476897	1.2473818830832	-0.0051936964	-0.0012895811	-0.020504231	0.0844421799497173
-0.46833502	-0.15368833	1.1854135	1.28380799176467	-0.0054270867	-0.0014073587	-0.020564173	0.0718451149696622
-0.45544531	-0.1534259	1.1494195	1.24584715120759	-0.0054534451	-0.0014682977	-0.020293505	0.067044409958179
-0.47004523	-0.1474521	1.1358112	1.23804350573217	-0.0052617099	-0.0013963619	-0.020565844	0.0609825199424586
-0.45995034	-0.16354298	1.1385093	1.23875100313174	-0.0054897765	-0.0014055551	-0.020644935	0.0447014099742535
-0.4783285	-0.14456644	1.1503873	1.25422826849334	-0.0056302008	-0.0014363871	-0.02087219	0.069158264969719
-0.46985019	-0.15109793	1.1577098	1.25852364559009	-0.00523871	-0.0011598323	-0.020477966	0.0754457797032898
-0.47016391	-0.12722271	1.1706889	1.26797169557898	-0.0050922363	-0.0014632716	-0.020429892	0.0620673899350148
-0.45520551	-0.1457477	1.1707799	1.26458689801597	-0.0049434728	-0.0012679734	-0.020087677	0.0678882248941285
-0.47808216	-0.15446084	1.2010394	1.30188952801539	-0.0052908546	-0.0011530408	-0.020627617	0.111962009581563
-0.45090352	-0.17891577	1.1729071	1.2692658911093	-0.0045522728	-0.00057027825	-0.020190621	0.167682886074452
-0.4029993	-0.16353152	1.2254874	1.30037316236254	-0.0053026079	4.8504332e-05	-0.019326045	0.227553451379936
-0.37520508	-0.17489343	1.2325254	1.30018668873363	-0.0050051066	0.00018485805	-0.019192304	0.0745739308348786
-0.37997548	-0.16675647	1.2612029	1.32771301140589	-0.0054957346	-3.599132e-05	-0.019250782	0.0800826282310963
-0.3435746	-0.15239106	1.2311847	1.28727709000323	-0.0048274088	-1.6223154e-05	-0.018502494	0.152603586805178
-0.40632147	-0.15038488	1.2595733	1.33200512280864	-0.0052822769	-0.00054178783	-0.019196001	0.176838637606607
-0.33239923	-0.16156399	1.2533311	1.30668703873442	-0.0052899404	-0.00015626349	-0.0181648	0.162562989596137
-0.43088922	-0.17223453	1.2302858	1.31488912191035	-0.0053166422	-0.0010075895	-0.019305054	0.233119916125923
-0.49098035	-0.16106829	1.1996342	1.30618793132508	-0.00501223	-0.0010141967	-0.019725597	0.138487089786282
-0.33359073	-0.16370045	1.2424684	1.29684553338888	-0.0056057236	0.00026794935	-0.017965149	0.384660346306861
-0.31906155	-0.14331969	1.2325003	1.28117047879281	-0.0046780298	0.00082744087	-0.018518773	0.146918503618309
-0.3838565	-0.16576117	1.2702484	1.33729337685288	-0.0047070858	-0.00034623862	-0.019395725	0.228968899726644
-0.45759915	-0.16669805	1.2676981	1.35802934235536	-0.0050449193	-0.0012177957	-0.020104834	0.173154806797567
-0.4939937	-0.16546784	1.2695514	1.37228646388278	-0.0052706337	-0.0016437616	-0.020757035	0.104672124237054
-0.4859432	-0.14380999	1.2310925	1.33131921431574	-0.005105543	-0.0012183927	-0.020740471	0.0985184298302715
-0.47517314	-0.1171164	1.2595498	1.3512851152908	-0.0050322951	-0.001223471	-0.020826179	0.0741226599978695
-0.5868508	-0.16633021	1.2406711	1.38250655643816	-0.0048827485	-0.0022474746	-0.021963202	0.295298824693614
-0.59873338	-0.17081535	1.3432573	1.4805403466725	-0.0049822419	-0.0022249757	-0.021999395	0.126863184997826
-0.63486525	-0.17350879	1.160802	1.33439891676696	-0.0052436547	-0.0017003429	-0.022508877	0.286056989386436
-0.57854049	-0.22681106	1.2234493	1.37221738262502	-0.0077295411	-0.0020464494	-0.020851952	0.396720183432828
-0.56193105	-0.19306073	1.1522087	1.2963887683785	-0.0062129071	-0.0025168759	-0.021292098	0.2429606873377
-0.57733971	-0.14437191	1.0783476	1.23166470094977	-0.0061558346	-0.0023229252	-0.021902252	0.181017439511178
-0.52486219	-0.18795091	1.1497869	1.27781680160852	-0.0060387752	-0.0021824133	-0.021129861	0.218993934030881
-0.50656276	-0.15591591	1.1797141	1.29330621221301	-0.0068053046	-0.0021041404	-0.020568007	0.150594443691181
-0.5112744	-0.19360421	1.2056658	1.32382556385451	-0.005728763	-0.0025035178	-0.020508944	0.14510073726759
-0.49529723	-0.19990927	1.2463024	1.35593242255039	-0.0074234834	-0.0025000733	-0.020149405	0.165804014762824
-0.45257445	-0.22680886	1.2230985	1.32372045102792	-0.0069869089	-0.0020143864	-0.019704961	0.161161539405061
-0.45377898	-0.22422372	1.223027	1.32362633776662	-0.0078057716	-0.0024347104	-0.019487263	0.0767054036798877
-0.48675617	-0.17620754	1.2330367	1.33729584226259	-0.0083116153	-0.0028744449	-0.019781663	0.153001979500041
-0.51035373	-0.20121632	1.2460938	1.36150603948631	-0.0078733785	-0.0029899047	-0.020303194	0.115424819525923
-0.51738504	-0.20403965	1.2833701	1.398698778137	-0.0081982866	-0.0030089338	-0.020598775	0.0791068498747286
-0.50600662	-0.21968935	1.2571016	1.37281118246823	-0.0075518218	-0.0026349877	-0.020265097	0.121001064250809
-0.54977558	-0.21100982	1.2689979	1.39897605508643	-0.0081041352	-0.0026937611	-0.02110173	0.136730778428559
-0.56930633	-0.22651711	1.2200066	1.36522371886236	-0.0081819305	-0.0031420306	-0.021373217	0.12390692976967
-0.4966479	-0.20641309	1.2191412	1.33250544683134	-0.00862408	-0.0021865233	-0.020579917	0.203175686962386
-0.52743069	-0.19196237	1.2264291	1.3487627743887	-0.0086567799	-0.0028415604	-0.021045272	0.110176009204439
-0.46744171	-0.20234551	1.237926	1.33862102147728	-0.0085420342	-0.0023396338	-0.01997012	0.166460232144197
-0.27023317	-0.20830948	1.3007672	1.34477288574018	-0.01008421	-0.00052282944	-0.016808996	0.592018832056647
-0.35361711	-0.20143303	1.338928	1.39941005971936	-0.0096960553	-0.0015407078	-0.018077247	0.262135386431224
-0.40555507	-0.21988066	1.3378665	1.41517108197807	-0.00955888	-0.0020219199	-0.018452704	0.121139309652207
-0.33008328	-0.21400839	1.3561076	1.41201359253504	-0.0097115355	-0.0014193834	-0.017588259	0.180567008191087
-0.28650931	-0.20317642	1.3439652	1.38910428016464	-0.0088746971	-0.00092400752	-0.016936969	0.165723551950284
-0.25020557	-0.19823355	1.3521951	1.38936350753452	-0.0091266955	-0.00038992117	-0.016662824	0.102487997106347
-0.19263398	-0.17156442	1.3181441	1.34314782091376	-0.0083613976	0.00043797115	-0.015413214	0.260431724818834
-0.1830483	-0.19744109	1.3587698	1.38518772501972	-0.008241133	0.00046417378	-0.015650471	0.0952742614685148
-0.33354615	-0.20766926	1.383143	1.43786790567763	-0.0083263263	-0.0015335177	-0.017527812	0.383110478605281
-0.35468689	-0.22662115	1.4011422	1.4629967191303	-0.0082267563	-0.0019175259	-0.017489534	0.0841846398798542
-0.19185276	-0.20186707	1.3717587	1.3997427358253	-0.0089947363	-0.000618915	-0.014946004	0.447477715211679
-0.14336317	-0.17144242	1.3137424	1.33261569683299	-0.0085984659	-0.00039340691	-0.014364111	0.197114113935994
-0.15643154	-0.14796826	1.3029683	1.32064068674227	-0.0078648447	-0.00022988425	-0.014727698	0.110353172068183
-0.12500515	-0.1777949	1.3483943	1.36579811914683	-0.0084760994	-0.00045595789	-0.014082802	0.180790245941364
