0	0	0	0	0	0	0	0
-0.0075970243	0.010526689	-0.026854368	0.0298275550489298	0.00056654982	-0.00034650163	-9.3323032e-05	0.0952968049327805
-0.016403215	0.014855835	-0.0058848581	0.0228996255589602	0.00034736862	-0.00071055694	-0.00022931856	0.0700664483723015
-0.014863187	-0.0043358591	0.040250153	0.0431252689087898	0.00060059205	-0.001198245	-0.00082081583	0.133487170493385
-0.014200148	-0.017018939	0.072836384	0.0761342716659395	-0.00045101059	-0.0015345346	-0.00031340225	0.140697638125817
0.0019327181	-0.070054499	0.11829146	0.137492682490112	-0.0011358322	-0.001093128	-0.00048295042	0.179412320241572
0.0058716251	-0.061883185	0.12491881	0.139530332397208	-0.0007688383	-0.0011021649	-0.00023134155	0.050119554363838
0.0063430901	-0.043178244	0.098222395	0.10748132129108	0.00048296535	-0.00062849588	-0.00022831106	0.132297974691947
0.040117141	-0.031388056	0.073928157	0.0897773215176843	0.00085648662	-0.00066591584	0.0003778328	0.120712730827356
0.095215179	0.0020655233	0.057054203	0.111019722475198	0.001881724	-0.0014055203	0.00090151557	0.219851798412854
0.037023513	0.020531843	0.022710801	0.0480424559519954	0.0017438809	-0.0016875983	0.00045505683	0.154320379462387
-0.0064003577	0.011161205	-0.023396693	0.0267009797400062	0.0014474529	-0.0027398048	0.00024384319	0.17689440719915
0.0083956839	0.020238823	0.0045638808	0.0223813867427972	0.0015707044	-0.0013847117	-1.4338498e-06	0.138015310171344
0.025255542	0.026994752	-0.0011398272	0.0369845676370716	0.001515314	-0.0016876022	0.00057282171	0.0759463176372294
0.010425473	0.0098674248	0.0066476037	0.0158192033430776	0.0018690435	-0.001568458	0.00012450446	0.0858043743165457
0.020751066	-0.011448336	-0.0097365707	0.0256217084969241	0.0021824519	-0.0024153085	0.00031756088	0.115691292855618
0.022825443	-0.023681395	-0.014979444	0.0361412930017924	0.0027922645	-0.0026225331	0.00018571455	0.0669944853042449
-0.017487514	-0.030063764	-0.017170389	0.0387874375302006	0.0023104731	-0.0030769106	-0.00025375432	0.117668158894748
0.0027441467	-0.032074068	-0.0011041405	0.0322101739427698	0.0018319994	-0.0024360008	-1.2252575e-05	0.106352474643981
-0.0088409234	-0.028871505	-0.011550868	0.032328753132206	0.00243051	-0.0022296707	-0.00057628457	0.0936779945112166
-0.0046461722	-0.041757515	0.0054598758	0.0423684696305956	0.0022365703	-0.0024654403	-0.00039902967	0.0644397149458967
-0.018693954	-0.045012018	0.0056803397	0.0490694603566601	0.0024423015	-0.0024341845	-0.00097424827	0.0581330282852824
0.00078906873	-0.025788666	0.0014042543	0.0258389212944211	0.002534276	-0.0021987422	-0.00077532088	0.0692996695847889
-0.010454274	-0.039564882	0.0051573927	0.0412464596299248	0.0025484308	-0.0024135795	-0.0010677026	0.0548413880572635
0.0081856819	-0.061061816	0.043375066	0.0753455181937864	0.0022391426	-0.0023089119	-0.00066909678	0.118982644004029
-0.04521831	-0.059368835	0.048709591	0.0891177781584607	0.0020942491	-0.0022954779	-0.0019258901	0.131187534757945
-0.055670663	-0.090504474	0.041342864	0.114015415346341	0.0024946765	-0.002716776	-0.0020592278	0.0967078787055145
-0.099854065	-0.10141822	0.033223017	0.146151491622819	0.0029308083	-0.0026930442	-0.0029584205	0.131169808312478
-0.083561039	-0.098209072	0.067698592	0.145638485369229	0.0023420944	-0.0022916225	-0.0028840023	0.1072054384393
-0.066776928	-0.10225633	0.061104129	0.136562182609369	0.0020174952	-0.0018221012	-0.0023528247	0.0936907364008772
-0.053186054	-0.096962859	0.064454419	0.128003611254419	0.0022930769	-0.0016863155	-0.0022946248	0.0457129999507712
-0.10610203	-0.11734223	0.051558913	0.166388585008814	0.0020184844	-0.0021312711	-0.0031091387	0.162893951647553
-0.094115608	-0.13018633	0.057069518	0.17047920129104	0.0019547927	-0.0020881558	-0.0029654218	0.0428673219931106
-0.17045931	-0.11321687	0.020547186	0.205661427766102	0.0027821199	-0.0028228393	-0.0041546779	0.267398828489929
-0.13072199	-0.11131221	0.035185507	0.175261709073863	0.0029872632	-0.0029049331	-0.0035630693	0.100222585549479
-0.085990368	-0.14617057	0.068930865	0.183061855864482	0.002150792	-0.0017386507	-0.003001254	0.241563780106272
-0.10554017	-0.1283605	0.13835606	0.21623492960806	0.00067521282	-0.0021615071	-0.0031666688	0.209977579139657
-0.11131313	-0.12084969	0.14408293	0.218529520204658	-0.00032745514	-0.0013785896	-0.0033735263	0.118632784881722
-0.093877712	-0.089763557	0.11663981	0.174571951505628	0.00010952182	-0.0011727862	-0.0030276838	0.125395813721829
-0.084275872	-0.12530571	0.12715672	0.19741523497725	-7.7391015e-05	-0.0012856314	-0.0029775196	0.073157014733139
-0.082315263	-0.11690384	0.14976268	0.207053545370001	-0.00023252884	-0.00097258578	-0.0033344122	0.0742222410836047
-0.075061878	-0.13715683	0.14767485	0.215067763430641	0.00089999855	0.0001659838	-0.0037678872	0.164822797229116
-0.090889682	-0.13148665	0.14063507	0.212903490662292	3.0371746e-05	-0.00083705379	-0.0036109942	0.130015630219462
-0.084750233	-0.17670245	0.18561977	0.269927873411416	-0.0014000765	-0.0005678929	-0.0034029666	0.191721779642791
-0.085584306	-0.14502399	0.16652653	0.236828453321941	-0.0010083977	-0.00032036731	-0.0033143696	0.0879958423417721
-0.076277123	-0.14949955	0.16150868	0.232923525344054	-0.00060222658	0.00044667468	-0.0034167527	0.0825804024179728
-0.081100014	-0.16442621	0.14302225	0.232526460431553	-0.00020154858	0.00013311312	-0.0032800453	0.0807833287964363
-0.085995718	-0.13092037	0.13774519	0.208588456448118	0.00035488622	1.7709724e-05	-0.0034331483	0.0849256634303981
-0.089729531	-0.15423229	0.15430843	0.235902690915532	-0.00018345657	-0.00014318459	-0.0033919853	0.0806289778661385
-0.083963639	-0.13484076	0.14104601	0.212428576628522	0.00044041427	0.00015920005	-0.0032239333	0.0931352154266358
-0.077785737	-0.14947787	0.1520748	0.226982376618561	0.00012783118	0.00025843299	-0.0031634475	0.0554588934338743
-0.077001912	-0.13180412	0.1345169	0.203461094281536	0.00014449233	0.00035040235	-0.0030094635	0.0491462004907632
-0.068774179	-0.14092389	0.1303087	0.20388670325832	-0.00028264648	0.00090463529	-0.0032273065	0.0815164399614285
-0.070615479	-0.14842427	0.11231566	0.199075657177536	5.3106273e-05	0.00076560187	-0.003064065	0.0592361035564855
-0.059707872	-0.17462234	0.15412325	0.240441194050451	-0.001399308	0.00070876907	-0.0025874393	0.178206899040963
-0.098992511	-0.14479777	0.12032249	0.212704990611076	0.00031421999	0.00063215033	-0.0036641933	0.24625499241654
-0.10819351	-0.13885521	0.11840493	0.212146959437483	0.00047934475	0.00020223317	-0.0033665826	0.0616937497701596
-0.083895762	-0.1130226	0.09871839	0.171924191190515	0.0014945272	0.0004337012	-0.003056372	0.147659949732301
-0.075985644	-0.12829972	0.077223911	0.167923103461999	0.00068946275	0.00028721935	-0.0026482628	0.112664490764791
-0.060937574	-0.12019372	0.12141256	0.181386129508839	0.00021447225	0.00061520433	-0.0022377744	0.128015912559134
-0.063398686	-0.12003913	0.091539443	0.163732268482525	0.0011911654	0.00080481968	-0.0025064218	0.10423661200437
-0.1299984	-0.11833201	0.078376465	0.192470566214931	0.00078829806	-7.2989524e-05	-0.0036279471	0.201579899715715
-0.16917248	-0.10985321	0.089572647	0.220704134141708	0.0015930328	0.00011364001	-0.0044690267	0.150471253361172
-0.12761471	-0.11854514	0.082643775	0.192791228981648	0.0012911107	0.0002883531	-0.0033963722	0.134643053860337
-0.14844914	-0.11215667	0.087543608	0.205621373144637	0.0013955767	0.00012755045	-0.0035654519	0.0538401504788924
-0.31435925	-0.088956391	0.076541633	0.335549696978874	0.0025982077	-0.0014451471	-0.0063964913	0.480430702501182
-0.26187976	-0.1115523	0.071019387	0.293374637047587	0.0024847114	-0.0012912379	-0.0053829279	0.144646087820099
-0.21444267	-0.12781605	0.074664789	0.260571356965316	0.0022671733	-0.0012426766	-0.0046550739	0.117043911174989
-0.25042287	-0.11218681	0.086839008	0.287816794971101	0.0020123285	-0.0012895494	-0.0053081428	0.111522983385026
-0.2261449	-0.13407079	0.066591817	0.271202807173148	0.0025645628	-0.0013521121	-0.0048125859	0.121926835395098
-0.238386	-0.13707933	0.069552366	0.283647949623203	0.0019488345	-0.00098152493	-0.0051540183	0.0845975818247227
-0.26199709	-0.1208997	0.059835447	0.294685414206825	0.0016272937	-0.0018832278	-0.0051528058	0.110730445903355
-0.15170707	-0.12977151	0.068294973	0.21099735361548	0.0018566356	-0.00037632582	-0.0034058711	0.301780266739318
-0.080242268	-0.12298543	0.062337418	0.159531160746029	0.0019430791	-0.000287058	-0.0020464755	0.160963777763623
-0.10346898	-0.12150845	0.051111454	0.167578381581984	0.0026025882	-0.00064664169	-0.0026377535	0.116448194374863
-0.11798088	-0.1344161	0.095050595	0.20253837067242	0.0029524316	-5.0409865e-05	-0.003116483	0.142598926490647
-0.097635463	-0.1600974	0.095397893	0.210391585171137	0.0016953213	-7.5537097e-05	-0.0025552646	0.138546807092864
-0.11009579	-0.15756518	0.087523773	0.211206722819876	0.0021908852	-1.0298814e-05	-0.0027828625	0.062286670871313
-0.084826792	-0.15138374	0.12356526	0.213028155078775	0.0021991527	0.00073950313	-0.0024708312	0.120996961258496
-0.18315968	-0.14684049	0.10384165	0.256695707318734	0.0023144364	-0.00016269117	-0.0042273855	0.261301350175634
-0.26470107	-0.14847465	0.091405006	0.316964119852117	0.0021270953	-0.001446932	-0.0052476386	0.220203938861169
-0.22564734	-0.15284263	0.11191262	0.294621835765201	0.001796598	-0.00043377124	-0.0048691303	0.150037639645141
-0.222539	-0.16274693	0.14781705	0.312825910077998	0.0017759192	6.8895604e-05	-0.0049595302	0.0796043469338367
-0.25283055	-0.15231177	0.15037597	0.331262878462523	0.0014918247	-0.00095838435	-0.0051472515	0.118240415379923
-0.25998796	-0.15619376	0.13591024	0.332357974697098	0.0019374967	-0.00074772941	-0.0057249821	0.087208006394376
-0.24498714	-0.15506943	0.14374691	0.32361767723728	0.00117202	-0.00065911127	-0.0052790694	0.0889621958793855
-0.22851713	-0.10373274	0.089838715	0.266554975125575	0.0019183136	-0.00068118379	-0.0047320897	0.187482184793102
-0.21716265	-0.11442271	0.059389565	0.252545626669035	0.0020605476	-0.0011050471	-0.0044606484	0.0943705302936902
-0.1978386	-0.11953895	0.057765627	0.238257297642204	0.0021923899	-0.00032639674	-0.0043720899	0.0760167850102518
-0.19286058	-0.13732847	0.086563516	0.252086402435275	0.0025890316	0.00015540985	-0.0044693202	0.100349358135071
-0.18549521	-0.13856402	0.097854825	0.25136433189155	0.0021768519	0.0003217689	-0.0043788488	0.0533427363429779
-0.17097785	-0.14571324	0.10980819	0.250047219726587	0.0022292733	0.00042608446	-0.0042520699	0.0477957379930898
-0.18464741	-0.15464403	0.12787374	0.272692382394405	0.0019734894	0.0004611763	-0.0045327391	0.0692431469189839
-0.14897286	-0.15808628	0.13815242	0.257430138275755	0.0019812858	0.0013441071	-0.0040584405	0.117646768343746
-0.17047731	-0.15475448	0.12589969	0.262416070862671	0.0024929975	0.001235638	-0.0045652411	0.0934380494470053
-0.17037328	-0.18032845	0.10094138	0.26783309469456	0.0024797993	0.0011441587	-0.0043950432	0.0643800799881292
-0.1672152	-0.17644421	0.11598055	0.269341735221014	0.0022377143	0.00076871917	-0.0040267724	0.0713712562561384
-0.12484369	-0.15727949	0.11920149	0.233520406229726	0.0028524135	0.0014056961	-0.0038248206	0.13743856546052
-0.18432171	-0.13586254	0.05580223	0.235684134861786	0.0033033677	0.00071821551	-0.0046297598	0.241462927545476
-0.14264774	-0.12915917	0.064713535	0.203022931055565	0.0034797836	0.00029208237	-0.0035656874	0.140619714317359
-0.20144629	-0.13052306	0.066078387	0.248964315063524	0.0030831764	-0.00032461394	-0.0042177405	0.144795121303835
-0.25114319	-0.11702531	0.029170603	0.278601416262294	0.002865902	-0.00088941349	-0.0049610357	0.176370890247732
-0.17236044	-0.10006938	0.048946667	0.205226163782757	0.0034259856	-0.0008582094	-0.0036620037	0.21003072356704
-0.20967532	-0.15035913	0.060906984	0.26510614570665	0.0029365549	-0.0016253587	-0.0038611582	0.172351670798709
-0.054868977	-0.16670583	0.093103478	0.198669816551765	0.0023439932	-0.00068340064	-0.0012068569	0.412790548866168
-0.1442788	-0.1555426	0.097902227	0.233655127475858	0.0037750955	-0.00066892198	-0.0031340396	0.274009963982088
-0.091809835	-0.18570863	0.11665219	0.237748763384797	0.0026981706	-0.00036037588	-0.0021263454	0.221043213204965
-0.18221629	-0.13296544	0.09501538	0.244766229313404	0.0032118402	-0.00088274878	-0.0036317946	0.291861032312516
-0.15219179	-0.15770609	0.075245159	0.231722648266041	0.0034906603	-0.0012115861	-0.0031087001	0.131072966582568
-0.12585838	-0.15560906	0.098443912	0.223037474833652	0.0033559973	-0.00076365751	-0.0027849959	0.0969439822370134
-0.22241619	-0.15054917	0.099479384	0.286409081564856	0.0031640603	-0.0014704929	-0.0042053877	0.218611374779425
-0.25811913	-0.16134372	0.068182624	0.311939339408996	0.0031785789	-0.0018294262	-0.0048003123	0.126213074464978
-0.2662461	-0.14597346	0.07071248	0.311761914956481	0.0037950747	-0.0025637807	-0.005000934	0.10360068466999
-0.22647759	-0.18012912	0.1130231	0.310665124817371	0.0029723593	-0.0015764711	-0.0045484625	0.229359611641858
-0.23127216	-0.18532343	0.123601	0.321105579053106	0.0028813268	-0.0023667345	-0.004500098	0.0670497989700004
-0.22133659	-0.16521014	0.099979923	0.293735019081371	0.003067319	-0.0022267841	-0.0043578901	0.0770774619748937
-0.2394039	-0.15978081	0.079816264	0.29868841721497	0.0028792627	-0.0021065934	-0.0045880967	0.070582978957111
-0.18839661	-0.18334162	0.13221316	0.294257968389816	0.0021482578	-0.0014903987	-0.0038786475	0.229797433954852
-0.24472814	-0.20539862	0.13563727	0.347099300804275	0.0025376319	-0.0021037076	-0.00499581	0.187804911491655
-0.15587532	-0.21198143	0.1524604	0.304100995753232	0.0021145168	-0.0021979514	-0.0031616959	0.229832396986461
-0.22903348	-0.21788382	0.19393788	0.370866007174555	0.0018623199	-0.0026278934	-0.0043707939	0.215099871118505
-0.34842449	-0.22970907	0.17204066	0.451402116482921	0.0022232906	-0.0039978079	-0.0060090331	0.32156968538613
-0.30326908	-0.17667975	0.11660386	0.369843654955724	0.0021267778	-0.0035915081	-0.0050571526	0.226356183061568
-0.24179917	-0.18676134	0.12845769	0.331433273603331	0.001982426	-0.0021963306	-0.0044176557	0.192356633791093
-0.26204364	-0.20130922	0.0966279	0.34428073193234	0.0015544512	-0.0025141348	-0.0044353241	0.104794509769807
-0.20888766	-0.16185332	0.13303687	0.295853613252728	0.0020984198	-0.0013927178	-0.0039256944	0.237771611450853
-0.22451336	-0.14986678	0.14175453	0.304894485587357	0.0023111786	-0.0024273212	-0.0043838058	0.121603577472465
-0.17577876	-0.13163805	0.1659	0.275226377142417	0.0025140513	-0.0015947911	-0.0037458822	0.17477511823962
-0.18030818	-0.13232226	0.20092305	0.300649783448654	0.0025514857	-0.002106106	-0.0037853304	0.0696465547212635
-0.11821533	-0.13186627	0.24586178	0.303004277652132	0.0026610722	-0.00070887321	-0.0031297961	0.215605243227549
-0.10166685	-0.16953428	0.28896878	0.350115661315985	0.0027494091	-0.00045982738	-0.0026272721	0.139318826202003
-0.21831363	-0.15618587	0.24596787	0.364081117477645	0.0023552962	-0.0023436257	-0.004032985	0.357177286158391
-0.26492375	-0.14698235	0.26225632	0.400707851065496	0.0021195357	-0.0025153832	-0.0047029736	0.125977419335586
-0.10540791	-0.16798001	0.3269991	0.382434991405047	0.002454433	-0.00066127502	-0.0026189681	0.458906796786542
-0.10364425	-0.13276353	0.25946098	0.309335231744921	0.0031164817	-0.0011530106	-0.0024468019	0.170815783137108
-0.14591007	-0.13718294	0.28321776	0.346873474243659	0.0027386665	-0.0014840238	-0.0029864008	0.132863374484764
-0.27295041	-0.15722038	0.29449447	0.431215916991817	0.0019999171	-0.0026842906	-0.0049327013	0.352620305197753
-0.25525984	-0.14826832	0.30299412	0.423020705624467	0.0015006248	-0.0028763973	-0.0049420998	0.0701821547259156
-0.173094	-0.15996265	0.32702003	0.403102570386525	0.0011397051	-0.0013552516	-0.0037720291	0.270492874231932
-0.22535421	-0.16551815	0.33379384	0.435429794072583	0.0012349705	-0.0021054623	-0.004296939	0.133108818817242
-0.28214422	-0.15984974	0.29849927	0.440748357283392	0.0013261397	-0.0024808455	-0.0049312186	0.152794589356601
-0.4110332	-0.1526291	0.26927559	0.514541812721666	0.0014622892	-0.0042159249	-0.0066047597	0.342571779347637
-0.4651847	-0.1601562	0.27784086	0.565015359966497	0.0014581913	-0.0045767448	-0.007521236	0.134313573298437
-0.40853591	-0.14643761	0.28537094	0.519405560981516	0.0018200496	-0.0036723814	-0.0069030701	0.172116837868217
-0.42986752	-0.13783039	0.25884019	0.520366740979608	0.001368082	-0.0044726976	-0.0064181083	0.143331858502104
-0.34955135	-0.14120391	0.31357749	0.490362654288447	0.0019308951	-0.0026836342	-0.005449545	0.30444896580575
-0.36149595	-0.16355352	0.32129024	0.510545290929268	0.0012582832	-0.0020968767	-0.0062057598	0.14278616804426
-0.38456908	-0.1776975	0.31829169	0.52988619412224	0.0013337347	-0.0016276051	-0.0066155236	0.0879400046404739
-0.34140345	-0.18378098	0.32647432	0.506870048336973	0.0017733721	-0.0011019005	-0.0060455239	0.134198824134473
-0.36492122	-0.19000718	0.35041669	0.540427684235733	0.0019788975	-0.0017735356	-0.0063065497	0.110595654313673
-0.35456124	-0.20723632	0.37406971	0.5555076175688	0.0014889937	-0.0019620775	-0.0060064072	0.100171549684749
-0.3146753	-0.17608995	0.33447301	0.491833721230613	0.0017333979	-0.0014037388	-0.0055458046	0.173796284403384
-0.34906592	-0.18010335	0.3409951	0.520155641525379	0.0017503888	-0.0019017417	-0.005919787	0.0893749196337098
-0.32609319	-0.17465773	0.35522877	0.512864085551759	0.0019161479	-0.00081448881	-0.0059382721	0.106226871812869
-0.30782982	-0.17079482	0.32816274	0.481270041187245	0.0012787558	-0.00086429181	-0.0053295365	0.113988843990316
-0.27120113	-0.17333526	0.32024811	0.454041867266794	0.0018643726	-0.00044475948	-0.004858476	0.120894240709992
-0.28588477	-0.19878538	0.37977622	0.515243346679203	0.0014538844	-0.00088579686	-0.0049104024	0.144834468676885
-0.27553709	-0.22451166	0.39015577	0.527776182018397	0.0013740879	-3.4518955e-05	-0.0052566931	0.110321763877222
-0.27718282	-0.2179783	0.38641024	0.523123052972147	0.0018870541	-0.0007773231	-0.0049534871	0.0898734360568708
-0.28325953	-0.22885897	0.41360496	0.551073000991596	0.0015264982	-0.00030418651	-0.0054229307	0.109308903966161
-0.28484085	-0.25256392	0.42428688	0.570037016389834	0.0015261395	-0.00055273761	-0.0054846186	0.0514980749675215
-0.27115608	-0.23709762	0.41775071	0.551594558381548	0.0014914856	0.00042831819	-0.0055619787	0.0903407280317878
-0.27059526	-0.26035075	0.41994864	0.563348176528406	0.0012111086	-3.3569511e-05	-0.0052013702	0.0811555397010979
-0.281473	-0.28137531	0.43338883	0.588408865309969	0.00098858416	-8.6434339e-05	-0.0052248908	0.0602879833767092
-0.28427148	-0.23382101	0.39776096	0.541937561310279	0.0014500746	-0.00042762585	-0.0050783022	0.13344417725593
-0.27686691	-0.25776266	0.42602453	0.56973131817107	0.0011431101	-4.3383851e-05	-0.0052324178	0.101875894763927
-0.29769702	-0.23772127	0.41145536	0.560740966222393	0.0007369607	-0.00058317178	-0.0049557499	0.116570930938639
-0.26361599	-0.25131268	0.40558543	0.545115578882816	0.0016274639	0.0013855508	-0.005151696	0.206300946616253
-0.2863891	-0.22655611	0.36577546	0.516854016831981	0.0016053962	0.00086907976	-0.0051790209	0.115632831712925
-0.26540384	-0.19243502	0.38365555	0.504640482180085	0.0015988938	0.001248275	-0.004716877	0.115378516680776
-0.27671983	-0.20091709	0.3423156	0.483861045520981	0.0007182029	0.00051732612	-0.0044939887	0.152864411740235
-0.27234828	-0.21999195	0.41207039	0.540714388562495	0.00024977747	8.1596827e-06	-0.0043106698	0.151246737863031
-0.25422608	-0.22159594	0.37203196	0.502138864895052	0.0015507542	0.0003756503	-0.0046801132	0.161660152569146
-0.23943092	-0.22833908	0.40396769	0.522164529120113	0.0017000776	0.0017284548	-0.0047160662	0.130378069835174
-0.23203871	-0.2166103	0.40746929	0.51652028740182	0.0021135332	0.0016798938	-0.0048602557	0.0529328948462694
-0.14784894	-0.21949597	0.43400846	0.508331715769276	0.0018420128	0.0017683116	-0.0030897578	0.220136403394537
-0.23720278	-0.19469541	0.37272055	0.4827960955798	0.0023533307	0.00050690365	-0.0045490151	0.337041456566333
-0.2442401	-0.19383846	0.37446027	0.487285407981456	0.002686766	1.9820206e-06	-0.0044212369	0.0579407461202396
-0.14713318	-0.17262027	0.36955582	0.433609771992811	0.0026133552	0.0015853773	-0.0028891913	0.282672128207184
-0.18884694	-0.16617194	0.38031553	0.455978270041356	0.0024586108	0.00080578689	-0.0032976482	0.126061384363217
-0.21524102	-0.18310439	0.38662313	0.478887626671341	0.0034095548	-0.00031519846	-0.003177654	0.159230302770207
-0.10534607	-0.22201366	0.44128851	0.505097425007355	0.0023962897	-0.00017625874	-0.001603164	0.339804330695421
-0.15554142	-0.21425288	0.44206112	0.51528192646314	0.0023459953	-0.0012340004	-0.0026958068	0.168762677816628
-0.11086584	-0.20001216	0.4322922	0.489052803700798	0.0033223176	0.00073651861	-0.002283152	0.236660007474331
-0.23138437	-0.20849193	0.4003411	0.507228358734635	0.0032122192	-0.00067530148	-0.0040392969	0.324852552351136
-0.23514507	-0.21751475	0.43523527	0.540403192685647	0.0031152665	-0.0015365367	-0.0035613774	0.11948305943985
-0.1429587	-0.1880363	0.43528709	0.495247100692218	0.0028117171	-0.0011030411	-0.0021146326	0.230906123463395
-0.13090783	-0.17479599	0.45839377	0.507755203272406	0.0037169147	0.0011612908	-0.0030554595	0.253915652532999
-0.085964904	-0.21928989	0.48661734	0.540624135758492	0.0030338081	0.00092890727	-0.002116517	0.21038202508522
-0.091621189	-0.21323034	0.44330568	0.500381400624116	0.0032420373	0.0014378211	-0.0019333122	0.100044886193785
-0.12862839	-0.19517383	0.45275354	0.509532976963604	0.0036424288	0.00021766606	-0.0020878223	0.153264399074131
-0.12663842	-0.20433448	0.45177371	0.511751262024952	0.0036639062	0.0003683287	-0.0019140032	0.0294284069819137
-0.2755705	-0.21834971	0.42373383	0.550605171619195	0.0034362072	-0.0024224541	-0.0044104613	0.466734107278313
-0.25142306	-0.22844495	0.44847708	0.562612070227428	0.0036419373	-0.0012932699	-0.0042426779	0.13412081197249
-0.17091844	-0.20051687	0.48010567	0.547650967910018	0.0036416817	0.0004438531	-0.0034368767	0.26722026798926
-0.13537181	-0.21134611	0.47198222	0.534565170162569	0.0038352275	-0.00017990192	-0.0022391099	0.155252696899364
-0.10260503	-0.20096784	0.48780751	0.537468168088089	0.0034561422	-5.5780282e-05	-0.0015660031	0.117786026147176
-0.10410072	-0.18614585	0.49435095	0.538395857285922	0.0033397489	0.00057201964	-0.0020525532	0.0843982853412608
-0.067436294	-0.22338323	0.50262568	0.554148261198345	0.0031758225	0.00025733764	-0.0011920599	0.149131619598505
-0.088487642	-0.1935275	0.49680702	0.540462923024559	0.0039986085	0.00026979053	-0.0017017628	0.123972826063691
-0.051503436	-0.21847538	0.445342	0.498711933434473	0.002663724	0.00089250512	-0.001374699	0.227630244968518
-0.14961366	0.012050449	0.35720388	0.387458478377686	0.0011154101	-0.00091193884	-0.0021587133	0.623612760023013
-0.14372849	-0.047410223	0.32288289	0.35659356238909	0.002901697	8.9867965e-05	-0.0023507387	0.248672773266183
-0.1132535	-0.12585012	0.43063848	0.46272465724551	0.0021717047	0.0022352475	-0.0029747379	0.391639006861641
-0.087053368	-0.10174524	0.44386224	0.463620610888492	0.0024785165	0.0012160251	-0.0022658551	0.1652746189919
-0.090500343	-0.11076125	0.43882107	0.461543386975293	0.0022304902	0.00067022796	-0.0022949965	0.0586523966294322
-0.079363331	-0.1341703	0.56034391	0.581623164242617	0.00085087351	0.00090967474	-0.0021512667	0.244208559994624
-0.097287602	-0.16350614	0.58646016	0.616550609916036	0.0017046157	0.00079515623	-0.0024156853	0.135010324661956
-0.13430317	-0.13575529	0.55232212	0.584402741674205	0.0026599167	-0.00093854177	-0.0025602576	0.240583010321207
-0.1677457	-0.14956186	0.48848395	0.53770246348957	0.0029895429	-0.001066412	-0.0033049113	0.171194775560785
-0.15448875	-0.093475936	0.50108257	0.532623944679024	0.0028927102	-0.00089810892	-0.0033632925	0.0981173429877619
-0.14627622	-0.094221978	0.47621544	0.507006566989141	0.0036442997	0.00019156055	-0.0035604231	0.135745176904011
-0.034941119	-0.088149409	0.47306219	0.48247179784068	0.0032798182	0.00085016722	-0.0017841332	0.260529811127793
-0.097129806	-0.098852293	0.46963194	0.489653075261576	0.0028833531	0.00031418255	-0.0025573142	0.161603358086437
-0.068467502	-0.081003978	0.47500453	0.486701907539374	0.0033635563	0.00034468835	-0.0021211927	0.0992247335964331
-0.20648781	-0.040850242	0.33886824	0.398920596147595	0.0040979531	-0.0013882074	-0.004188393	0.541034946429894
-0.023564186	-0.031573033	0.37712757	0.379179813978496	0.003498317	-0.0024040188	-3.5708475e-05	0.51886661242511
0.0054098024	-0.038087221	0.45566198	0.457283000321497	0.0025887465	-0.0025073449	-0.00035734314	0.180749148010666
-0.10783683	-0.020692123	0.40605868	0.420643076089502	0.0023722519	-0.0028476682	-0.0018745208	0.283944801021156
-0.14081441	-0.020461905	0.4255379	0.448697996380959	0.0027306695	-0.0038243821	-0.0021309479	0.132264945927791
-0.09748706	-0.034913462	0.40536699	0.418383882669886	0.0045866185	-0.0020586944	-0.0026537721	0.285172836915384
-0.035327819	-0.053027711	0.46811434	0.472430977226125	0.0036250629	-0.0022650641	-0.0013170514	0.26825313315351
-0.098372084	0.0068721	0.37356048	0.386356991507522	0.0054391219	-0.00094654566	-0.0027939695	0.447972689075963
-0.011302211	-0.035862556	0.42354417	0.425209979701007	0.0048141862	-0.0012270794	-0.0011664573	0.306437291464394
-5.0682388e-05	-0.024462388	0.4403796	0.44105850302599	0.004250987	-0.00079534193	-0.0011770575	0.0897639695721689
0.0019062808	-0.020980404	0.41471959	0.415254319168699	0.0047672375	-0.0016952998	-0.00068540414	0.126492041635229
-0.015281415	-0.013497255	0.42076183	0.421255522363667	0.0056344382	-0.0027117208	-0.0010425818	0.142753049158728
-0.026488777	-0.044880953	0.41952742	0.422751950180008	0.0045560422	-0.0023888423	-0.0011796566	0.120742932311785
0.0050359349	-0.052201993	0.47434562	0.477235975096884	0.0037491194	-0.0021864267	-0.00075294373	0.165466514126254
-0.051444349	-0.012283904	0.40008848	0.403569333783212	0.0054836393	-0.0035848422	-0.00068976965	0.330460970330518
0.06208043	-0.023234885	0.42452092	0.429664812601165	0.0055493383	-0.0027159215	0.00034996621	0.247625974290946
-0.028134093	-0.044415936	0.45583335	0.458855473468402	0.0055081624	-0.0026788325	-0.0014327672	0.235757907696054
-0.036596221	-0.025177156	0.40916876	0.41157289358711	0.0056676234	-0.0033184144	-0.0008040898	0.145751511928832
-0.060604509	-0.042250751	0.38595687	0.392964041575552	0.0050683462	-0.0039664173	-0.0010283709	0.137871831961243
-0.0089820702	-0.058683762	0.42304724	0.427192496164397	0.0042549454	-0.0019621802	-0.0010134	0.246776241906002
-0.017424942	-0.0064746116	0.41236979	0.412788557137572	0.0052239088	-0.002429031	-0.00095853607	0.145863376592364
-0.016529681	-0.03411952	0.41820149	0.419916489599078	0.0056725536	-0.0021587823	-0.00076312584	0.0800870556552012
-0.017009845	-0.035514643	0.34991032	0.352119094535988	0.0045179872	-0.0023941891	-0.00061779478	0.146931666760043
-0.00094687473	-0.068059285	0.46708244	0.472015856304446	0.0024590058	-0.0011132762	-0.00111975	0.357872185442982
0.0044660073	-0.069494555	0.53355563	0.538080894197655	0.0028926816	-0.00063236634	-0.0014737971	0.136752979535906
0.0024493354	-0.11054002	0.5410595	0.55224132207374	0.0012543449	-0.00049736263	-0.0014279433	0.141525708233138
-0.018274999	-0.11868145	0.61711893	0.628693117448328	-0.0010320089	-0.001959555	-0.0009657666	0.315461306282047
0.0092616259	-0.12638234	0.6302243	0.642838192618233	-0.00054053446	-0.0010539564	-0.0014657092	0.143193664845082
-0.026770883	-0.085838878	0.63867436	0.644972814368411	0.0015207019	-0.00085127827	-0.0020461483	0.227243691730321
0.04187558	-0.089500919	0.58933735	0.597563796432819	0.002537776	-0.00051371643	-0.0012274579	0.230311827584798
0.1091083	-0.04530046	0.59469712	0.606317917714293	0.0022614625	-1.9791544e-05	-0.00048329557	0.192512983646468
0.078416521	-0.029655471	0.56435121	0.570544376849373	0.0023054458	-0.00035561825	-0.00040041375	0.0998172692197316
0.087286585	-0.0045973589	0.5289934	0.536166113134146	0.0029576778	0.00041666253	-0.00069785796	0.155383834007539
0.063077504	0.017474189	0.48349202	0.48790229779717	0.0029260997	-0.00029385778	-0.00065720081	0.130919786152506
0.055046722	0.016442098	0.52044272	0.523603961969908	0.0021811396	0.00028516244	-0.00083315546	0.121010320222917
0.047236989	0.026140917	0.52073264	0.523523794141925	0.0028827248	0.00040757618	-0.00087202169	0.060941729776607
0.064012103	0.014558395	0.52283748	0.526942621817792	0.0029273737	0.00040033995	-0.00074315541	0.0395000464953554
0.0033281708	-0.01201708	0.52386659	0.524014972162846	0.0027266265	-0.00090689428	-0.0014110527	0.197082447908516
0.048839669	-0.029455821	0.59581974	0.598543332794278	0.0018506118	-0.00010913918	-0.0010859131	0.234848856670147
0.054234229	-0.0050207108	0.60146765	0.603928715270837	0.0027344349	0.00073688597	-0.0014061223	0.13798044993172
0.057469546	-0.029290216	0.6120864	0.615475772501024	0.0020046871	0.00030470701	-0.0011513844	0.108956804187779
0.046438386	-0.010452855	0.61089071	0.612742397289628	0.0016510487	0.00073950745	-0.0015614941	0.0909916375929125
0.061360945	-0.0070923485	0.61230859	0.615416343922004	0.0020359939	0.00070040991	-0.0012408937	0.0569331023123859
0.019694613	0.017983765	0.58685304	0.587458751013241	0.0026608617	2.6163366e-05	-0.0019459573	0.192406890822914
0.011956558	0.010294537	0.59403049	0.594239985040465	0.0020399496	-1.9914779e-05	-0.0020923276	0.0632727597445518
0.058256021	0.0036636522	0.60865833	0.611450855759139	0.0025506735	0.00093670539	-0.001370337	0.177024918364597
0.067093734	0.0076992926	0.61914552	0.622817808981626	0.002122376	0.00090659032	-0.0011285975	0.0583681467068324
0.03510439	-0.013531924	0.64697222	0.648065185468362	0.0017379179	0.00070963763	-0.0018042946	0.143902654322986
0.029132624	0.0036974908	0.64667968	0.647346112789939	0.0020706254	0.00029816665	-0.0019056742	0.0657716245759662
0.074464188	-0.031902991	0.64135447	0.646450518074065	0.0014671122	0.0005841759	-0.0011221718	0.16990849679128
0.076152101	-0.035682394	0.67567518	0.680888628629028	0.0014185742	0.00048179054	-0.0010438843	0.0512485689965262
0.045404931	-0.010699285	0.66443115	0.666066690016059	0.0018420321	0.00070055174	-0.0016257671	0.128179403409541
0.072906763	-0.0099962513	0.67897863	0.682954830957266	0.0020290216	0.0014291966	-0.0014130784	0.0991684978603877
0.055203014	-0.026973785	0.64964823	0.652547148161758	0.0012408087	0.0011429564	-0.0016835646	0.131258646589703
0.056102941	0.013723153	0.60362063	0.60637754730754	0.0019466851	0.0011895703	-0.0015580431	0.131525054262938
0.035450834	-0.011373244	0.52675765	0.528071713069259	0.0012491147	0.00088703591	-0.0016329277	0.176360952734269
-0.0097633586	-0.0072120432	0.46141566	0.461575289667359	0.0016277919	0.0012404822	-0.0023968207	0.189518206766226
0.012302424	0.041527221	0.4794282	0.481380575714786	0.0014652993	0.0018229116	-0.0019486625	0.148471596191927
0.0021799032	0.021213893	0.51926589	0.519703613371765	0.001881828	0.0021544879	-0.0023673742	0.128614373420565
0.006820029	0.011318731	0.55634967	0.55650658736094	0.001732257	0.0019903333	-0.0024778442	0.0728288477810048
0.0053030476	-0.023577649	0.53767854	0.538221367304148	0.0018880407	0.0016939236	-0.0025703382	0.0823188613362206
0.0056400608	-0.02521931	0.59300535	0.593568167114213	0.0008221125	0.0017471672	-0.0025032796	0.11661700167591
0.0045396391	-0.026487889	0.55163871	0.552292932199298	0.0015610002	0.0020525629	-0.0025638056	0.0989761097997825
0.00052949426	-0.023290938	0.59228588	0.592743883818691	0.00066311249	0.0017056668	-0.0023182939	0.122369039714121
0.018464049	-0.061971543	0.61401866	0.61741421110586	0.00042171476	0.0019808839	-0.0022138489	0.109400931164891
0.0076270417	-0.024284315	0.5895504	0.590099630452581	0.0015510208	0.0025071538	-0.0026162323	0.175890458860111
0.0018510187	-0.02112514	0.57912645	0.579514575226413	0.0013825992	0.0022522999	-0.0022734703	0.0576610228716668
-0.022117962	-0.025735166	0.61389607	0.614833219477873	0.001428375	0.0020770633	-0.0024091005	0.0811807566833916
-0.00967116	-0.010851345	0.56192585	0.562113817587041	0.0014266854	0.0020697029	-0.0022256005	0.0889283429871266
-0.0087382942	-0.035763964	0.64581652	0.646865052705299	0.001052515	0.001757784	-0.0020420425	0.153218519614755
0.0037850497	-0.017309252	0.6060673	0.606326239688933	0.00074347443	0.0026256277	-0.0020201104	0.130668092976782
0.018111274	-0.028114381	0.59905749	0.599990260745969	0.0015866734	0.0031174545	-0.0019735032	0.101222810302974
0.011616052	-0.014651546	0.58467502	0.584973913500643	0.0014197006	0.0030606214	-0.0021943292	0.0565721219674851
0.012999037	-0.01929345	0.60404892	0.60449674104084	0.0014562862	0.0027015216	-0.0020039442	0.0547023088890486
-0.0053839456	-0.0091676604	0.56660594	0.566705676794151	0.0021984818	0.0023878938	-0.0025628364	0.146687530920278
-0.07380833	-0.0061087618	0.5530561	0.557992864018285	0.0024146356	0.0015020475	-0.0032339464	0.173688625901033
-0.059644135	0.0052845811	0.52501688	0.528420357217845	0.0019739814	0.00091395157	-0.0024834152	0.142560822917222
-0.01019941	0.014168406	0.56996792	0.570235215960971	0.0013207431	0.0022137641	-0.0021546325	0.217371261170124
0.014995015	0.030539088	0.5726374	0.573647172266614	0.0019824494	0.0027854355	-0.0015818926	0.134540465615761
-0.017513483	0.022805681	0.57456327	0.575282341468742	0.0017787389	0.0018408056	-0.0017909535	0.110037838207274
-0.09834635	0.035182244	0.55615272	0.565875995969609	0.0018914439	0.0016696896	-0.0035603344	0.214280063446129
-0.028915185	0.042861042	0.5756987	0.578015700501812	0.002092259	0.0018215902	-0.0020007536	0.192270760073001
-0.08592199	0.013307816	0.59078413	0.597147866606008	0.001564248	0.0020632736	-0.0032777744	0.203981216325278
-0.12243557	0.036993603	0.54108625	0.555997594781856	0.0025509246	0.0014775177	-0.0037979595	0.214528124286882
-0.095679104	0.023756272	0.60638618	0.614347662725735	0.0014168831	0.001103003	-0.0029493588	0.223151567579039
-0.037216783	-0.0053812227	0.62188169	0.623017562233901	0.0014388038	0.0027636415	-0.0025471677	0.207332831023658
-0.013300612	-0.0022334341	0.64438003	0.644521153702696	0.0018248797	0.0025755821	-0.0020992424	0.100665329279025
-0.039412038	-0.02295097	0.61721098	0.618893730454441	0.0010018512	0.001702848	-0.0020319547	0.162150524353052
-0.005085161	-0.0087304483	0.67914141	0.67921655925537	0.001686812	0.0028328371	-0.001733323	0.21615690496906
-0.05845256	0.0047187636	0.55046405	0.553578936415457	0.0018200779	0.0015731668	-0.0021890279	0.287926021533734
-0.075129316	0.026748443	0.55702113	0.562701015275456	0.0020925773	0.001879074	-0.0028719972	0.10833230963452
-0.10298024	0.025290628	0.5466697	0.55685932388098	0.0021255109	0.0011873175	-0.0032261421	0.0936019182177577
-0.061862455	-0.043274853	0.66660531	0.670866838918868	0.0011056664	0.001422259	-0.0021280957	0.347260491004975
-0.0060257266	-0.00675268	0.64558028	0.645643714437861	0.0020554272	0.0030211481	-0.0021855611	0.243689686099185
0.006707006	-0.0035824443	0.56714264	0.567193610632927	0.0024975016	0.0027745131	-0.0020931385	0.133397208087111
-0.020620305	-0.02977983	0.60606279	0.607144250302765	0.0020240391	0.0017278446	-0.0020431549	0.170950574089791
-0.0056658118	0.022467178	0.5987097	0.599157892700018	0.002390908	0.0027475855	-0.0024124014	0.16234740378308
0.015784775	-0.00012485999	0.58965938	0.589870629149988	0.0025777668	0.0028941668	-0.0017705006	0.101859989218832
-0.034971163	0.007703286	0.58383019	0.584927357551522	0.002613942	0.0021902978	-0.0025403931	0.139910107312691
0.0044899772	0.0086275411	0.57726374	0.577345667585266	0.0022828491	0.0028140343	-0.0019857189	0.12242702436331
-0.027436087	-0.014785406	0.58267455	0.583507479230694	0.002635703	0.0026107368	-0.0023290298	0.105722936106671
-0.073418181	0.017575804	0.50816678	0.513743724519496	0.0030625369	0.0012389356	-0.0024561205	0.249137358455573
-0.079993605	-0.014372105	0.56266356	0.568503136310523	0.002411449	0.001482104	-0.0029598846	0.162921132128689
-0.065748126	-0.0025253552	0.6867105	0.689855422752948	0.0017999094	0.0021637899	-0.0025672847	0.234430437537513
-0.073287274	0.017561288	0.62030405	0.624865215716936	0.0012056556	0.0021469904	-0.0024883868	0.128529800761773
-0.037954787	-0.027307081	0.66588985	0.667529426214289	0.00031355529	0.002589253	-0.0020896998	0.212439149708649
-0.056033138	-0.0013497087	0.58650629	0.589178379166502	0.0015674212	0.0023038825	-0.0021145978	0.201625999644672
-0.053084893	-0.039193907	0.60987796	0.613437278215555	0.0017887913	0.0025405579	-0.002225167	0.0925948482469639
-0.032710036	-0.033472707	0.65455465	0.656225691668386	0.0019165836	0.0025808613	-0.0026013809	0.0979882268845821
-0.043607452	-0.070051766	0.66532865	0.67042603790461	0.00074746304	0.002769648	-0.002829934	0.137573489631935
-0.040708618	-0.095524873	0.87901554	0.885127399023795	-0.00096869391	0.0027982453	-0.0024698192	0.347302272872625
-0.059813707	-0.093440866	0.88366682	0.89060424642645	-1.4465708e-05	0.0031620263	-0.0026981408	0.103156914164754
-0.10760445	-0.028837945	0.89701756	0.903908650074762	0.00096099118	0.0027581429	-0.0039131912	0.255463932591913
-0.058998343	-0.0058082336	0.79123432	0.793452134158174	0.00074460278	0.0034141283	-0.0033018468	0.251604967314794
-0.059267099	-0.014843725	0.81830827	0.820585979618312	-3.4924216e-06	0.0034227106	-0.0026910028	0.104754271132929
-0.05754522	0.015539437	0.7878255	0.790077176545036	8.0066862e-07	0.0024505236	-0.0022608434	0.132919783430884
-0.059661515	0.028004061	0.81278409	0.81545183840722	0.00064308851	0.0021219607	-0.0026441756	0.107248655325744
-0.11547561	-0.012156394	0.77326803	0.781937235742125	-0.00011660828	0.00076135578	-0.0029541725	0.257005534276969
-0.037968032	0.0076857225	0.82543959	0.826348085569071	0.00041790792	0.0022072363	-0.0022574748	0.283375968180002
-0.12052052	0.0025276197	0.82726317	0.835999962345015	-0.00027861309	0.00049112256	-0.0033124182	0.262913064620838
0.044806137	-0.0081446067	0.85281799	0.854033048891435	-0.0010721182	0.0026904711	-0.00030187028	0.501723701850069
0.091000313	0.03872769	0.79414646	0.800280882483997	-0.00036794233	0.0019094461	0.00078166644	0.280174877829732
0.14364817	0.01778797	0.77320776	0.786639338417097	5.7223486e-05	0.0028094586	0.0015615974	0.199781738132684
-0.14651077	0.015495559	0.72209431	0.736970630764274	0.00096872153	0.00022786274	-0.0025090679	0.721752583252306
-0.013364188	0.026623555	0.72695164	0.727561751400132	0.0013170245	0.00057881347	-0.00015898239	0.301598841281728
-0.019209475	0.021443596	0.7495195	0.750072204937256	0.0011487862	0.0019182422	-0.00053891439	0.127973052369516
-0.029356313	0.032295063	0.78099569	0.78221418550529	0.001287907	0.0024983181	-0.001238105	0.12339385937564
-0.094142465	0.037181158	0.7312405	0.738212646238702	0.0021126844	0.00042919902	-0.0023789142	0.321162698282946
-0.21529505	0.015329155	0.70299017	0.735378895987739	0.0003723486	-0.00059443727	-0.0036825311	0.374634349668623
0.0042425021	0.024098963	0.76490888	0.765300172183829	0.00046349716	0.0019940608	-0.00055495286	0.580587213729796
-0.13553851	0.019793874	0.78583761	0.797686175404501	0.0016679899	0.0011826042	-0.0026357901	0.369854136575881
-0.15099796	0.037303662	0.67660989	0.694257078011153	0.0012567652	0.0013394734	-0.0029302773	0.185326012793876
-0.14751776	0.036467867	0.66262831	0.679829149163526	0.0016042437	0.0010347522	-0.0027899055	0.0579261498478838
-0.047431085	0.027576511	0.75937862	0.761358036863285	0.0010093472	0.00210135	-0.0013918862	0.358704012341043
-0.079337616	0.033391118	0.7193371	0.72446896932185	0.0008977581	0.0021212167	-0.0018234881	0.105915542829591
-0.063556217	-0.017259148	0.77661676	0.779404171673423	0.00029122233	0.0018859947	-0.0018130437	0.166321433008017
-0.055807262	-0.0062396758	0.78918038	0.791175742943987	0.0020399703	0.0011161804	-0.001382806	0.178772033442246
-0.029459656	-0.033198274	0.8000376	0.801267844195671	0.00012434424	0.0019771565	-0.0013561611	0.204325761225274
-0.043444377	-0.01041496	0.8132606	0.814486764040448	0.00036756899	0.0029537997	-0.0015763263	0.121992690507054
-0.088928608	0.021869073	0.7438086	0.749424970966845	0.0013817488	0.001298642	-0.0025104497	0.327393296182018
-0.12826518	0.0073268302	0.81298378	0.823072454516794	0.0019962457	0.0015083863	-0.0029279575	0.185141444145746
-0.096843061	0.032799474	0.75543389	0.762321943878739	0.0012608378	0.0025345304	-0.0029040562	0.203717314720331
-0.10248485	0.0064822355	0.80234759	0.808892340818856	0.0008781827	0.0017879947	-0.0021679167	0.172139240685414
-0.068417621	-0.013578333	0.75458798	0.757804962738328	0.00030837812	0.0012172692	-0.0012250496	0.206057263981019
-0.060328715	0.0073148511	0.83899199	0.841190002427707	-0.0001127033	0.0028192546	-0.0018260272	0.244588311927113
-0.15707704	0.14912164	0.80444391	0.833090910013751	0.0031260961	0.0012560912	-0.0043660854	0.640204131020478
-0.096952691	0.1327003	0.68188995	0.701415068146696	0.0026483909	0.0015884783	-0.0031395878	0.300929139852601
-0.09128727	0.093751496	0.76472389	0.77583847326813	0.0021008108	0.001931502	-0.0028154446	0.1881855145029
-0.078929548	0.022487784	0.83873156	0.842737327829229	0.0014230294	0.0018210624	-0.0024835357	0.213635598272342
-0.041879524	0.053537879	0.79290859	0.795816706983507	0.0020682129	0.002392376	-0.0024626817	0.175790643051978
-0.053892104	-0.014077737	0.90982379	0.911527218684419	-0.00029289073	0.001547256	-0.0021105411	0.374461578729211
